#Line   Symbol
 3417.9
 3447.7
3530.39
3593.64
 3694.2
3809.46
3850.58
3868.53
3994.79
4052.92
4072.09
4103.91
4131.72
4190.71
 4300.1
4510.73
 4589.9
4806.02
4847.81
4965.08
5105.54
 5218.2
5330.78
5400.56
5764.42
5820.16
5852.49
5881.9
5944.83
5975.53
6030.
6074.34
6096.16
6143.06
6163.59 
6217.28
6266.5
6304.79
6334.43
6382.99
6402.25
6598.95
 6678.2
 6717.04
 6929.47
 7032.41
 7173.94
 7245.17
 7272.94
 7383.98
 7438.9
 7635.11
 7723.8
 7948.18
 8264.52
 8300.33
 8591.26
 8634.65
 8853.87
  8919.5
 9122.97
  9224.5
 9354.22
 9425.38
 9486.68
 9657.78
  9784.5
