#    LAMBDA    FLUX
3000.09 4.045899899829397E-13 1.0
3001.46 4.155500000092155E-13 1.0
3002.83 4.4517999855074597E-13 1.0
3004.2 4.4201000823883285E-13 1.0
3005.57 4.25939990743307E-13 1.0
3006.94 4.3918999838819806E-13 1.0
3008.31 4.5236999367780084E-13 1.0
3009.68 4.5022999542974895E-13 1.0
3011.05 4.514399921592971E-13 1.0
3012.42 4.409400091148069E-13 1.0
3013.8 4.301800072843004E-13 1.0
3015.17 4.1758000594686873E-13 1.0
3016.54 4.077800109299895E-13 1.0
3017.91 3.7828000822894003E-13 1.0
3019.28 3.9117000654245726E-13 1.0
3020.65 4.478000002056115E-13 1.0
3022.02 4.460799947741262E-13 1.0
3023.39 4.34079990918948E-13 1.0
3024.76 4.474299891091965E-13 1.0
3026.13 4.63869990596083E-13 1.0
3027.5 4.4899999517011846E-13 1.0
3028.87 4.3784000405312773E-13 1.0
3030.24 4.4441999993288794E-13 1.0
3031.61 4.555000040346036E-13 1.0
3032.98 4.584100026655547E-13 1.0
3034.35 4.5168000741523107E-13 1.0
3035.72 4.3872999851146677E-13 1.0
3037.09 4.556900104653316E-13 1.0
3038.46 4.4267999097132027E-13 1.0
3039.83 4.314499874990413E-13 1.0
3041.2 4.4405999060151413E-13 1.0
3042.57 4.519299973311519E-13 1.0
3043.94 4.526999977140511E-13 1.0
3045.31 4.4099999259999967E-13 1.0
3046.68 4.505800029960816E-13 1.0
3048.05 4.625800068512598E-13 1.0
3049.42 4.657999788833245E-13 1.0
3050.79 4.645900092588306E-13 1.0
3052.16 4.5063998648127435E-13 1.0
3053.53 4.467600063767091E-13 1.0
3054.9 4.2293000156699845E-13 1.0
3056.27 4.1208001095617564E-13 1.0
3057.64 4.314000057788897E-13 1.0
3059.01 4.4873000172411526E-13 1.0
3060.38 4.4405999060151413E-13 1.0
3061.75 4.2918999517554957E-13 1.0
3063.12 4.1253000906786574E-13 1.0
3064.49 3.954299995084787E-13 1.0
3065.82 4.215900089969693E-13 1.0
3068.57 4.34450002015363E-13 1.0
3071.31 4.367600031640606E-13 1.0
3074.06 4.3987000999078096E-13 1.0
3076.81 4.422099893295478E-13 1.0
3079.55 4.5081999114696125E-13 1.0
3082.3 4.483899959228238E-13 1.0
3085.04 4.3054999127566107E-13 1.0
3087.79 4.14060008068623E-13 1.0
3090.54 4.10729989516051E-13 1.0
3093.28 4.1292999835434996E-13 1.0
3096.03 4.0512000221495925E-13 1.0
3098.78 4.1061999720565234E-13 1.0
3101.52 4.3286999418939986E-13 1.0
3104.27 4.4917999983580537E-13 1.0
3107.01 4.570899865205535E-13 1.0
3109.76 4.594100165393467E-13 1.0
3112.51 4.5165000212010753E-13 1.0
3115.25 4.3237998901754504E-13 1.0
3118 4.2915998988042603E-13 1.0
3120.75 4.3727998652598465E-13 1.0
3123.49 4.3861000443602693E-13 1.0
3126.24 4.4427000056232457E-13 1.0
3128.99 4.4327998845357375E-13 1.0
3131.73 4.507500058967273E-13 1.0
3134.48 4.53579990407349E-13 1.0
3137.22 4.4886999932963745E-13 1.0
3139.97 4.356299934497876E-13 1.0
3142.72 4.3300999179492206E-13 1.0
3145.46 4.535699886423078E-13 1.0
3148.21 4.578399833733704E-13 1.0
3150.96 4.4731999679879786E-13 1.0
3153.7 4.354100088289903E-13 1.0
3156.45 4.23850001320461E-13 1.0
3159.2 4.2893000349458754E-13 1.0
3161.94 4.481200024768206E-13 1.0
3164.69 4.573200000114463E-13 1.0
3167.44 4.706699982016949E-13 1.0
3170.18 4.782699843802751E-13 1.0
3172.93 4.66719978636787E-13 1.0
3175.68 4.384500033004224E-13 1.0
3178.42 4.238600030855022E-13 1.0
3181.17 4.369000007695828E-13 1.0
3183.92 4.4946999681189093E-13 1.0
3186.66 4.4995000021870457E-13 1.0
3189.41 4.3651998790812663E-13 1.0
3192.16 4.426200074861275E-13 1.0
3194.91 4.565499996285471E-13 1.0
3197.65 4.686399922640416E-13 1.0
3200.4 4.767400124845722E-13 1.0
3203.15 4.786799754318005E-13 1.0
3205.89 4.63809980005836E-13 1.0
3208.64 4.4043000041286973E-13 1.0
3211.39 4.3654999320325016E-13 1.0
3214.13 4.4860000588363425E-13 1.0
3216.88 4.608999813748849E-13 1.0
3219.63 4.610299772153659E-13 1.0
3222.37 4.5186001208091797E-13 1.0
3225.12 4.352700112234681E-13 1.0
3227.87 4.332999887710076E-13 1.0
3230.62 4.3325000705085603E-13 1.0
3233.36 4.353099911785785E-13 1.0
3236.11 4.5254999834348775E-13 1.0
3238.86 4.619600058389239E-13 1.0
3241.6 4.669800245278577E-13 1.0
3244.35 4.629400161826336E-13 1.0
3247.1 4.589800219577389E-13 1.0
3249.84 4.638200088759314E-13 1.0
3252.59 4.773899916869773E-13 1.0
3255.34 4.93029987495841E-13 1.0
3258.09 4.913999979497263E-13 1.0
3260.83 4.91249998579163E-13 1.0
3263.58 4.890899968010287E-13 1.0
3266.33 4.91899977781568E-13 1.0
3269.08 4.86130016449926E-13 1.0
3271.82 4.802100015376121E-13 1.0
3274.57 4.713100027441131E-13 1.0
3277.32 4.763800031531984E-13 1.0
3280.06 4.879300088966865E-13 1.0
3282.81 4.866499998118501E-13 1.0
3285.56 4.870100091432239E-13 1.0
3288.31 5.014199775874029E-13 1.0
3291.05 5.088999967955976E-13 1.0
3293.8 5.104500264314915E-13 1.0
3296.55 5.102899981908326E-13 1.0
3299.3 5.048300102603043E-13 1.0
3302.04 4.969400000005841E-13 1.0
3304.79 4.949099940629309E-13 1.0
3307.54 5.040299774772272E-13 1.0
3310.29 5.049800096308676E-13 1.0
3313.03 4.989399735380595E-13 1.0
3315.78 4.971700134914769E-13 1.0
3318.53 4.892599997016744E-13 1.0
3321.28 4.875699995653127E-13 1.0
3324.02 4.915299937902073E-13 1.0
3326.77 4.914600085399734E-13 1.0
3329.52 4.955400239453622E-13 1.0
3332.27 4.900099965544913E-13 1.0
3335.01 4.860200241395274E-13 1.0
3337.76 4.822899891954169E-13 1.0
3340.51 4.901100142049031E-13 1.0
3343.26 4.901700247951501E-13 1.0
3346 4.724899941785377E-13 1.0
3348.75 4.869700020830592E-13 1.0
3351.5 4.984899754263694E-13 1.0
3354.25 4.97430005172439E-13 1.0
3356.99 4.780299962293955E-13 1.0
3359.74 4.79560022335207E-13 1.0
3362.49 4.939899943094683E-13 1.0
3365.24 4.833399847893605E-13 1.0
3367.98 4.704399847108021E-13 1.0
3370.73 4.790700171633522E-13 1.0
3373.48 4.972699769317801E-13 1.0
3376.23 4.799799880467193E-13 1.0
3378.98 4.773499846268126E-13 1.0
3381.72 4.911899879889159E-13 1.0
3384.47 4.979800209345409E-13 1.0
3387.22 4.954600098250328E-13 1.0
3389.97 4.846199938741969E-13 1.0
3392.71 4.955700021354315E-13 1.0
3395.46 5.150100181386397E-13 1.0
3398.21 5.09920014199472E-13 1.0
3400.96 4.93770009688671E-13 1.0
3403.71 4.87590003095395E-13 1.0
3406.45 4.890299862107816E-13 1.0
3409.2 4.905800158466755E-13 1.0
3411.95 4.898100154637763E-13 1.0
3414.7 5.018100193189545E-13 1.0
3417.45 5.079700223821482E-13 1.0
3420.19 4.99950016281947E-13 1.0
3422.94 5.015600022979794E-13 1.0
3425.69 5.102299876005856E-13 1.0
3428.44 5.163099765434498E-13 1.0
3431.18 5.12899998080657E-13 1.0
3433.93 5.081599746027676E-13 1.0
3436.68 4.882799893579648E-13 1.0
3439.43 4.740400238144316E-13 1.0
3442.18 4.828200014274364E-13 1.0
3444.92 5.026300014220053E-13 1.0
3447.67 5.045700185793422E-13 1.0
3450.42 5.019400151594355E-13 1.0
3453.17 5.092600061269714E-13 1.0
3455.92 5.021399962501505E-13 1.0
3458.66 4.990700235886492E-13 1.0
3461.41 5.06130022875223E-13 1.0
3464.16 5.086400051146356E-13 1.0
3466.91 5.136900019936386E-13 1.0
3469.66 5.035000194553163E-13 1.0
3472.41 4.882799893579648E-13 1.0
3475.15 4.986099966068636E-13 1.0
3477.9 5.138400013642019E-13 1.0
3480.65 5.122500188782519E-13 1.0
3483.4 5.121000195076886E-13 1.0
3486.15 4.993700223297759E-13 1.0
3488.89 4.919900207719929E-13 1.0
3491.64 4.943399747707466E-13 1.0
3494.39 4.956100091955962E-13 1.0
3497.14 5.06200008125457E-13 1.0
3499.89 5.098800071393073E-13 1.0
3502.63 5.068299837977797E-13 1.0
3505.38 5.052499759718165E-13 1.0
3508.13 4.980099991246101E-13 1.0
3510.88 4.951899892739753E-13 1.0
3513.63 5.041799768477906E-13 1.0
3516.38 5.061399975352099E-13 1.0
3519.12 4.96490001888894E-13 1.0
3521.87 4.873199825443375E-13 1.0
3524.62 4.879900194869335E-13 1.0
3527.37 5.068000056077104E-13 1.0
3530.12 5.125900246795434E-13 1.0
3532.86 5.173799756674757E-13 1.0
3535.61 5.201799819880282E-13 1.0
3538.36 5.193300216949082E-13 1.0
3541.11 5.263100068611526E-13 1.0
3543.86 5.304699821767622E-13 1.0
3546.61 5.302200193658957E-13 1.0
3549.35 5.270400001838871E-13 1.0
3552.1 5.207200230901432E-13 1.0
3554.85 5.165300153743557E-13 1.0
3557.6 5.227800072178657E-13 1.0
3560.35 5.188400165230533E-13 1.0
3563.1 5.00020001532181E-13 1.0
3565.84 4.912599732391498E-13 1.0
3568.59 4.815300176826132E-13 1.0
3571.34 4.895800019728835E-13 1.0
3574.09 4.987100142572753E-13 1.0
3576.84 4.984100155161486E-13 1.0
3579.59 4.884999739787621E-13 1.0
3582.34 4.741100090646655E-13 1.0
3585.08 4.716900156055692E-13 1.0
3587.83 4.955700021354315E-13 1.0
3590.58 5.12029980047346E-13 1.0
3593.33 5.165799970945073E-13 1.0
3596.08 5.222200167957769E-13 1.0
3598.83 5.166099752845765E-13 1.0
3601.57 5.026399760819922E-13 1.0
3604.32 5.014300064574984E-13 1.0
3607.07 4.983500049259015E-13 1.0
3609.82 5.032799806244104E-13 1.0
3612.57 5.064899779964882E-13 1.0
3615.32 5.007900019150802E-13 1.0
3618.06 5.031200065938601E-13 1.0
3620.81 5.15230002759437E-13 1.0
3623.56 5.247900096254365E-13 1.0
3626.31 5.168999993657164E-13 1.0
3629.06 4.985000042964649E-13 1.0
3631.81 5.073599960297992E-13 1.0
3634.56 5.175200003780522E-13 1.0
3637.3 5.187399988726416E-13 1.0
3640.05 5.092299737267936E-13 1.0
3642.8 5.082799957832618E-13 1.0
3645.55 5.091700173466551E-13 1.0
3648.3 5.161399736428041E-13 1.0
3651.05 5.287999855704828E-13 1.0
3653.8 5.368599987308487E-13 1.0
3656.54 5.382500001260837E-13 1.0
3659.29 5.381099754155072E-13 1.0
3662.04 5.368199916706839E-13 1.0
3664.79 5.34290005901189E-13 1.0
3667.54 5.31700009541447E-13 1.0
3670.29 5.367999881406016E-13 1.0
3673.04 5.271000107741342E-13 1.0
3675.78 5.163400089436276E-13 1.0
3678.53 5.165500189044381E-13 1.0
3681.28 5.138899830843535E-13 1.0
3684.03 5.103799869711489E-13 1.0
3686.78 5.231099841490616E-13 1.0
3689.53 5.352599873748032E-13 1.0
3692.28 5.371599974719754E-13 1.0
3695.02 5.394000133704391E-13 1.0
3697.77 5.433499787252383E-13 1.0
3700.52 5.226399825072892E-13 1.0
3703.27 5.059800235046596E-13 1.0
3706.02 5.181600049204704E-13 1.0
3708.77 5.18950008833452E-13 1.0
3711.52 5.429500165438084E-13 1.0
3714.26 5.667099818931765E-13 1.0
3717.01 5.270800072440518E-13 1.0
3719.76 5.002900220832385E-13 1.0
3722.51 5.466700226178234E-13 1.0
3725.26 5.721399916336356E-13 1.0
3728.01 5.514299954156865E-13 1.0
3730.76 4.934700109475443E-13 1.0
3733.51 4.8545997950733E-13 1.0
3736.25 5.539999882453461E-13 1.0
3739 5.886099984156457E-13 1.0
3741.75 5.657400004195623E-13 1.0
3744.5 5.152500062895193E-13 1.0
3747.25 4.7717000706618E-13 1.0
3750 5.31830005381928E-13 1.0
3752.75 5.925800215106358E-13 1.0
3755.49 6.042400195645226E-13 1.0
3758.24 6.056199920896621E-13 1.0
3760.99 6.086900189612721E-13 1.0
3763.74 5.74939997954188E-13 1.0
3766.49 5.145499911568541E-13 1.0
3769.24 5.119399912670297E-13 1.0
3771.99 5.819700190506927E-13 1.0
3774.74 6.423700005080135E-13 1.0
3777.48 6.758599756240269E-13 1.0
3780.23 6.869000268756864E-13 1.0
3782.98 6.709900105157651E-13 1.0
3785.73 6.529800029679567E-13 1.0
3788.48 6.341199809169196E-13 1.0
3791.23 5.791900162602226E-13 1.0
3793.98 5.046800108897409E-13 1.0
3796.73 5.069999866984254E-13 1.0
3799.47 5.95529972991643E-13 1.0
3802.22 6.47760003188308E-13 1.0
3804.97 6.67409974942218E-13 1.0
3807.72 6.887500010425984E-13 1.0
3810.47 6.771399847088633E-13 1.0
3813.22 6.712299986666448E-13 1.0
3815.97 6.783700120735481E-13 1.0
3818.72 6.656000078354707E-13 1.0
3821.46 6.509700005603858E-13 1.0
3824.21 6.19860011843304E-13 1.0
3826.96 5.815200209390026E-13 1.0
3829.71 5.176499962185332E-13 1.0
3832.46 4.653200025815651E-13 1.0
3835.21 4.947199876322028E-13 1.0
3837.96 5.767599939310308E-13 1.0
3840.7 6.438000089634133E-13 1.0
3843.45 6.799599945594981E-13 1.0
3846.2 7.011500212893151E-13 1.0
3848.95 7.134899767356762E-13 1.0
3851.7 7.199800109401744E-13 1.0
3854.45 7.113600073577198E-13 1.0
3857.2 7.120800260204674E-13 1.0
3859.95 7.270099778265704E-13 1.0
3862.69 7.332400203501066E-13 1.0
3865.44 7.365899882226523E-13 1.0
3868.19 7.191099929068634E-13 1.0
3870.94 6.98829991270522E-13 1.0
3873.69 6.911600198417078E-13 1.0
3876.44 6.6682000633006E-13 1.0
3879.19 6.542699867127799E-13 1.0
3881.94 5.968499891366441E-13 1.0
3884.68 5.094599872176864E-13 1.0
3887.43 4.985499860166165E-13 1.0
3890.18 5.740100235407386E-13 1.0
3892.93 6.300400197216394E-13 1.0
3895.68 6.514699803922275E-13 1.0
3898.43 6.6840998881601E-13 1.0
3901.18 6.79380000607327E-13 1.0
3903.93 6.910800057213784E-13 1.0
3906.67 7.203799731216043E-13 1.0
3909.42 7.294600036858445E-13 1.0
3912.17 7.215699934261244E-13 1.0
3914.92 7.114600250081315E-13 1.0
3917.67 7.081199775854641E-13 1.0
3920.42 7.007099978376119E-13 1.0
3923.17 6.71610011528101E-13 1.0
3925.92 5.855999821342828E-13 1.0
3928.66 4.3760999056223493E-13 1.0
3931.41 3.6085999639834387E-13 1.0
3934.16 4.909999815581878E-13 1.0
3936.91 6.255199808645473E-13 1.0
3939.66 6.778499745015154E-13 1.0
3942.41 6.932699856895819E-13 1.0
3945.16 7.026900220551136E-13 1.0
3947.91 6.990100230412633E-13 1.0
3950.65 6.99700009303833E-13 1.0
3953.4 6.870399973761543E-13 1.0
3956.15 6.693800244997328E-13 1.0
3958.9 6.286500183264043E-13 1.0
3961.65 5.403800237141487E-13 1.0
3964.4 4.0057001227285227E-13 1.0
3967.15 3.623899953991011E-13 1.0
3969.89 4.841800246326022E-13 1.0
3972.64 5.938200235353075E-13 1.0
3975.39 6.543400261731225E-13 1.0
3978.14 6.836700259735262E-13 1.0
3980.89 7.022400239434234E-13 1.0
3983.64 7.183199889938818E-13 1.0
3986.39 7.311200256321371E-13 1.0
3989.14 7.40549982447547E-13 1.0
3991.88 7.419100056527128E-13 1.0
3994.63 7.397399750044831E-13 1.0
3997.38 7.463899832395315E-13 1.0
4000.13 7.496999982620212E-13 1.0
4002.88 7.419700162429599E-13 1.0
4005.63 7.506800086057308E-13 1.0
4008.38 7.564599988074683E-13 1.0
4011.12 7.567100158284434E-13 1.0
4013.87 7.648600177691256E-13 1.0
4016.62 7.663499826046638E-13 1.0
4019.37 7.631500141026815E-13 1.0
4022.12 7.597599849598624E-13 1.0
4024.87 7.578999819228549E-13 1.0
4027.62 7.424499925447192E-13 1.0
4030.36 7.410599911494842E-13 1.0
4033.11 7.544099893397327E-13 1.0
4035.86 7.66660010215886E-13 1.0
4038.61 7.61939990268079E-13 1.0
4041.36 7.50579990955319E-13 1.0
4044.11 7.46140020428665E-13 1.0
4046.86 7.610199905146164E-13 1.0
4049.6 7.63069999982352E-13 1.0
4052.35 7.543800111496635E-13 1.0
4055.1 7.506800086057308E-13 1.0
4057.85 7.507800262561426E-13 1.0
4060.6 7.390499887419133E-13 1.0
4063.35 7.394999868536034E-13 1.0
4066.1 7.416100069115861E-13 1.0
4068.84 7.388000259310468E-13 1.0
4071.59 7.360999830507975E-13 1.0
4074.34 7.267200079555391E-13 1.0
4077.09 7.320799782356557E-13 1.0
4079.84 7.379900184879828E-13 1.0
4082.59 7.325100270273721E-13 1.0
4085.34 7.288100244834395E-13 1.0
4088.08 7.164599859568743E-13 1.0
4090.83 6.889800145334912E-13 1.0
4093.58 6.44559980476217E-13 1.0
4096.33 5.699700151955145E-13 1.0
4099.08 5.143100030059744E-13 1.0
4101.83 5.781200171361967E-13 1.0
4104.58 6.448500045573569E-13 1.0
4107.32 6.825099838590754E-13 1.0
4110.07 7.090399773389267E-13 1.0
4112.82 7.23550017643626E-13 1.0
4115.57 7.284999968722172E-13 1.0
4118.32 7.323099917265485E-13 1.0
4121.07 7.419900197730422E-13 1.0
4123.81 7.455900046665631E-13 1.0
4126.56 7.425199777949532E-13 1.0
4129.31 7.385999906302232E-13 1.0
4132.06 7.473699935832412E-13 1.0
4134.81 7.569399751092276E-13 1.0
4137.56 7.599499913905905E-13 1.0
4140.31 7.504099880546733E-13 1.0
4143.05 7.536999995470806E-13 1.0
4145.8 7.558699759852017E-13 1.0
4148.55 7.558500266652279E-13 1.0
4151.3 7.485000032975142E-13 1.0
4154.05 7.496799947319388E-13 1.0
4156.8 7.534499825261054E-13 1.0
4159.54 7.59609985589299E-13 1.0
4162.29 7.572399738503544E-13 1.0
4165.04 7.537200030771629E-13 1.0
4167.79 7.480399763157286E-13 1.0
4170.54 7.378400191174195E-13 1.0
4173.29 7.373100068853999E-13 1.0
4176.03 7.438700263401321E-13 1.0
4178.78 7.446700049131005E-13 1.0
4181.53 7.438599974700366E-13 1.0
4184.28 7.394200269433826E-13 1.0
4187.03 7.467499925709054E-13 1.0
4189.78 7.507299903258824E-13 1.0
4192.52 7.482800186767169E-13 1.0
4195.27 7.352700262877598E-13 1.0
4198.02 7.350000057367023E-13 1.0
4200.77 7.367999981834628E-13 1.0
4203.52 7.471399800923484E-13 1.0
4206.26 7.489500014092043E-13 1.0
4209.01 7.476699923243679E-13 1.0
4211.76 7.395399939137681E-13 1.0
4214.51 7.351799832973349E-13 1.0
4217.26 7.417899844722187E-13 1.0
4220.01 7.311999855423579E-13 1.0
4222.75 7.114600250081315E-13 1.0
4225.5 7.173000258001161E-13 1.0
4228.25 7.365099741023229E-13 1.0
4231 7.314200243732638E-13 1.0
4233.75 7.322099740761367E-13 1.0
4236.49 7.409700023691679E-13 1.0
4239.24 7.460699809683224E-13 1.0
4241.99 7.415699998514214E-13 1.0
4244.74 7.278799958598814E-13 1.0
4247.49 7.274400266182868E-13 1.0
4250.24 7.350299839267715E-13 1.0
4252.98 7.403999830769836E-13 1.0
4255.73 7.381699960486154E-13 1.0
4258.48 7.397500038745786E-13 1.0
4261.23 7.485800174178436E-13 1.0
4263.98 7.444100132321385E-13 1.0
4266.72 7.322499811363015E-13 1.0
4269.47 7.20900010693637E-13 1.0
4272.22 7.306599986503515E-13 1.0
4274.97 7.395599974438505E-13 1.0
4277.72 7.352300192275951E-13 1.0
4280.46 7.268900108561849E-13 1.0
4283.21 7.22420007929353E-13 1.0
4285.96 7.092299837696547E-13 1.0
4288.71 7.07669979473774E-13 1.0
4291.46 7.114900031982008E-13 1.0
4294.2 7.0248998675429E-13 1.0
4296.95 6.817900194064364E-13 1.0
4299.7 6.777999927813638E-13 1.0
4302.45 6.871000079664014E-13 1.0
4305.19 6.831800208016714E-13 1.0
4307.94 6.906399822696752E-13 1.0
4310.69 6.964799830616597E-13 1.0
4313.44 7.079199964947491E-13 1.0
4316.19 7.130199750939037E-13 1.0
4318.93 7.06209992828305E-13 1.0
4321.68 6.937700197315322E-13 1.0
4324.43 6.867300239750407E-13 1.0
4327.18 6.871499896865529E-13 1.0
4329.93 6.685700170566689E-13 1.0
4332.67 6.193700066714491E-13 1.0
4335.42 5.446099842799923E-13 1.0
4338.17 5.082900246533573E-13 1.0
4340.92 5.798899771827792E-13 1.0
4343.66 6.429200162701154E-13 1.0
4346.41 6.729499769930758E-13 1.0
4349.16 6.83619990043266E-13 1.0
4351.91 7.033199977274363E-13 1.0
4354.66 7.198100080395287E-13 1.0
4357.4 7.264899944646463E-13 1.0
4360.15 7.3423998001379E-13 1.0
4362.9 7.357999843096708E-13 1.0
4365.65 7.293100043152811E-13 1.0
4368.39 7.289200167938381E-13 1.0
4371.14 7.239200016349867E-13 1.0
4373.89 7.265700085849758E-13 1.0
4376.64 7.320799782356557E-13 1.0
4379.38 7.221899944384602E-13 1.0
4382.13 7.169600199988246E-13 1.0
4384.88 7.283600263717493E-13 1.0
4387.63 7.312199890724402E-13 1.0
4390.37 7.298299876772052E-13 1.0
4393.12 7.269500214464319E-13 1.0
4395.87 7.253700136204688E-13 1.0
4398.62 7.207900183832383E-13 1.0
4401.36 7.231500012520875E-13 1.0
4404.11 7.273800160280397E-13 1.0
4406.86 7.354099967882277E-13 1.0
4409.61 7.340699771131443E-13 1.0
4412.35 7.230499836016757E-13 1.0
4415.1 7.225599784298209E-13 1.0
4417.85 7.302599822588129E-13 1.0
4420.6 7.299700123877817E-13 1.0
4423.34 7.282200016611728E-13 1.0
4426.09 7.309700262615737E-13 1.0
4428.84 7.31779979494529E-13 1.0
4431.59 7.245299737772271E-13 1.0
4434.33 7.292099866648694E-13 1.0
4437.08 7.305099992797881E-13 1.0
4439.83 7.202199990910541E-13 1.0
4442.57 7.225700072999164E-13 1.0
4445.32 7.283900045618186E-13 1.0
4448.07 7.253100030302218E-13 1.0
4450.82 7.173599821802545E-13 1.0
4453.56 7.165600036072861E-13 1.0
4456.31 7.197099903891169E-13 1.0
4459.06 7.223899755291752E-13 1.0
4461.81 7.240499974754677E-13 1.0
4464.55 7.180300191228506E-13 1.0
4467.3 7.229399912912771E-13 1.0
4470.05 7.311000221020547E-13 1.0
4472.79 7.298499912072876E-13 1.0
4475.54 7.305900134001175E-13 1.0
4478.29 7.222200268386381E-13 1.0
4481.04 7.255699947111838E-13 1.0
4483.78 7.326000158076884E-13 1.0
4486.53 7.321700212260807E-13 1.0
4489.28 7.303800034393071E-13 1.0
4492.02 7.289600238540028E-13 1.0
4494.77 7.299399799876038E-13 1.0
4497.52 7.289999767040589E-13 1.0
4500.26 7.323499987867133E-13 1.0
4503.01 7.359099766200694E-13 1.0
4505.76 7.334499761008084E-13 1.0
4508.51 7.337300255219614E-13 1.0
4511.25 7.344099829144357E-13 1.0
4514 7.315100131535801E-13 1.0
4516.75 7.281999981310905E-13 1.0
4519.49 7.221699909083779E-13 1.0
4522.24 7.189700224063955E-13 1.0
4524.99 7.121799894607705E-13 1.0
4527.73 7.073699807326472E-13 1.0
4530.48 7.044300039116269E-13 1.0
4533.23 7.126600199726385E-13 1.0
4535.97 7.243200180265252E-13 1.0
4538.72 7.261099816031902E-13 1.0
4541.47 7.238999981049044E-13 1.0
4544.21 7.160099878451842E-13 1.0
4546.96 7.090199738088443E-13 1.0
4549.71 7.10259975833516E-13 1.0
4552.45 7.102500011735291E-13 1.0
4555.2 7.199100256899404E-13 1.0
4557.95 7.224800185196001E-13 1.0
4560.69 7.204500125819469E-13 1.0
4563.44 7.211199953144343E-13 1.0
4566.19 7.227099778003843E-13 1.0
4568.93 7.163299901163933E-13 1.0
4571.68 7.212400164949284E-13 1.0
4574.43 7.223899755291752E-13 1.0
4577.17 7.195500163585666E-13 1.0
4579.92 7.155399862034117E-13 1.0
4582.67 7.140500213678735E-13 1.0
4585.41 7.16499993017039E-13 1.0
4588.16 7.165899817973553E-13 1.0
4590.91 7.209400177538017E-13 1.0
4593.65 7.223899755291752E-13 1.0
4596.4 7.228200243208915E-13 1.0
4599.15 7.206400190126749E-13 1.0
4601.89 7.216500075464538E-13 1.0
4604.64 7.223399938090236E-13 1.0
4607.38 7.202699808112056E-13 1.0
4610.13 7.186199877350086E-13 1.0
4612.88 7.198900221598581E-13 1.0
4615.62 7.214399975856434E-13 1.0
4618.37 7.202600061512188E-13 1.0
4621.12 7.200099891302436E-13 1.0
4623.86 7.211699770345859E-13 1.0
4626.61 7.201199814406423E-13 1.0
4629.35 7.204399837118514E-13 1.0
4632.1 7.183899742441158E-13 1.0
4634.85 7.17829983822027E-13 1.0
4637.59 7.179799831925904E-13 1.0
4640.34 7.190099752564516E-13 1.0
4643.09 7.118500125295746E-13 1.0
4645.83 7.136200267862658E-13 1.0
4648.58 7.148900070010067E-13 1.0
4651.32 7.104800146644219E-13 1.0
4654.07 7.128699757233403E-13 1.0
4656.82 7.160299913752666E-13 1.0
4659.56 7.166000106674508E-13 1.0
4662.31 7.127599834129417E-13 1.0
4665.05 7.115300102583655E-13 1.0
4667.8 7.120999753404411E-13 1.0
4670.55 7.147699858205125E-13 1.0
4673.29 7.136999866964866E-13 1.0
4676.04 7.11649977228751E-13 1.0
4678.78 7.100199876826363E-13 1.0
4681.53 7.13520009135854E-13 1.0
4684.28 7.127599834129417E-13 1.0
4687.02 7.114900031982008E-13 1.0
4689.77 7.115300102583655E-13 1.0
4692.51 7.108299951257002E-13 1.0
4695.26 7.101400088631304E-13 1.0
4698 7.03619996468563E-13 1.0
4700.75 6.99830005144314E-13 1.0
4703.5 7.03360004787601E-13 1.0
4706.24 7.052600148847732E-13 1.0
4708.99 7.072700172923441E-13 1.0
4711.73 7.057799982466972E-13 1.0
4714.48 7.049099802133862E-13 1.0
4717.22 7.053599783250764E-13 1.0
4719.97 7.090900132691869E-13 1.0
4722.72 7.051800007644438E-13 1.0
4725.46 7.033100230674494E-13 1.0
4728.21 7.025200191544678E-13 1.0
4730.95 7.015299799406627E-13 1.0
4733.7 7.020199851125175E-13 1.0
4736.44 7.017900258317333E-13 1.0
4739.19 7.031900018869552E-13 1.0
4741.93 7.030299736462964E-13 1.0
4744.68 7.046899955925889E-13 1.0
4747.42 7.034000118477657E-13 1.0
4750.17 7.018800146120496E-13 1.0
4752.92 7.002399961958394E-13 1.0
4755.66 6.988099877404397E-13 1.0
4758.41 6.975899892458504E-13 1.0
4761.15 6.970000206336924E-13 1.0
4763.9 6.981200014778699E-13 1.0
4766.64 6.986399848397939E-13 1.0
4769.39 6.996699769036552E-13 1.0
4772.13 6.99700009303833E-13 1.0
4774.88 6.991099864815664E-13 1.0
4777.62 6.945799729644875E-13 1.0
4780.37 6.939999790123164E-13 1.0
4783.11 6.95330024027413E-13 1.0
4785.86 6.943599883436902E-13 1.0
4788.6 6.929099763582081E-13 1.0
4791.35 6.959199926395709E-13 1.0
4794.09 6.952900169672482E-13 1.0
4796.84 6.944400024640196E-13 1.0
4799.58 6.955000269280587E-13 1.0
4802.33 6.899900030672701E-13 1.0
4805.07 6.917499884538658E-13 1.0
4807.82 6.924599782465179E-13 1.0
4810.56 6.921500048454043E-13 1.0
4813.31 6.90800010510334E-13 1.0
4816.05 6.905999752095104E-13 1.0
4818.8 6.87469991957762E-13 1.0
4821.54 6.869700121259203E-13 1.0
4824.29 6.897799931064597E-13 1.0
4827.03 6.849099737880893E-13 1.0
4829.78 6.857900206914957E-13 1.0
4832.52 6.817999940664232E-13 1.0
4835.27 6.747699729699186E-13 1.0
4838.01 6.752999852019381E-13 1.0
4840.75 6.73589981535494E-13 1.0
4843.5 6.660199735469829E-13 1.0
4846.24 6.550300124356923E-13 1.0
4848.99 6.393100025064991E-13 1.0
4851.73 6.09890013925779E-13 1.0
4854.48 5.565800099451013E-13 1.0
4857.22 4.897700084036116E-13 1.0
4859.97 5.139699972046829E-13 1.0
4862.71 5.787600216786148E-13 1.0
4865.46 6.127899836866346E-13 1.0
4868.2 6.278800179435051E-13 1.0
4870.94 6.461599918322625E-13 1.0
4873.69 6.521099849346457E-13 1.0
4876.43 6.624100139934752E-13 1.0
4879.18 6.684999775963263E-13 1.0
4881.92 6.705499870640619E-13 1.0
4884.67 6.682199823852819E-13 1.0
4887.41 6.634800131175012E-13 1.0
4890.15 6.705499870640619E-13 1.0
4892.9 6.793500224172577E-13 1.0
4895.64 6.811999965841697E-13 1.0
4898.39 6.795299999778903E-13 1.0
4901.13 6.799799980895804E-13 1.0
4903.88 6.813299924246508E-13 1.0
4906.62 6.794299823274785E-13 1.0
4909.36 6.777599857211991E-13 1.0
4912.11 6.751499858313748E-13 1.0
4914.85 6.690900004185929E-13 1.0
4917.6 6.638600259789573E-13 1.0
4920.34 6.667399922097306E-13 1.0
4923.08 6.754899916326662E-13 1.0
4925.83 6.779099850917625E-13 1.0
4928.57 6.749700082707422E-13 1.0
4931.31 6.705000053439103E-13 1.0
4934.06 6.736200139356718E-13 1.0
4936.8 6.747300201198625E-13 1.0
4939.55 6.796599958183713E-13 1.0
4942.29 6.791499871164342E-13 1.0
4945.03 6.793199900170799E-13 1.0
4947.78 6.811799930540874E-13 1.0
4950.52 6.753799993222676E-13 1.0
4953.26 6.62840008575083E-13 1.0
4956.01 6.666000217092627E-13 1.0
4958.75 6.73849973216456E-13 1.0
4961.5 6.73329989854532E-13 1.0
4964.24 6.753100140720336E-13 1.0
4966.98 6.771300100488764E-13 1.0
4969.73 6.744399960387226E-13 1.0
4972.47 6.72519982411468E-13 1.0
4975.21 6.701399960125365E-13 1.0
4977.96 6.626000204242033E-13 1.0
4980.7 6.605700144865501E-13 1.0
4983.44 6.672000191915162E-13 1.0
4986.19 6.684999775963263E-13 1.0
4988.93 6.645300087114447E-13 1.0
4991.67 6.655800043053883E-13 1.0
4994.42 6.684499958761747E-13 1.0
4997.16 6.634200025272541E-13 1.0
4999.9 6.618100165112217E-13 1.0
5002.65 6.556799916380973E-13 1.0
5005.39 6.577999863560668E-13 1.0
5008.13 6.572599994640604E-13 1.0
5010.88 6.534399757396336E-13 1.0
5013.62 6.515299909824745E-13 1.0
5016.36 6.558900015989078E-13 1.0
5019.1 6.625800168941209E-13 1.0
5021.85 6.651500097237806E-13 1.0
5024.59 6.628899902952345E-13 1.0
5027.33 6.654199760647295E-13 1.0
5030.08 6.651399808536851E-13 1.0
5032.82 6.609800055380755E-13 1.0
5035.56 6.561299897497874E-13 1.0
5038.3 6.522399807751267E-13 1.0
5041.05 6.572899776541297E-13 1.0
5043.79 6.621899751625693E-13 1.0
5046.53 6.576000052653519E-13 1.0
5049.28 6.60029973384435E-13 1.0
5052.02 6.634200025272541E-13 1.0
5054.76 6.640899852597415E-13 1.0
5057.5 6.588499819500104E-13 1.0
5060.25 6.573400135843899E-13 1.0
5062.99 6.559799903792241E-13 1.0
5065.73 6.578100152261623E-13 1.0
5068.47 6.606699779268532E-13 1.0
5071.22 6.586000191391439E-13 1.0
5073.96 6.560800080296358E-13 1.0
5076.7 6.524899977961018E-13 1.0
5079.44 6.536600145705396E-13 1.0
5082.19 6.56720012572054E-13 1.0
5084.93 6.580799815671112E-13 1.0
5087.67 6.59180013091315E-13 1.0
5090.41 6.587799966997765E-13 1.0
5093.16 6.550399870956791E-13 1.0
5095.9 6.532899763690703E-13 1.0
5098.64 6.536299821703617E-13 1.0
5101.38 6.52870010657558E-13 1.0
5104.12 6.495899738251376E-13 1.0
5106.87 6.50479995388531E-13 1.0
5109.61 6.524699942660195E-13 1.0
5112.35 6.558900015989078E-13 1.0
5115.09 6.554100252971484E-13 1.0
5117.83 6.525199759861711E-13 1.0
5120.58 6.482900154203275E-13 1.0
5123.32 6.461300136421932E-13 1.0
5126.06 6.460200213317946E-13 1.0
5128.8 6.483300224804922E-13 1.0
5131.54 6.453400097292117E-13 1.0
5134.29 6.408000215521459E-13 1.0
5137.03 6.388600043948089E-13 1.0
5139.77 6.418599918060763E-13 1.0
5142.51 6.436399807227544E-13 1.0
5145.25 6.433999925718747E-13 1.0
5147.99 6.457500007807371E-13 1.0
5150.74 6.457599754407239E-13 1.0
5153.48 6.461399883021801E-13 1.0
5156.22 6.449599968677555E-13 1.0
5158.96 6.376499805602065E-13 1.0
5161.7 6.2296999156497E-13 1.0
5164.44 6.004899810903297E-13 1.0
5167.19 6.057099808699784E-13 1.0
5169.93 6.132500106684202E-13 1.0
5172.67 6.312600182162287E-13 1.0
5175.41 6.342299732273182E-13 1.0
5178.15 6.214099872690892E-13 1.0
5180.89 6.131800254181863E-13 1.0
5183.63 6.25629973174946E-13 1.0
5186.37 6.276200262625431E-13 1.0
5189.12 6.285400260160057E-13 1.0
5191.86 6.33069985322976E-13 1.0
5194.6 6.363399932853009E-13 1.0
5197.34 6.368000202670865E-13 1.0
5200.08 6.29760024510595E-13 1.0
5202.82 6.263899988978583E-13 1.0
5205.56 6.294000151792212E-13 1.0
5208.3 6.353000265614528E-13 1.0
5211.04 6.393399806965683E-13 1.0
5213.79 6.401099810794675E-13 1.0
5216.53 6.416699853753483E-13 1.0
5219.27 6.396500083077905E-13 1.0
5222.01 6.283700231153599E-13 1.0
5224.75 6.26170014277061E-13 1.0
5227.49 6.314500246469568E-13 1.0
5230.23 6.311100188456653E-13 1.0
5232.97 6.369500196376499E-13 1.0
5235.71 6.424599892883298E-13 1.0
5238.45 6.414799789446202E-13 1.0
5241.19 6.418300136160071E-13 1.0
5243.93 6.384900204034483E-13 1.0
5246.67 6.368399731171426E-13 1.0
5249.42 6.38309988632707E-13 1.0
5252.16 6.392299883861696E-13 1.0
5254.9 6.359700092939402E-13 1.0
5257.64 6.290899875679989E-13 1.0
5260.38 6.20120003524266E-13 1.0
5263.12 6.131900000781731E-13 1.0
5265.86 6.079999784885937E-13 1.0
5268.6 6.187700091891957E-13 1.0
5271.34 6.247600093517436E-13 1.0
5274.08 6.30479988963234E-13 1.0
5276.82 6.293800116491388E-13 1.0
5279.56 6.289599917275179E-13 1.0
5282.3 6.318200086383174E-13 1.0
5285.04 6.35659981682718E-13 1.0
5287.78 6.355600182424148E-13 1.0
5290.52 6.342600056274961E-13 1.0
5293.26 6.298700168209936E-13 1.0
5296 6.321400109095265E-13 1.0
5298.74 6.310599829154051E-13 1.0
5301.48 6.325999836812035E-13 1.0
5304.22 6.327200048616977E-13 1.0
5306.96 6.317800015781527E-13 1.0
5309.7 6.281699878145364E-13 1.0
5312.44 6.247499804816481E-13 1.0
5315.18 6.2763000092253E-13 1.0
5317.92 6.260699966266492E-13 1.0
5320.66 6.179300235560625E-13 1.0
5323.4 6.098599815256012E-13 1.0
5326.14 6.140299857113063E-13 1.0
5328.88 6.230799838753687E-13 1.0
5331.62 6.245000176707816E-13 1.0
5334.35 6.206599904162724E-13 1.0
5337.09 6.18049990526448E-13 1.0
5339.83 6.217200148803115E-13 1.0
5342.57 6.221999911820708E-13 1.0
5345.31 6.21579990169735E-13 1.0
5348.05 6.243500183002182E-13 1.0
5350.79 6.273099986513209E-13 1.0
5353.53 6.250200010327056E-13 1.0
5356.27 6.242500006498064E-13 1.0
5359.01 6.209799926874815E-13 1.0
5361.75 6.169999949325045E-13 1.0
5364.49 6.144799838229964E-13 1.0
5367.23 6.146699902537245E-13 1.0
5369.97 6.170199984625868E-13 1.0
5372.7 6.185399956983029E-13 1.0
5375.44 6.200300147439497E-13 1.0
5378.18 6.182399969571761E-13 1.0
5380.92 6.179500270861449E-13 1.0
5383.66 6.183000075474232E-13 1.0
5386.4 6.164299756403202E-13 1.0
5389.14 6.141599815517873E-13 1.0
5391.88 6.1160999225221E-13 1.0
5394.62 6.094899975342405E-13 1.0
5397.35 6.095399792543921E-13 1.0
5400.09 6.054400145290295E-13 1.0
5402.83 6.066200059634541E-13 1.0
5405.57 6.102399943870573E-13 1.0
5408.31 6.12809987216717E-13 1.0
5411.05 6.122799749846974E-13 1.0
5413.79 6.143400133225285E-13 1.0
5416.52 6.1552997941694E-13 1.0
5419.26 6.125799737258242E-13 1.0
5422 6.110399729600258E-13 1.0
5424.74 6.070299970149795E-13 1.0
5427.48 6.084800090004616E-13 1.0
5430.22 6.083500131599806E-13 1.0
5432.95 6.113999822913996E-13 1.0
5435.69 6.121499791442164E-13 1.0
5438.43 6.113900076314127E-13 1.0
5441.17 6.063099783522319E-13 1.0
5443.91 6.072099745756121E-13 1.0
5446.64 6.099300209859437E-13 1.0
5449.38 6.067900088640998E-13 1.0
5454.36 6.030700027900848E-13 1.0
5459.23 6.064200248727392E-13 1.0
5464.1 6.078800115182081E-13 1.0
5468.97 6.069299793645677E-13 1.0
5473.84 6.065899735632763E-13 1.0
5478.71 6.083500131599806E-13 1.0
5483.58 6.082299919794865E-13 1.0
5488.46 6.091600206030445E-13 1.0
5493.33 6.071300146653913E-13 1.0
5498.2 6.059800014210359E-13 1.0
5503.07 6.026099758082992E-13 1.0
5507.94 6.032200021606482E-13 1.0
5512.81 6.029499816095907E-13 1.0
5517.68 6.050899798576426E-13 1.0
5522.56 6.031300133803319E-13 1.0
5527.43 6.018999860156471E-13 1.0
5532.3 6.023099770671725E-13 1.0
5537.17 6.020800177863883E-13 1.0
5542.04 6.012000250930905E-13 1.0
5546.91 6.029400069496038E-13 1.0
5551.79 6.015300020242864E-13 1.0
5556.66 5.993400220560829E-13 1.0
5561.53 5.982199870017968E-13 1.0
5566.4 5.92609999700705E-13 1.0
5571.27 5.947200197586877E-13 1.0
5576.15 5.946099732381804E-13 1.0
5581.02 5.910999771249759E-13 1.0
5585.89 5.874799887013726E-13 1.0
5590.76 5.861799760864539E-13 1.0
5595.64 5.848800176816438E-13 1.0
5600.51 5.869600053394486E-13 1.0
5605.38 5.886099984156457E-13 1.0
5610.25 5.876800240021962E-13 1.0
5615.13 5.876099845418536E-13 1.0
5620 5.893100135483109E-13 1.0
5624.87 5.933700254236174E-13 1.0
5629.74 5.928299843215024E-13 1.0
5634.62 5.875600028217021E-13 1.0
5639.49 5.903699838022414E-13 1.0
5644.36 5.877300057223478E-13 1.0
5649.24 5.875499739516066E-13 1.0
5654.11 5.849500029318777E-13 1.0
5658.98 5.853300157933339E-13 1.0
5663.85 5.846900112509157E-13 1.0
5668.73 5.845499865403392E-13 1.0
5673.6 5.855700039442135E-13 1.0
5678.47 5.855400257541443E-13 1.0
5683.35 5.848299817513836E-13 1.0
5688.22 5.834999909463956E-13 1.0
5693.09 5.821499966113253E-13 1.0
5697.97 5.821299930812429E-13 1.0
5702.84 5.809999833669699E-13 1.0
5707.71 5.778999783052907E-13 1.0
5712.59 5.776399866243287E-13 1.0
5717.46 5.810100122370654E-13 1.0
5722.34 5.78340001756994E-13 1.0
5727.21 5.772599737628725E-13 1.0
5732.08 5.766900086807969E-13 1.0
5736.96 5.76529980440138E-13 1.0
5741.83 5.777200007446581E-13 1.0
5746.7 5.782799911667469E-13 1.0
5751.58 5.756699912769225E-13 1.0
5756.45 5.747200133333907E-13 1.0
5761.33 5.728600102963832E-13 1.0
5766.2 5.739999946706431E-13 1.0
5771.07 5.74030027070821E-13 1.0
5775.95 5.745599850927319E-13 1.0
5780.82 5.720999845734709E-13 1.0
5785.7 5.712300207502685E-13 1.0
5790.57 5.71349987720654E-13 1.0
5795.45 5.710200107894581E-13 1.0
5800.32 5.701000110359955E-13 1.0
5805.2 5.687799948909944E-13 1.0
5810.07 5.688499801412283E-13 1.0
5814.94 5.700400004457484E-13 1.0
5819.82 5.683400256493998E-13 1.0
5824.69 5.652900023078722E-13 1.0
5829.57 5.643299954942449E-13 1.0
5834.44 5.638799973825548E-13 1.0
5839.32 5.65520015798765E-13 1.0
5844.19 5.644700202048214E-13 1.0
5849.07 5.627200094782125E-13 1.0
5853.94 5.625700101076492E-13 1.0
5858.82 5.612499939626481E-13 1.0
5863.69 5.585399764224119E-13 1.0
5868.57 5.615899997639395E-13 1.0
5873.44 5.614100222033069E-13 1.0
5878.32 5.586500229429192E-13 1.0
5883.19 5.519899858377753E-13 1.0
5888.07 5.443699961291126E-13 1.0
5892.94 5.450100006715308E-13 1.0
5897.82 5.504000033518253E-13 1.0
5902.7 5.549500203989866E-13 1.0
5907.57 5.562899858639614E-13 1.0
5912.45 5.575200132286462E-13 1.0
5917.32 5.565100246948673E-13 1.0
5922.2 5.56490021164785E-13 1.0
5927.07 5.541299840858271E-13 1.0
5931.95 5.535099830734913E-13 1.0
5936.83 5.529099855912378E-13 1.0
5941.7 5.533300055128587E-13 1.0
5946.58 5.506199879726226E-13 1.0
5951.45 5.524900198797256E-13 1.0
5956.33 5.526200157202066E-13 1.0
5961.2 5.520699999581047E-13 1.0
5966.08 5.517499976868956E-13 1.0
5970.96 5.491800048572359E-13 1.0
5975.83 5.499500052401352E-13 1.0
5980.71 5.487799884656974E-13 1.0
5985.59 5.468000184583044E-13 1.0
5990.46 5.475700188412036E-13 1.0
5995.34 5.452000071022589E-13 1.0
6000.21 5.45260017692506E-13 1.0
6005.09 5.420100132602634E-13 1.0
6009.97 5.425000184321183E-13 1.0
6014.84 5.429399876737129E-13 1.0
6019.72 5.423700225916372E-13 1.0
6024.6 5.410399775765407E-13 1.0
6029.47 5.41929999139934E-13 1.0
6034.35 5.42540025492283E-13 1.0
6039.23 5.401900172834206E-13 1.0
6044.1 5.412099804771864E-13 1.0
6048.98 5.386100094574575E-13 1.0
6053.86 5.385499988672104E-13 1.0
6058.73 5.370399762914813E-13 1.0
6063.61 5.364500076793233E-13 1.0
6068.49 5.353400014951326E-13 1.0
6073.36 5.347800110730438E-13 1.0
6078.24 5.360899983479495E-13 1.0
6083.12 5.359600025074684E-13 1.0
6088 5.323400140838652E-13 1.0
6092.87 5.295400077633128E-13 1.0
6097.75 5.303700187364591E-13 1.0
6102.63 5.303399863362812E-13 1.0
6107.5 5.317899983217633E-13 1.0
6112.38 5.281300028379954E-13 1.0
6117.26 5.255800135384181E-13 1.0
6122.14 5.253999817676769E-13 1.0
6127.01 5.280699922477483E-13 1.0
6131.89 5.25000019586247E-13 1.0
6136.77 5.28369990988875E-13 1.0
6141.65 5.269599860635577E-13 1.0
6146.52 5.275500088858243E-13 1.0
6151.4 5.247299990351895E-13 1.0
6156.28 5.213299952323835E-13 1.0
6161.16 5.213799769525351E-13 1.0
6166.04 5.223900196964226E-13 1.0
6170.91 5.230199953687453E-13 1.0
6175.79 5.250799794964678E-13 1.0
6180.67 5.236599999111635E-13 1.0
6185.55 5.208500189306242E-13 1.0
6190.42 5.20929978840845E-13 1.0
6195.3 5.218299750642252E-13 1.0
6200.18 5.230300242388408E-13 1.0
6205.06 5.233600011700368E-13 1.0
6209.94 5.200000044273956E-13 1.0
6214.81 5.179400202996731E-13 1.0
6219.69 5.16230016633229E-13 1.0
6224.57 5.157899931815257E-13 1.0
6229.45 5.174700186579007E-13 1.0
6234.33 5.18820012992971E-13 1.0
6239.21 5.14900025828241E-13 1.0
6244.08 5.113899755049278E-13 1.0
6248.96 5.122399900081565E-13 1.0
6253.84 5.122399900081565E-13 1.0
6258.72 5.14619976407088E-13 1.0
6263.6 5.118299989566311E-13 1.0
6268.48 5.113199902546939E-13 1.0
6273.36 5.162799983533806E-13 1.0
6278.23 5.127799769001629E-13 1.0
6283.11 5.120400089174415E-13 1.0
6287.99 5.120899906375931E-13 1.0
6292.87 5.133799743824163E-13 1.0
6297.75 5.124799781590361E-13 1.0
6302.63 5.084900057440722E-13 1.0
6307.51 5.041200204676521E-13 1.0
6312.39 5.043100268983802E-13 1.0
6317.26 5.018300228490369E-13 1.0
6322.14 4.995299963603261E-13 1.0
6327.02 4.980199737845969E-13 1.0
6331.9 4.98430019046231E-13 1.0
6336.78 4.956900233159256E-13 1.0
6341.66 4.998400239715484E-13 1.0
6346.54 5.033799982748222E-13 1.0
6351.42 5.026000232319361E-13 1.0
6356.3 5.021100180600813E-13 1.0
6361.18 5.003800108635548E-13 1.0
6366.06 4.98430019046231E-13 1.0
6370.93 4.98620025476959E-13 1.0
6375.81 4.993799969897628E-13 1.0
6380.69 4.986000219468767E-13 1.0
6385.57 4.99079998248636E-13 1.0
6390.45 4.979400138743761E-13 1.0
6395.33 4.959900220570523E-13 1.0
6400.21 4.943099965806774E-13 1.0
6405.09 4.94030001369633E-13 1.0
6409.97 4.933600186371456E-13 1.0
6414.85 4.945800171317349E-13 1.0
6419.73 4.94099986619867E-13 1.0
6424.61 4.941599972101141E-13 1.0
6429.49 4.920499771521314E-13 1.0
6434.37 4.912000168590114E-13 1.0
6439.25 4.911600097988467E-13 1.0
6444.13 4.894300026023202E-13 1.0
6449.01 4.873599896045022E-13 1.0
6453.89 4.897099978133646E-13 1.0
6458.77 4.882500111678956E-13 1.0
6463.65 4.882900182280603E-13 1.0
6468.53 4.901899741151239E-13 1.0
6473.41 4.89569973102788E-13 1.0
6478.29 4.872700008241859E-13 1.0
6483.17 4.862899904804763E-13 1.0
6488.05 4.858199888387038E-13 1.0
6492.93 4.830300113882469E-13 1.0
6497.81 4.858199888387038E-13 1.0
6502.69 4.866299962817677E-13 1.0
6507.57 4.854500048473431E-13 1.0
6512.45 4.845599832839498E-13 1.0
6517.33 4.837600047109814E-13 1.0
6522.21 4.815300176826132E-13 1.0
6527.09 4.798600210763337E-13 1.0
6531.97 4.796500111155233E-13 1.0
6536.85 4.765199736536663E-13 1.0
6541.73 4.685200252936561E-13 1.0
6546.61 4.5403999028408026E-13 1.0
6551.49 4.3269999128875414E-13 1.0
6556.37 4.0009000886603863E-13 1.0
6561.25 3.9427001160413644E-13 1.0
6566.13 4.2493000220952815E-13 1.0
6571.02 4.517100127103546E-13 1.0
6575.9 4.651900067410841E-13 1.0
6580.78 4.692300150863082E-13 1.0
6585.66 4.72579982958854E-13 1.0
6590.54 4.755299886499698E-13 1.0
6595.42 4.746000142365203E-13 1.0
6600.3 4.760399973519069E-13 1.0
6605.18 4.765500060538441E-13 1.0
6610.06 4.770899929458505E-13 1.0
6614.94 4.745699818363425E-13 1.0
6619.82 4.751400011285267E-13 1.0
6624.7 4.744399859958615E-13 1.0
6629.58 4.741799943148994E-13 1.0
6634.47 4.72250006027658E-13 1.0
6639.35 4.706699982016949E-13 1.0
6644.23 4.716799867354737E-13 1.0
6649.11 4.707399834519288E-13 1.0
6653.99 4.701300113096885E-13 1.0
6658.87 4.700700007194414E-13 1.0
6663.75 4.703600248005813E-13 1.0
6668.63 4.687200063843711E-13 1.0
6673.52 4.676199748601673E-13 1.0
6678.4 4.66459986955825E-13 1.0
6683.28 4.680800018419529E-13 1.0
6688.16 4.670999914982432E-13 1.0
6693.04 4.661500135547114E-13 1.0
6697.92 4.662499769950146E-13 1.0
6702.8 4.638400124060138E-13 1.0
6707.68 4.623900004205317E-13 1.0
6712.57 4.621700157997344E-13 1.0
6717.45 4.639000229962609E-13 1.0
6722.33 4.617299923480311E-13 1.0
6727.21 4.605400262536197E-13 1.0
6732.09 4.615399859173031E-13 1.0
6736.97 4.613800118867528E-13 1.0
6741.86 4.614000154168352E-13 1.0
6746.74 4.606599932240052E-13 1.0
6751.62 4.586200126263651E-13 1.0
6756.5 4.58430006195637E-13 1.0
6761.38 4.589600184276565E-13 1.0
6766.26 4.582199962348266E-13 1.0
6771.15 4.558699880259642E-13 1.0
6776.03 4.573400035415287E-13 1.0
6780.91 4.553399757939447E-13 1.0
6785.79 4.5432001260017896E-13 1.0
6790.67 4.538799891484757E-13 1.0
6795.56 4.5341998927174443E-13 1.0
6800.44 4.542900073050554E-13 1.0
6805.32 4.532100064159883E-13 1.0
6810.2 4.5164000035506635E-13 1.0
6815.08 4.523399883826773E-13 1.0
6819.96 4.5136000514402197E-13 1.0
6824.85 4.510800099329776E-13 1.0
6829.73 4.523999989729244E-13 1.0
6834.61 4.507099988365626E-13 1.0
6839.49 4.492000033658877E-13 1.0
6844.38 4.4906000576036553E-13 1.0
6849.26 4.470800086479182E-13 1.0
6854.14 4.4609999830420854E-13 1.0
6859.02 4.459299954035628E-13 1.0
6863.9 4.4524000914099304E-13 1.0
6868.79 4.4700999629262994E-13 1.0
6873.67 4.4677000814175027E-13 1.0
6878.55 4.466200087711869E-13 1.0
6883.43 4.449899921200179E-13 1.0
6888.32 4.4404998883647295E-13 1.0
6893.2 4.443899946377644E-13 1.0
6898.08 4.433399990438208E-13 1.0
6902.96 4.426200074861275E-13 1.0
6907.85 4.4296998794740583E-13 1.0
6912.73 4.4146999424177213E-13 1.0
6917.61 4.4164999890745904E-13 1.0
6922.49 4.4081998793431276E-13 1.0
6927.38 4.4067999032879057E-13 1.0
6932.26 4.415400065970604E-13 1.0
6937.14 4.3851998855065633E-13 1.0
6942.02 4.3867998968626087E-13 1.0
6946.91 4.380699904389662E-13 1.0
6951.79 4.362499944621234E-13 1.0
6956.67 4.3741000947152E-13 1.0
6961.55 4.371599924505448E-13 1.0
6966.44 4.3841999800529885E-13 1.0
6971.32 4.3519999886817984E-13 1.0
6976.2 4.3415000327423625E-13 1.0
6981.08 4.354799940792242E-13 1.0
6985.97 4.3437998966007474E-13 1.0
6990.85 4.3314998940044425E-13 1.0
6995.73 4.320400103213079E-13 1.0
7000.62 4.312999881284779E-13 1.0
7005.5 4.303100031247814E-13 1.0
7010.38 4.3173000981514E-13 1.0
7015.26 4.3184000212553864E-13 1.0
7020.15 4.3145998926408247E-13 1.0
7025.03 4.305899983358258E-13 1.0
7029.91 4.30729995941348E-13 1.0
7034.8 4.297599873626795E-13 1.0
7039.68 4.2901999227490384E-13 1.0
7044.56 4.301299984590945E-13 1.0
7049.45 4.286200029884196E-13 1.0
7054.33 4.276799997048747E-13 1.0
7059.21 4.268499887317284E-13 1.0
7064.09 4.265399882255605E-13 1.0
7068.98 4.2630000007468083E-13 1.0
7073.86 4.2498001103473404E-13 1.0
7078.74 4.2409999123638187E-13 1.0
7083.63 4.238600030855022E-13 1.0
7088.51 4.223100005546626E-13 1.0
7093.39 4.229099980369161E-13 1.0
7098.28 4.2238001290995086E-13 1.0
7103.16 4.2255999047058346E-13 1.0
7108.04 4.2247000169026716E-13 1.0
7112.93 4.2228999702458025E-13 1.0
7117.81 4.2130001202088374E-13 1.0
7122.69 4.2038001226742117E-13 1.0
7127.58 4.203200016771741E-13 1.0
7132.46 4.192700060832305E-13 1.0
7137.34 4.1784999939287193E-13 1.0
7142.23 4.1656999030803554E-13 1.0
7147.11 4.164499962325957E-13 1.0
7151.99 4.1824998867935614E-13 1.0
7156.88 4.1608001224123503E-13 1.0
7161.76 4.1670001325357087E-13 1.0
7166.64 4.163099986270735E-13 1.0
7171.53 4.157800135001083E-13 1.0
7176.41 4.150900001324842E-13 1.0
7181.29 4.136799952071668E-13 1.0
7186.18 4.1357000289676815E-13 1.0
7191.06 4.1337999646604007E-13 1.0
7195.95 4.1198999507080503E-13 1.0
7200.83 4.1188000276040637E-13 1.0
7205.71 4.128699877641029E-13 1.0
7210.6 4.137200022673315E-13 1.0
7215.48 4.133699947009989E-13 1.0
7220.36 4.1243999318249513E-13 1.0
7225.25 4.1229999557697294E-13 1.0
7230.13 4.126400013782644E-13 1.0
7235.01 4.11730003389843E-13 1.0
7239.9 4.102699896393197E-13 1.0
7244.78 4.0842999013239456E-13 1.0
7249.67 4.077400038698248E-13 1.0
7254.55 4.083600048821606E-13 1.0
7259.43 4.087799976987272E-13 1.0
7264.32 4.085899912679991E-13 1.0
7269.2 4.0878999946376837E-13 1.0
7274.08 4.069700034869256E-13 1.0
7278.97 4.0551999150144347E-13 1.0
7283.85 4.0635000247458974E-13 1.0
7288.74 4.037900114099713E-13 1.0
7293.62 4.0539999742600363E-13 1.0
7298.5 4.028800134215499E-13 1.0
7303.39 4.023700047196127E-13 1.0
7308.27 4.0261999463553355E-13 1.0
7313.16 4.0121999147525733E-13 1.0
7318.04 4.014999866863017E-13 1.0
7322.92 4.012299932402985E-13 1.0
7327.81 4.00370004077083E-13 1.0
7332.69 4.014999866863017E-13 1.0
7337.57 4.0016999588131374E-13 1.0
7342.46 4.0057998693283914E-13 1.0
7347.34 3.9970999600458246E-13 1.0
7352.23 3.9812001351863247E-13 1.0
7357.11 3.9698000203931827E-13 1.0
7361.99 3.984699939799108E-13 1.0
7366.88 3.9833999813942977E-13 1.0
7371.76 3.9790000179278084E-13 1.0
7376.65 3.971900120001287E-13 1.0
7381.53 3.971400031749228E-13 1.0
7386.42 3.9489001261647227E-13 1.0
7391.3 3.930999948296987E-13 1.0
7396.18 3.9335998651066073E-13 1.0
7401.07 3.9353999117634764E-13 1.0
7405.95 3.9184999103998586E-13 1.0
7410.84 3.9189999986519175E-13 1.0
7415.72 3.9111999771725137E-13 1.0
7420.6 3.914299982234193E-13 1.0
7425.49 3.9171999519950484E-13 1.0
7430.37 3.894800064060955E-13 1.0
7435.26 3.894700046410543E-13 1.0
7440.14 3.898799956925797E-13 1.0
7445.02 3.898299868673738E-13 1.0
7449.91 3.901399873735417E-13 1.0
7454.79 3.8989999922266205E-13 1.0
7459.68 3.8822000085134145E-13 1.0
7464.56 3.891600041348864E-13 1.0
7469.45 3.871600034923567E-13 1.0
7474.33 3.8740999340827753E-13 1.0
7479.21 3.871500017273155E-13 1.0
7484.1 3.8641000663953984E-13 1.0
7488.98 3.8463999238284863E-13 1.0
7493.87 3.836600091441933E-13 1.0
7498.75 3.830300063668163E-13 1.0
7503.64 3.827500111557719E-13 1.0
7508.52 3.834700027134652E-13 1.0
7513.4 3.8344999918338285E-13 1.0
7518.29 3.8344999918338285E-13 1.0
7523.17 3.8263999174031893E-13 1.0
7528.06 3.816500067366224E-13 1.0
7532.94 3.814800038359767E-13 1.0
7537.83 3.8144999854085315E-13 1.0
7542.71 3.815200108961414E-13 1.0
7547.6 3.7964000432905154E-13 1.0
7552.48 3.787100028105478E-13 1.0
7557.36 3.7957999373880447E-13 1.0
7562.25 3.8041000471195074E-13 1.0
7567.13 3.803799994168272E-13 1.0
7572.02 3.771700020447494E-13 1.0
7576.9 3.775699913312336E-13 1.0
7581.79 3.783299899490916E-13 1.0
7586.67 3.777499959969205E-13 1.0
7591.55 3.7642000519193253E-13 1.0
7596.44 3.7563000127895096E-13 1.0
7601.32 3.7631998754152074E-13 1.0
7606.21 3.744799880345956E-13 1.0
7611.09 3.7428000694388064E-13 1.0
7615.98 3.745199950947603E-13 1.0
7620.86 3.7400001173283626E-13 1.0
7625.75 3.728900055486456E-13 1.0
7630.63 3.7364000240146245E-13 1.0
7635.52 3.730200013891266E-13 1.0
7640.4 3.726999991179175E-13 1.0
7645.28 3.7191999696997713E-13 1.0
7650.17 3.707600090656349E-13 1.0
7655.05 3.684300043868549E-13 1.0
7659.94 3.6828000501629155E-13 1.0
7664.82 3.694699982157573E-13 1.0
7669.71 3.706999984753878E-13 1.0
7674.59 3.7094998839130866E-13 1.0
7679.48 3.6931999884519395E-13 1.0
7684.36 3.672200076573068E-13 1.0
7689.25 3.6751000463339234E-13 1.0
7694.13 3.66160010298322E-13 1.0
7699.01 3.674299905130629E-13 1.0
7703.9 3.6673000248545196E-13 1.0
7708.78 3.660799961779926E-13 1.0
7713.67 3.6541998810549203E-13 1.0
7718.55 3.663999984492017E-13 1.0
7723.44 3.6642000197928404E-13 1.0
7728.32 3.6653999605472387E-13 1.0
7733.21 3.6605999264791023E-13 1.0
7738.09 3.6372998796913025E-13 1.0
7742.98 3.6408999730050406E-13 1.0
7747.86 3.618600102721359E-13 1.0
7752.74 3.611599951394706E-13 1.0
7757.63 3.634399909930447E-13 1.0
7762.51 3.6550000222582146E-13 1.0
7767.4 3.6150000094076207E-13 1.0
7772.28 3.6050998883201124E-13 1.0
7777.17 3.615200044708444E-13 1.0
7782.05 3.601999883258433E-13 1.0
7786.94 3.6050998883201124E-13 1.0
7791.82 3.6032000950633747E-13 1.0
7796.71 3.604900124069832E-13 1.0
7801.59 3.612200057297177E-13 1.0
7806.48 3.6100999576890724E-13 1.0
7811.36 3.5945999323806765E-13 1.0
7816.24 3.590299986564599E-13 1.0
7821.13 3.596600014338369E-13 1.0
7826.01 3.58719998150292E-13 1.0
7830.9 3.5760999196610133E-13 1.0
7835.78 3.560799929653441E-13 1.0
7840.67 3.5678000809800936E-13 1.0
7845.55 3.5434001110883073E-13 1.0
7850.44 3.5297001324367805E-13 1.0
7855.32 3.5632000822127807E-13 1.0
7860.21 3.5584000481446443E-13 1.0
7865.09 3.5608999473038527E-13 1.0
7869.98 3.5764999902626604E-13 1.0
7874.86 3.5373998652152294E-13 1.0
7879.74 3.5338000429520344E-13 1.0
7884.63 3.5286999559326626E-13 1.0
7889.51 3.529500097135957E-13 1.0
7894.4 3.5378999534672884E-13 1.0
7899.28 3.542499952234601E-13 1.0
7904.17 3.53670001271289E-13 1.0
7909.05 3.5183000176436385E-13 1.0
7913.94 3.508000097005026E-13 1.0
7918.82 3.510900066765882E-13 1.0
7923.71 3.517499876440344E-13 1.0
7928.59 3.510900066765882E-13 1.0
7933.47 3.5092000377594246E-13 1.0
7938.36 3.508599931856954E-13 1.0
7943.24 3.5034000982377134E-13 1.0
7948.13 3.5132999482746785E-13 1.0
7953.01 3.5156000831836065E-13 1.0
7957.9 3.480400104401149E-13 1.0
7962.78 3.467700031203197E-13 1.0
7967.67 3.462599944183825E-13 1.0
7972.55 3.4547999227044213E-13 1.0
7977.44 3.4673999782519616E-13 1.0
7982.32 3.4802000691003254E-13 1.0
7987.21 3.4693000425592424E-13 1.0
7992.09 3.449600089085181E-13 1.0
7996.97 3.4455999251697955E-13 1.0
8001.86 3.4298001179607074E-13 1.0
8006.74 3.4256999363949103E-13 1.0
8011.63 3.4350999692303597E-13 1.0
8016.51 3.4318999465182687E-13 1.0
8021.4 3.435900110433654E-13 1.0
8026.28 3.424900066242159E-13 1.0
8031.17 3.4230000019348783E-13 1.0
8036.05 3.406300035872084E-13 1.0
8040.94 3.3937999979749556E-13 1.0
8045.82 3.383700112637167E-13 1.0
8050.7 3.380799871825768E-13 1.0
8055.59 3.392300004269322E-13 1.0
8060.47 3.3860999941459635E-13 1.0
8065.36 3.392700074870969E-13 1.0
8070.24 3.3776001201642203E-13 1.0
8075.13 3.375800073507351E-13 1.0
8080.01 3.35870003684291E-13 1.0
8084.9 3.360500083499779E-13 1.0
8089.78 3.36129995365253E-13 1.0
8094.67 3.359599924646073E-13 1.0
8099.55 3.3552999788299953E-13 1.0
8104.43 3.349500039308284E-13 1.0
8109.32 3.344900040540971E-13 1.0
8114.2 3.3467000871978403E-13 1.0
8119.09 3.3421000884305274E-13 1.0
8123.97 3.347800010301827E-13 1.0
8128.86 3.3524000090691397E-13 1.0
8133.74 3.348200080903474E-13 1.0
8138.62 3.3235000580604523E-13 1.0
8143.51 3.3162001248331074E-13 1.0
8148.39 3.3165999243842115E-13 1.0
8153.28 3.3175000832379176E-13 1.0
8158.16 3.3165999243842115E-13 1.0
8163.05 3.311699872665663E-13 1.0
8167.93 3.311699872665663E-13 1.0
8172.82 3.3003000289230644E-13 1.0
8177.7 3.279999969546532E-13 1.0
8182.58 3.27600007668169E-13 1.0
8187.47 3.2652000677910187E-13 1.0
8192.35 3.25140007148908E-13 1.0
8197.24 3.2492999718809756E-13 1.0
8202.12 3.2533998823962296E-13 1.0
8207.01 3.259100075318072E-13 1.0
8211.89 3.256899958059556E-13 1.0
8216.77 3.2531001004955373E-13 1.0
8221.66 3.259499874869176E-13 1.0
8226.54 3.2538999706482885E-13 1.0
8231.43 3.2449000084144863E-13 1.0
8236.31 3.2348001230766976E-13 1.0
8241.2 3.2234000082835557E-13 1.0
8246.08 3.2184999565650074E-13 1.0
8250.96 3.231500082714195E-13 1.0
8255.85 3.2416999857023954E-13 1.0
8260.73 3.223700061234791E-13 1.0
8265.62 3.220099967921053E-13 1.0
8270.5 3.218599974215419E-13 1.0
8275.39 3.2211998910250395E-13 1.0
8280.27 3.223299990633144E-13 1.0
8285.15 3.2106999350856036E-13 1.0
8290.04 3.1980001329381946E-13 1.0
8294.92 3.1804000080216943E-13 1.0
8299.81 3.187899976549863E-13 1.0
8304.69 3.1913000345627773E-13 1.0
8309.58 3.186500000494641E-13 1.0
8314.46 3.1807000609729297E-13 1.0
8319.34 3.1780001265128976E-13 1.0
8324.23 3.167799952474154E-13 1.0
8329.11 3.1644999121116513E-13 1.0
8334 3.157299996534718E-13 1.0
8338.88 3.162300065903678E-13 1.0
8343.76 3.152299927165758E-13 1.0
8348.65 3.145200029239237E-13 1.0
8353.53 3.1516000746634187E-13 1.0
8358.42 3.1430999296311324E-13 1.0
8363.3 3.140099942219865E-13 1.0
8368.18 3.1389000014654667E-13 1.0
8373.07 3.142000006527146E-13 1.0
8377.95 3.1513000217121834E-13 1.0
8382.84 3.142300059478381E-13 1.0
8387.72 3.119699865192921E-13 1.0
8392.6 3.1156999723280787E-13 1.0
8397.49 3.1221000177522606E-13 1.0
8402.37 3.1184999244385225E-13 1.0
8407.25 3.0957999835531935E-13 1.0
8412.14 3.1118000971136484E-13 1.0
8417.02 3.102300046627787E-13 1.0
8421.91 3.097900083161298E-13 1.0
8426.79 3.096100036504429E-13 1.0
8431.67 3.0995000945173434E-13 1.0
8436.56 3.083299945656065E-13 1.0
8441.44 3.048700072776078E-13 1.0
8446.33 3.057499999709057E-13 1.0
8451.21 3.0744000010726746E-13 1.0
8456.09 3.076100030079132E-13 1.0
8460.98 3.0588999757642787E-13 1.0
8465.86 3.050999936634463E-13 1.0
8470.74 3.0712999960109955E-13 1.0
8475.63 3.053799888744907E-13 1.0
8480.51 3.052100130788993E-13 1.0
8485.4 3.0241000675834684E-13 1.0
8490.28 2.989699958953762E-13 1.0
8495.16 2.9596000671906764E-13 1.0
8500.05 2.9881999652481284E-13 1.0
8504.93 3.0190999982145084E-13 1.0
8509.81 3.0164000637544763E-13 1.0
8514.7 3.0367001231310087E-13 1.0
8519.58 3.005199984262158E-13 1.0
8524.46 2.970700129032583E-13 1.0
8529.35 2.933300032991609E-13 1.0
8534.23 2.829699907551386E-13 1.0
8539.12 2.787700083793643E-13 1.0
8544 2.874299919169293E-13 1.0
8548.88 2.945199964986267E-13 1.0
8553.77 2.986099865640024E-13 1.0
8558.65 2.9908998997081604E-13 1.0
8563.53 2.9873000774449654E-13 1.0
8568.42 2.9943999753714867E-13 1.0
8573.3 2.999200009439623E-13 1.0
8578.18 2.992100111513102E-13 1.0
8583.07 2.9861998832904357E-13 1.0
8587.95 2.9635999600555185E-13 1.0
8592.83 2.957900038184219E-13 1.0
8597.72 2.959700084841088E-13 1.0
8602.6 2.9681999588228314E-13 1.0
8607.48 2.9613000961971336E-13 1.0
8612.37 2.970999910933275E-13 1.0
8617.25 2.957099896980925E-13 1.0
8622.13 2.955300121374599E-13 1.0
8627.02 2.950300052005639E-13 1.0
8631.9 2.953800127668965E-13 1.0
8636.78 2.936200002752465E-13 1.0
8641.67 2.903499923129216E-13 1.0
8646.55 2.88669993941601E-13 1.0
8651.43 2.848499973222285E-13 1.0
8656.31 2.7435998893772517E-13 1.0
8661.2 2.7646000723066666E-13 1.0
8666.08 2.8595000174137797E-13 1.0
8670.96 2.875699895224515E-13 1.0
8675.85 2.8964000252026945E-13 1.0
8680.73 2.8886000037232906E-13 1.0
8685.61 2.915300108524005E-13 1.0
8690.5 2.916199996327168E-13 1.0
8695.38 2.925299976211382E-13 1.0
8700.26 2.932499891788315E-13 1.0
8705.14 2.9359999674516413E-13 1.0
8710.03 2.9092001160510583E-13 1.0
8714.91 2.905800058038144E-13 1.0
8719.79 2.8976999836075046E-13 1.0
8724.67 2.887600098269716E-13 1.0
8729.56 2.8586998762104854E-13 1.0
8734.44 2.8596000350641915E-13 1.0
8739.32 2.849300114425579E-13 1.0
8744.21 2.816299981851095E-13 1.0
8749.09 2.826999973091354E-13 1.0
8753.97 2.840799969393293E-13 1.0
8758.85 2.865299956935491E-13 1.0
8763.74 2.8877001159201277E-13 1.0
8768.62 2.8797000591399E-13 1.0
8773.5 2.878000030133443E-13 1.0
8778.38 2.8709998788067903E-13 1.0
8783.27 2.8622999695242235E-13 1.0
8788.15 2.86339989262821E-13 1.0
8793.03 2.863000093077106E-13 1.0
8797.92 2.852499866087127E-13 1.0
8802.8 2.8504000375295657E-13 1.0
8807.68 2.8586998762104854E-13 1.0
8812.56 2.844800133308678E-13 1.0
8817.44 2.828900037398635E-13 1.0
8822.33 2.8327999126130654E-13 1.0
8827.21 2.8222999566736295E-13 1.0
8832.09 2.831599971858667E-13 1.0
8836.97 2.8215000865208784E-13 1.0
8841.86 2.8169000877535655E-13 1.0
8846.74 2.8050999023587764E-13 1.0
8851.62 2.7776999450557227E-13 1.0
8856.5 2.7434001251269713E-13 1.0
8861.39 2.7281998817192676E-13 1.0
8866.27 2.7637999311033723E-13 1.0
8871.15 2.785800019486362E-13 1.0
8876.03 2.8064998784139983E-13 1.0
8880.91 2.827200008392178E-13 1.0
8885.8 2.815400094047932E-13 1.0
8890.68 2.80659989606441E-13 1.0
8895.56 2.791099870756014E-13 1.0
8900.44 2.77810001565737E-13 1.0
8905.32 2.777100110203795E-13 1.0
8910.21 2.786699907289525E-13 1.0
8915.09 2.7955001052730466E-13 1.0
8919.97 2.808499960371691E-13 1.0
8924.85 2.793099952713707E-13 1.0
8929.73 2.782099908522212E-13 1.0
8934.62 2.774000105142116E-13 1.0
8939.5 2.767600059717934E-13 1.0
8944.38 2.753099939863113E-13 1.0
8949.26 2.7695998706250835E-13 1.0
8954.14 2.774799975294867E-13 1.0
8959.02 2.777599927405311E-13 1.0
8963.91 2.7854999665351265E-13 1.0
8968.79 2.7681998945698616E-13 1.0
8973.67 2.7450998830828854E-13 1.0
8978.55 2.746699894438931E-13 1.0
8983.43 2.7363999738003186E-13 1.0
8988.31 2.735799867897848E-13 1.0
8993.2 2.7324000809354765E-13 1.0
8998.08 2.683000035249433E-13 1.0
9002.96 2.6546999190926734E-13 1.0
9007.84 2.6021001217450823E-13 1.0
9012.72 2.6143001066909755E-13 1.0
9017.6 2.6620001233705615E-13 1.0
9022.48 2.713900068215813E-13 1.0
9027.37 2.712999909362107E-13 1.0
9032.25 2.713900068215813E-13 1.0
9037.13 2.7190999018350537E-13 1.0
9042.01 2.698500060557829E-13 1.0
9046.89 2.7072999874908077E-13 1.0
9051.77 2.7016000656195083E-13 1.0
9056.65 2.684900099556714E-13 1.0
9061.53 2.7159998967733745E-13 1.0
9066.42 2.7320000103338293E-13 1.0
9071.3 2.71129988035565E-13 1.0
9076.18 2.729500111174621E-13 1.0
9081.06 2.7170000732774924E-13 1.0
9085.94 2.683200070550257E-13 1.0
9090.82 2.6665001044874626E-13 1.0
9095.7 2.6801000654885776E-13 1.0
9100.58 2.682099876395727E-13 1.0
9105.46 2.6805998826900934E-13 1.0
9110.34 2.6872999810655107E-13 1.0
9115.22 2.6815000415437995E-13 1.0
9120.11 2.6774001310285456E-13 1.0
9124.99 2.675899866272369E-13 1.0
9129.87 2.6629000111737244E-13 1.0
9134.75 2.679499959586107E-13 1.0
9139.63 2.680000047838166E-13 1.0
9144.51 2.6997000013122274E-13 1.0
9149.39 2.716600002675845E-13 1.0
9154.27 2.716600002675845E-13 1.0
9159.15 2.6958998726976657E-13 1.0
9164.03 2.678200001181297E-13 1.0
9168.91 2.6637998989768874E-13 1.0
9173.79 2.630800037452946E-13 1.0
9178.67 2.624900080280823E-13 1.0
9183.55 2.635800106821906E-13 1.0
9188.43 2.6447000514052965E-13 1.0
9193.31 2.635800106821906E-13 1.0
9198.19 2.6405998698394995E-13 1.0
9203.07 2.6054999087074537E-13 1.0
9207.96 2.5561001340719536E-13 1.0
9212.83 2.5401000205114987E-13 1.0
9217.71 2.4975000908512845E-13 1.0
9222.6 2.4655998813807867E-13 1.0
9227.48 2.4911000454271026E-13 1.0
9232.36 2.5302999170744023E-13 1.0
9237.24 2.553699981512614E-13 1.0
9242.12 2.55349994621179E-13 1.0
9247 2.54719991843802E-13 1.0
9251.88 2.5480000596413144E-13 1.0
9256.76 2.568499883268127E-13 1.0
9261.64 2.5770000283004135E-13 1.0
9266.52 2.5710000534778787E-13 1.0
9271.4 2.567800030765788E-13 1.0
9276.28 2.5715998883298063E-13 1.0
9281.16 2.5596999563351486E-13 1.0
9286.03 2.560799879439135E-13 1.0
9290.91 2.592600071259221E-13 1.0
9295.79 2.5856999375829803E-13 1.0
9300.67 2.573499952637087E-13 1.0
9305.55 2.5635000849497103E-13 1.0
9310.43 2.5518999348557447E-13 1.0
9315.31 2.527700000264782E-13 1.0
9320.19 2.513100133810092E-13 1.0
9325.07 2.526400041859972E-13 1.0
9329.95 2.5233000367982927E-13 1.0
9334.83 2.5361998742465253E-13 1.0
9339.71 2.5305999700256376E-13 1.0
9344.59 2.5047000064282177E-13 1.0
9349.47 2.5105999636003407E-13 1.0
9354.35 2.51999999643579E-13 1.0
9359.23 2.5361001276466566E-13 1.0
9364.11 2.5203000493870253E-13 1.0
9368.98 2.528999958669592E-13 1.0
9373.86 2.5229999838470574E-13 1.0
9378.74 2.5253001187559854E-13 1.0
9383.62 2.5212999548406E-13 1.0
9388.5 2.5267000948112073E-13 1.0
9393.38 2.528999958669592E-13 1.0
9398.26 2.50869989929306E-13 1.0
9403.14 2.505000059379453E-13 1.0
9408.02 2.494600121090429E-13 1.0
9412.9 2.5008001312137873E-13 1.0
9417.77 2.469099957044113E-13 1.0
9422.65 2.46690011083614E-13 1.0
9427.53 2.470399915448923E-13 1.0
9432.41 2.474999914216236E-13 1.0
9437.29 2.4743000617138966E-13 1.0
9442.17 2.500500078262552E-13 1.0
9447.05 2.494000015187958E-13 1.0
9451.92 2.4860999760581426E-13 1.0
9456.8 2.484599982352509E-13 1.0
9461.68 2.471000021351394E-13 1.0
9466.56 2.469199974694525E-13 1.0
9471.44 2.460899864963062E-13 1.0
9476.32 2.46319999987199E-13 1.0
9481.2 2.474000008762661E-13 1.0
9486.07 2.446299998508372E-13 1.0
9490.95 2.4455998749554897E-13 1.0
9495.83 2.4338999782616555E-13 1.0
9500.71 2.431899896303963E-13 1.0
9505.59 2.435600007268113E-13 1.0
9510.46 2.4161000890948747E-13 1.0
9515.34 2.405500115505027E-13 1.0
9520.22 2.404199886049674E-13 1.0
9525.1 2.3718001304282033E-13 1.0
9529.98 2.3685000900657005E-13 1.0
9534.85 2.3385999625528953E-13 1.0
9539.73 2.2843998827987155E-13 1.0
9544.61 2.2977000618991383E-13 1.0
9549.49 2.349099918492331E-13 1.0
9554.37 2.3589000219294276E-13 1.0
9559.24 2.3749001354898824E-13 1.0
9564.12 2.4066000386090136E-13 1.0
9569 2.404699974301733E-13 1.0
9573.88 2.388200043539762E-13 1.0
9578.75 2.3948001242647676E-13 1.0
9583.63 2.379699898507476E-13 1.0
9588.51 2.385899908630834E-13 1.0
9593.39 2.3924999893558396E-13 1.0
9598.26 2.3866000321837166E-13 1.0
9603.14 2.384100133024508E-13 1.0
9608.02 2.3885000964909975E-13 1.0
9612.89 2.3933998771590026E-13 1.0
9617.77 2.374999882089751E-13 1.0
9622.65 2.3421000382162216E-13 1.0
9627.53 2.356000052168572E-13 1.0
9632.4 2.350100094996449E-13 1.0
9637.28 2.360099962683826E-13 1.0
9642.16 2.3563001051198074E-13 1.0
9647.03 2.3407000621609997E-13 1.0
9651.91 2.361499938739048E-13 1.0
9656.79 2.3580001341262646E-13 1.0
9661.67 2.364699961451139E-13 1.0
9666.54 2.3713000421761443E-13 1.0
9671.42 2.3702998656720264E-13 1.0
9676.29 2.3521999235540103E-13 1.0
9681.17 2.3253000545030156E-13 1.0
9686.05 2.333599893183935E-13 1.0
9690.92 2.348799865541096E-13 1.0
9695.8 2.3598999273830024E-13 1.0
9700.68 2.3615999563894596E-13 1.0
9705.55 2.349199936142743E-13 1.0
9710.43 2.3176000506740235E-13 1.0
9715.31 2.309700011544208E-13 1.0
9720.18 2.295599962291034E-13 1.0
9725.06 2.295599962291034E-13 1.0
9729.94 2.295199891689387E-13 1.0
9734.81 2.301100119912053E-13 1.0
9739.69 2.285100006351598E-13 1.0
9744.56 2.2808000605355205E-13 1.0
9749.44 2.283800047946788E-13 1.0
9754.32 2.299300073255184E-13 1.0
9759.19 2.302400078316863E-13 1.0
9764.07 2.3011998665119215E-13 1.0
9768.94 2.2948000921382827E-13 1.0
9773.82 2.292900027831002E-13 1.0
9778.7 2.299999925757523E-13 1.0
9783.57 2.300500014009582E-13 1.0
9788.45 2.3194000973308926E-13 1.0
9793.32 2.285600094603657E-13 1.0
9798.2 2.2844999004491273E-13 1.0
9803.07 2.305899882929646E-13 1.0
9807.95 2.287399870209983E-13 1.0
9812.83 2.2675000169603693E-13 1.0
9817.7 2.2516000565755978E-13 1.0
9822.58 2.252900014980408E-13 1.0
9827.45 2.262599965241821E-13 1.0
9832.33 2.256100037692499E-13 1.0
9837.2 2.2616000597882463E-13 1.0
9842.08 2.2608000541102236E-13 1.0
9846.95 2.2608000541102236E-13 1.0
9851.83 2.272200033378094E-13 1.0
9856.7 2.2498000099187287E-13 1.0
9861.58 2.234000067184369E-13 1.0
9866.45 2.2433999644945468E-13 1.0
9871.33 2.214899948562235E-13 1.0
9876.2 2.2519999916519734E-13 1.0
9881.08 2.2788999962282397E-13 1.0
9885.95 2.2701999514204013E-13 1.0
9890.83 2.2510999683235389E-13 1.0
9895.7 2.2446000407742167E-13 1.0
9900.58 2.2307000268218663E-13 1.0
9905.45 2.2001000468067217E-13 1.0
9910.33 2.214299978185036E-13 1.0
9915.2 2.2063999390552202E-13 1.0
9920.07 2.2094000619917592E-13 1.0
9924.95 2.2364999663435775E-13 1.0
9929.82 2.207000044957691E-13 1.0
9934.7 2.2078000506357137E-13 1.0
9939.57 2.206499956705632E-13 1.0
9944.45 2.2033999516439529E-13 1.0
9949.32 2.1985000354506762E-13 1.0
9954.19 2.1865999679307468E-13 1.0
9959.07 2.1934999660817162E-13 1.0
9963.94 2.2041999573219756E-13 1.0
9968.82 2.1842999685470904E-13 1.0
9973.69 2.1770000353197455E-13 1.0
9978.56 2.1991000058278753E-13 1.0
9983.44 2.194199954109327E-13 1.0
9988.31 2.188299996937204E-13 1.0
9993.18 2.180000022731013E-13 1.0
9998.06 2.194299971759739E-13 1.0
10002.9 2.200599999533509E-13 1.0
10007.8 2.1937000013825397E-13 1.0
10012.7 2.188299996937204E-13 1.0
10017.6 2.1916000372997069E-13 1.0
10022.4 2.167700020134708E-13 1.0
10027.3 2.1288999480385123E-13 1.0
10032.2 2.107000012831206E-13 1.0
10037 2.099999997029825E-13 1.0
10041.9 2.05299996837785E-13 1.0
10046.8 2.0484999872609488E-13 1.0
10051.7 2.0663000119530012E-13 1.0
10056.5 2.101299955434635E-13 1.0
10061.4 2.112199981975718E-13 1.0
10066.3 2.1288999480385123E-13 1.0
10071.2 2.1272000545573266E-13 1.0
10076 2.1452999966753428E-13 1.0
10080.9 2.1209000267835565E-13 1.0
10085.8 2.1119000645497543E-13 1.0
10090.6 2.1175999864210537E-13 1.0
10095.5 2.1402000451812425E-13 1.0
10100.4 2.1313999827229924E-13 1.0
10105.3 2.1312999650725806E-13 1.0
10110.1 2.1398999922300072E-13 1.0
10115 2.1457999494021301E-13 1.0
10119.9 2.1366999695179162E-13 1.0
10124.8 2.157399963970824E-13 1.0
10129.6 2.170900042846799E-13 1.0
10134.5 2.1526000654279592E-13 1.0
10139.4 2.1608000219837387E-13 1.0
10144.2 2.13819996322355E-13 1.0
10149.1 2.1452999966753428E-13 1.0
10154 2.1442999556964965E-13 1.0
10158.9 2.115400004687809E-13 1.0
10169.3 2.1158999574145965E-13 1.0
10197.4 2.1052999838247488E-13 1.0
10225.6 2.0921999755504211E-13 1.0
10253.7 2.078000044172107E-13 1.0
10281.8 2.0642000478701683E-13 1.0
10310 2.0511000395958406E-13 1.0
10338.1 2.0344999556581866E-13 1.0
10366.3 2.025700028725208E-13 1.0
10394.4 2.0215999826846826E-13 1.0
10422.5 2.008499974410355E-13 1.0
10450.7 1.9937999547799817E-13 1.0
10478.8 1.980500046730102E-13 1.0
10507 1.969600020189019E-13 1.0
10535.1 1.9575000528935377E-13 1.0
10563.3 1.954200012531035E-13 1.0
10591.4 1.9429999330387165E-13 1.0
10619.5 1.9294999896880133E-13 1.0
10647.7 1.924599937969465E-13 1.0
10675.8 1.900799938454878E-13 1.0
10704 1.8868000423773873E-13 1.0
10732.1 1.8778999622687254E-13 1.0
10760.2 1.8622000371847774E-13 1.0
10788.4 1.8610999785555193E-13 1.0
10816.5 1.8536000100273509E-13 1.0
10844.7 1.831699939294773E-13 1.0
10872.8 1.8075000047038103E-13 1.0
10900.9 1.7781999830934758E-13 1.0
10929.1 1.7688999679084383E-13 1.0
10957.2 1.7666999861751936E-13 1.0
10985.4 1.7603999584014235E-13 1.0
11013.5 1.772200008270941E-13 1.0
11041.6 1.7639000340647498E-13 1.0
11069.8 1.7536999955512778E-13 1.0
11097.9 1.7423000162834074E-13 1.0
11126.1 1.7271000439262468E-13 1.0
11154.2 1.722500045158934E-13 1.0
11182.3 1.7079000431789726E-13 1.0
11210.5 1.6973999517142652E-13 1.0
11238.6 1.6952999876314323E-13 1.0
11266.8 1.6841000436643855E-13 1.0
11294.9 1.670900017739646E-13 1.0
11323.1 1.6579000271157301E-13 1.0
11351.2 1.6430999898349452E-13 1.0
11379.3 1.6244999594648701E-13 1.0
11407.5 1.6113999511905425E-13 1.0
11435.6 1.608200064003723E-13 1.0
11463.8 1.5998999542722603E-13 1.0
11491.9 1.5885999926548017E-13 1.0
11520 1.5874000519004033E-13 1.0
11548.2 1.5833000058598778E-13 1.0
11576.3 1.5680000158523055E-13 1.0
11604.5 1.5590000536185034E-13 1.0
11632.6 1.5430999577084603E-13 1.0
11660.7 1.5282000383025351E-13 1.0
11688.9 1.5163999884330176E-13 1.0
11720.6 1.5331999721462236E-13 1.0
11760.6 1.5190000407679094E-13 1.0
11800.6 1.5050000091651472E-13 1.0
11840.6 1.487799954850294E-13 1.0
11880.6 1.4739999585483554E-13 1.0
11920.6 1.461200003225263E-13 1.0
11960.6 1.4478999596501119E-13 1.0
12000.6 1.4346000516002322E-13 1.0
12040.6 1.4231999368070902E-13 1.0
12080.6 1.411699939888808E-13 1.0
12120.6 1.402400060229042E-13 1.0
12160.6 1.396700002832471E-13 1.0
12200.6 1.387899940374221E-13 1.0
12240.6 1.3760000083795632E-13 1.0
12280.5 1.363100035406059E-13 1.0
12320.5 1.3531000321934106E-13 1.0
12360.5 1.3450999754131832E-13 1.0
12400.5 1.334999954550123E-13 1.0
12440.5 1.3225999343034062E-13 1.0
12480.5 1.3087000558763273E-13 1.0
12520.5 1.298000064636068E-13 1.0
12560.5 1.286599949842926E-13 1.0
12600.5 1.2740000298206572E-13 1.0
12640.5 1.2610000391967413E-13 1.0
12680.5 1.245899948964721E-13 1.0
12720.5 1.2330999936416287E-13 1.0
12760.5 1.21800003893488E-13 1.0
12800.5 1.205299965736928E-13 1.0
12840.5 1.1998999612915923E-13 1.0
12880.5 1.1964000211535375E-13 1.0
12920.5 1.1925000104138356E-13 1.0
12960.4 1.1858000475636898E-13 1.0
13000.4 1.182500007201187E-13 1.0
13040.4 1.1782999435102498E-13 1.0
13080.4 1.172800056939774E-13 1.0
13120.4 1.1660999585643567E-13 1.0
13160.4 1.1550000322477216E-13 1.0
13200.4 1.1466000403911186E-13 1.0
13240.4 1.1389000365621266E-13 1.0
13280.4 1.1305999945932996E-13 1.0
13320.4 1.1200999708912279E-13 1.0
13360.4 1.1089000269241811E-13 1.0
13400.4 1.1015000082837886E-13 1.0
13440.4 1.0940999896433962E-13 1.0
13480.4 1.0847000245705826E-13 1.0
13520.4 1.0752999917351333E-13 1.0
13560.4 1.0685000112345758E-13 1.0
13600.4 1.0620000159226178E-13 1.0
13640.4 1.0563999761764586E-13 1.0
13680.3 1.0510999893815348E-13 1.0
13720.3 1.0456999849361992E-13 1.0
13760.3 1.0408000009802867E-13 1.0
13800.3 1.0336999675284939E-13 1.0
13840.3 1.0256999785109022E-13 1.0
13880.3 1.0179000247941342E-13 1.0
13920.3 1.0091999799862958E-13 1.0
13960.3 1.0007999881296928E-13 1.0
14000.3 9.926200215514686E-14 1.0
14040.3 9.839300056137257E-14 1.0
14080.3 9.775599790371944E-14 1.0
14120.3 9.722500311348109E-14 1.0
14160.3 9.652599764408895E-14 1.0
14200.3 9.579099666257029E-14 1.0
14240.3 9.53429975486357E-14 1.0
14280.3 9.479700011083558E-14 1.0
14320.3 9.408900253967539E-14 1.0
14360.2 9.35189968000183E-14 1.0
14400.2 9.296500337119609E-14 1.0
14440.2 9.236600199968859E-14 1.0
14480.2 9.170999869896265E-14 1.0
14520.2 9.130099698191965E-14 1.0
14560.2 9.086100063527072E-14 1.0
14600.2 9.019399945875764E-14 1.0
14640.2 8.957199944866628E-14 1.0
14680.2 8.911500145670007E-14 1.0
14720.2 8.861899929157868E-14 1.0
14760.2 8.780699962702282E-14 1.0
14800.2 8.701499671628574E-14 1.0
14840.2 8.649499980183453E-14 1.0
14880.2 8.61370030207434E-14 1.0
14920.2 8.563700286011097E-14 1.0
14960.2 8.492599662792213E-14 1.0
15000.2 8.431399838287196E-14 1.0
15040.2 8.380699834196342E-14 1.0
15080.1 8.344200168059618E-14 1.0
15120.1 8.295100039799538E-14 1.0
15160.1 8.238800131487797E-14 1.0
15200.1 8.181300146896386E-14 1.0
15240.1 8.131800219085203E-14 1.0
15280.1 8.086500219439685E-14 1.0
15320.1 8.034600139069162E-14 1.0
15360.1 8.003100000200311E-14 1.0
15400.1 7.964700269756306E-14 1.0
15440.1 7.921700133969173E-14 1.0
15480.1 7.858100156904815E-14 1.0
15520.1 7.792200315982073E-14 1.0
15560.1 7.744099686599754E-14 1.0
15600.1 7.691400007127022E-14 1.0
15640.1 7.619799973282437E-14 1.0
15680.1 7.537799730098285E-14 1.0
15720.1 7.474199753033928E-14 1.0
15760 7.422200061588807E-14 1.0
15800 7.387199982581902E-14 1.0
15840 7.34390033594462E-14 1.0
15880 7.307700180658044E-14 1.0
15920 7.266499820477237E-14 1.0
15960 7.215000217284176E-14 1.0
16000 7.160599695653358E-14 1.0
16040 7.103700088014961E-14 1.0
16080 7.04620010342355E-14 1.0
16120 7.001400192030091E-14 1.0
16160 6.975499957382128E-14 1.0
16200 6.927000206075062E-14 1.0
16240 6.88039984144892E-14 1.0
16280 6.821499880802287E-14 1.0
16320 6.746599806595199E-14 1.0
16360 6.673599796695392E-14 1.0
16400 6.611800272863719E-14 1.0
16440 6.571100000934971E-14 1.0
16479.9 6.545800143240021E-14 1.0
16519.9 6.518400321462239E-14 1.0
16559.9 6.481799688998202E-14 1.0
16599.9 6.431099684907349E-14 1.0
16639.9 6.360699727342434E-14 1.0
16679.9 6.287499817667075E-14 1.0
16719.9 6.215399695570431E-14 1.0
16759.9 6.140500298989701E-14 1.0
16799.9 6.068699687743206E-14 1.0
16839.9 6.03080004555126E-14 1.0
16879.9 6.014099943963194E-14 1.0
16919.9 6.000899782513183E-14 1.0
16959.9 5.978199977153126E-14 1.0
16999.9 5.946100138957619E-14 1.0
17039.9 5.904100179674604E-14 1.0
17079.9 5.846300006606686E-14 1.0
17119.9 5.789100210491782E-14 1.0
17159.8 5.734099989534308E-14 1.0
17199.8 5.680400133557459E-14 1.0
17239.8 5.608100111685263E-14 1.0
17279.8 5.522400028587504E-14 1.0
17319.8 5.439100098049085E-14 1.0
17359.8 5.3755001209847275E-14 1.0
17399.8 5.351599900531821E-14 1.0
17439.8 5.355699878809711E-14 1.0
17479.8 5.3488998983091535E-14 1.0
17519.8 5.323799940389756E-14 1.0
17559.8 5.2938000662770823E-14 1.0
17599.8 5.257400011214955E-14 1.0
17639.8 5.212100011569437E-14 1.0
17679.8 5.162199945393971E-14 1.0
17719.8 5.125500040668515E-14 1.0
17759.8 5.087099971411331E-14 1.0
17799.8 5.046099849819255E-14 1.0
17839.8 5.002699914481018E-14 1.0
17879.7 4.9661999095311146E-14 1.0
17919.7 4.930800030973105E-14 1.0
17959.7 4.8849999430755284E-14 1.0
17999.7 4.8381000675992367E-14 1.0
18039.7 4.781599920698765E-14 1.0
18079.7 4.724600024359413E-14 1.0
18119.7 4.653400128879111E-14 1.0
18159.7 4.592000065785362E-14 1.0
18199.7 4.553400096752626E-14 1.0
18239.7 4.5438001641416245E-14 1.0
18279.7 4.535700157473621E-14 1.0
18319.7 4.519799993800942E-14 1.0
18359.7 4.496600100188826E-14 1.0
18399.7 4.4581000810438656E-14 1.0
18439.7 4.427899968342461E-14 1.0
18479.7 4.3907999252527224E-14 1.0
18519.7 4.364700129642386E-14 1.0
18559.7 4.3183999534927506E-14 1.0
18599.6 4.2763000443219595E-14 1.0
18639.6 4.2068999244479835E-14 1.0
18679.6 4.1384000311903493E-14 1.0
18719.6 4.0511000722618165E-14 1.0
18759.6 4.027899839836521E-14 1.0
18799.6 4.0639000953475446E-14 1.0
18839.6 4.057200064734763E-14 1.0
18879.6 4.0654999711783185E-14 1.0
18934.2 4.02960000436825E-14 1.0
18991.6 3.990399997195679E-14 1.0
19048.9 3.9411999190478234E-14 1.0
19106.3 3.893199917179638E-14 1.0
19163.7 3.8524000341762926E-14 1.0
19221.1 3.8111000629208885E-14 1.0
19278.5 3.7707999293564234E-14 1.0
19335.9 3.706900102628738E-14 1.0
19393.2 3.64019998497743E-14 1.0
19450.6 3.6029999919999153E-14 1.0
19508 3.593300109501138E-14 1.0
19565.4 3.5860000407485215E-14 1.0
19622.8 3.563600085051792E-14 1.0
19680.2 3.5305000703521675E-14 1.0
19737.6 3.4874999345650345E-14 1.0
19794.9 3.4463998630851825E-14 1.0
19852.3 3.412200060806843E-14 1.0
19909.7 3.379100046107218E-14 1.0
19967.1 3.3480999954904264E-14 1.0
20024.5 3.313899854398908E-14 1.0
20081.9 3.280200140372627E-14 1.0
20139.2 3.2486000516160005E-14 1.0
20196.6 3.2183999389145956E-14 1.0
20254 3.187399888297804E-14 1.0
20311.4 3.157699863848458E-14 1.0
20368.8 3.127099951595949E-14 1.0
20426.2 3.097600165735334E-14 1.0
20483.6 3.068899978976927E-14 1.0
20540.9 3.0351999261374676E-14 1.0
20598.3 3.004300164221631E-14 1.0
20655.7 2.973900151744674E-14 1.0
20713.1 2.943000051015658E-14 1.0
20770.5 2.913200076678536E-14 1.0
20827.9 2.8806001502309705E-14 1.0
20885.3 2.851299925332729E-14 1.0
20942.6 2.8247999913581096E-14 1.0
21000 2.7984000072712664E-14 1.0
21057.4 2.7730000302819517E-14 1.0
21114.8 2.7423999486228534E-14 1.0
21172.2 2.7145000385930124E-14 1.0
21229.6 2.689699930336943E-14 1.0
21286.9 2.671699971988021E-14 1.0
21344.3 2.6466999639563997E-14 1.0
21401.7 2.61419998739661E-14 1.0
21459.1 2.584400013059488E-14 1.0
21516.5 2.550800079514394E-14 1.0
21573.9 2.51359991713029E-14 1.0
21631.3 2.4832000740599228E-14 1.0
21688.6 2.465000046528859E-14 1.0
21746 2.458699984873771E-14 1.0
21803.4 2.4533999303162114E-14 1.0
21860.8 2.4407000265248488E-14 1.0
21918.2 2.4220000801483156E-14 1.0
21975.6 2.3998000242271382E-14 1.0
22032.9 2.373499990028071E-14 1.0
22090.3 2.3481999629265324E-14 1.0
22147.7 2.3288000285223882E-14 1.0
22205.1 2.3093999247116546E-14 1.0
22262.5 2.2923999734602608E-14 1.0
22319.9 2.2744000151113386E-14 1.0
22377.3 2.2506000833593873E-14 1.0
22434.6 2.2311000296608777E-14 1.0
22492 2.212299963989979E-14 1.0
22549.4 2.1932999985435284E-14 1.0
22606.8 2.1747999519425472E-14 1.0
22664.2 2.1487999368133975E-14 1.0
22721.6 2.1247999358793047E-14 1.0
22779 2.108499972655522E-14 1.0
22836.3 2.090899983264293E-14 1.0
22893.7 2.0685999774553397E-14 1.0
22951.1 2.0462000217586103E-14 1.0
23008.5 2.0270999370177942E-14 1.0
23065.9 2.0100999857664004E-14 1.0
23123.3 1.9932999342905586E-14 1.0
23180.6 1.973599980816497E-14 1.0
23238 1.9557999222431267E-14 1.0
23295.4 1.9396000783137093E-14 1.0
23352.8 1.925100060102842E-14 1.0
23410.2 1.9119000680594203E-14 1.0
23467.6 1.8927000334308282E-14 1.0
23525 1.8725999415924836E-14 1.0
23582.3 1.851599961950976E-14 1.0
23639.7 1.8332000346443604E-14 1.0
23697.1 1.816799952126212E-14 1.0
23754.5 1.8000000700569598E-14 1.0
23811.9 1.7869000279013142E-14 1.0
23869.3 1.7721999405083053E-14 1.0
23926.7 1.754800020299218E-14 1.0
23984 1.7379999688233762E-14 1.0
24041.4 1.7203999794321474E-14 1.0
24098.8 1.7003000570003923E-14 1.0
24156.2 1.6794000272466608E-14 1.0
24213.6 1.6599999234359272E-14 1.0
24271 1.6453999553372838E-14 1.0
24328.3 1.6321999632938622E-14 1.0
24385.7 1.614899992972551E-14 1.0
24443.1 1.5963999463715697E-14 1.0
24500.5 1.5831000044403722E-14 1.0
24557.9 1.5682999671595872E-14 1.0
24615.3 1.562400043868782E-14 1.0
24672.7 1.5648999769093085E-14 1.0
24730 1.563199981784169E-14 1.0
24787.4 1.5578999272266095E-14 1.0
