3050.00 1.395
3084.65 1.283
3119.31 1.181
3153.96 1.088
3188.61 1.004
3223.27 0.929
3257.92 0.861
3292.57 0.801
3327.23 0.748
3361.88 0.700
3396.54 0.659
3431.19 0.623
3465.84 0.591
3500.50 0.564
3535.15 0.540
3569.80 0.520
3604.46 0.502
3639.11 0.487
3673.76 0.473
3708.42 0.460
3743.07 0.448
3777.72 0.436
3812.38 0.425
3847.03 0.414
3881.69 0.402
3916.34 0.391
3950.99 0.381
3985.65 0.370
4020.30 0.360
4054.95 0.349
4089.61 0.339
4124.26 0.330
4158.91 0.321
4193.57 0.313
4228.22 0.304
4262.87 0.296
4297.53 0.289
4332.18 0.281
4366.83 0.274
4401.49 0.267
4436.14 0.260
4470.79 0.254
4505.45 0.247
4540.10 0.241
4574.76 0.236
4609.41 0.230
4644.06 0.225
4678.72 0.220
4713.37 0.215
4748.02 0.210
4782.68 0.206
4817.33 0.202
4851.98 0.198
4886.64 0.194
4921.29 0.190
4955.94 0.187
4990.60 0.184
5025.25 0.181
5059.91 0.178
5094.56 0.176
5129.21 0.173
5163.87 0.171
5198.52 0.169
5233.17 0.167
5267.83 0.166
5302.48 0.164
5337.13 0.163
5371.79 0.162
5406.44 0.160
5441.09 0.159
5475.75 0.158
5510.40 0.158
5545.05 0.157
5579.71 0.156
5614.36 0.155
5649.02 0.155
5683.67 0.154
5718.32 0.153
5752.98 0.153
5787.63 0.152
5822.28 0.151
5856.94 0.151
5891.59 0.150
5926.24 0.149
5960.90 0.149
5995.55 0.148
6030.20 0.147
6064.86 0.146
6099.51 0.144
6134.17 0.143
6168.82 0.142
6203.47 0.140
6238.13 0.138
6272.78 0.136
6307.43 0.134
6342.09 0.132
6376.74 0.129
6411.39 0.126
6446.05 0.123
6480.70 0.120
6482.85 0.120
6535.38 0.115
6587.91 0.111
6640.44 0.107
6692.96 0.103
6745.49 0.099
6798.02 0.096
6850.55 0.092
6903.07 0.088
6955.60 0.085
7008.13 0.082
7060.65 0.078
7113.18 0.075
7165.71 0.072
7218.24 0.069
7270.76 0.066
7323.29 0.064
7375.82 0.061
7428.35 0.058
7480.87 0.056
7533.40 0.053
7585.93 0.051
7638.45 0.049
7690.98 0.047
7743.51 0.045
7796.04 0.043
7848.56 0.041
7901.09 0.039
7953.62 0.037
8006.15 0.035
8058.67 0.034
8111.20 0.032
8163.73 0.030
8216.25 0.029
8268.78 0.028
8321.31 0.026
8373.84 0.025
8426.36 0.024
8478.89 0.023
8531.42 0.022
8583.95 0.020
8636.47 0.019
8689.00 0.019
8741.53 0.018
8794.05 0.017
8846.58 0.016
8899.11 0.015
8951.64 0.015
9004.16 0.014
9056.69 0.013
9109.22 0.013
9161.75 0.012
9214.27 0.011
9266.80 0.011
9319.33 0.011
9371.85 0.010
9424.38 0.010
9476.91 0.009
9529.44 0.009
9581.96 0.009
9634.49 0.008
9687.02 0.008
9739.55 0.008
9792.07 0.007
9844.60 0.007
9897.13 0.007
9949.65 0.007
10002.2 0.007
10054.7 0.006
10107.2 0.006
10159.8 0.006
10212.3 0.006
10264.8 0.006
10317.3 0.006
10369.9 0.005
10422.4 0.005
10474.9 0.005
10527.5 0.005
10580.0 0.005
10632.5 0.005
10685.0 0.004
10737.6 0.004
10790.1 0.004
10842.6 0.004
10895.1 0.003
10947.7 0.003
11000.2 0.003
