      1195.0	     27.3471955058
      1205.0	     25.0936872771
      1215.0	     22.7199842386
      1225.0	      24.268480773
      1235.0	      27.651386082
      1245.0	      28.101504136
      1255.0	     28.2879353946
      1265.0	      28.043964893
      1275.0	     28.6179593752
      1285.0	     28.8306983115
      1295.0	     27.8686271763
      1305.0	      26.674266382
      1315.0	     27.8797370129
      1325.0	     27.8232081153
      1335.0	     26.2612222934
      1345.0	     27.6981718966
      1355.0	     27.8858885921
      1365.0	     28.0881135151
      1375.0	     28.1396287383
      1385.0	     27.7638508079
      1395.0	     27.0065790818
      1405.0	     27.2800401813
      1415.0	     27.6891799896
      1425.0	     27.5603418755
      1435.0	     27.4521527279
      1445.0	     27.4387284549
      1455.0	     27.3359857062
      1465.0	      27.058305118
      1475.0	     26.8500227424
      1485.0	     26.8766900167
      1495.0	     26.8912069411
      1505.0	       26.78264757
      1515.0	     26.7000344733
      1525.0	     26.4282277395
      1535.0	     26.2972900965
      1545.0	     25.7716892483
      1555.0	     25.7194887753
      1565.0	      25.887472302
      1575.0	     25.9522924913
      1585.0	     25.9677981474
      1595.0	     25.9088152311
      1605.0	     25.7855020895
      1615.0	     25.6198140388
      1625.0	      25.468921196
      1635.0	     25.3111969361
      1645.0	     25.2541900501
      1655.0	     24.8481486459
      1665.0	      24.918645653
      1675.0	     24.9398349157
      1685.0	     24.7575780496
      1695.0	       24.46916716
      1705.0	     24.3287251669
      1715.0	     24.2686485197
      1725.0	     24.1998143889
      1735.0	     24.1316805046
      1745.0	      23.934140341
      1755.0	      23.732508988
      1765.0	     23.5850567105
      1775.0	      23.418756849
      1785.0	     23.3035374574
      1795.0	     23.2659811092
      1805.0	      23.089499989
      1815.0	       22.85834437
      1825.0	     22.8475452095
      1835.0	     22.8377198556
      1845.0	     22.9199771875
      1855.0	     22.7866184113
      1865.0	     22.6047042142
      1875.0	      22.475600628
      1885.0	     22.3677837521
      1895.0	     22.2671568443
      1905.0	     22.2002159247
      1915.0	     22.0779123997
      1925.0	     22.0775840807
      1935.0	     22.1555969814
      1945.0	     21.8011959623
      1955.0	     21.7444120857
      1965.0	     21.6255565631
      1975.0	     21.5808063564
      1985.0	      21.572486027
      1995.0	     21.4823078776
     2005.65	     21.3673629054
     2015.65	     21.2574995893
     2025.65	     21.2173211245
     2035.65	     21.0875558327
     2045.66	     20.9615635815
     2055.66	      20.918886224
     2065.66	     20.8551899086
     2075.66	     20.6984501116
     2085.66	     20.5065124101
     2095.67	     20.1239668471
     2105.67	     19.8236966365
     2115.67	     19.6150832207
     2125.67	     19.6787885366
     2135.67	     19.6116866941
     2145.68	     19.3939875077
     2155.68	     19.4935963945
     2165.68	     19.6078531275
     2175.68	      19.504198816
     2185.68	     19.2429128519
     2195.69	     19.1718979239
     2205.69	      19.152302977
     2215.69	     19.3381468807
     2225.69	     19.0844869357
     2235.69	     18.8167178405
      2245.7	     18.8781905813
      2255.7	     18.9964017288
      2265.7	     19.2921865588
      2275.7	     19.2763019085
     2285.71	     18.9774170416
     2295.71	     19.0606088598
     2305.71	     18.9545830819
     2315.71	     18.9696148505
     2325.71	     18.9137034575
     2335.72	     19.0889192867
     2345.72	     19.2313112688
     2355.72	     18.9243487319
     2365.72	     18.9736835297
     2375.73	     18.9675259839
     2385.73	     19.1157314614
     2395.73	     19.0501363033
     2405.73	     19.1620962549
     2415.73	      18.871456345
     2425.74	       18.51663693
     2435.74	     18.5716606717
     2445.74	     18.6555285597
     2455.74	     18.8731112728
     2465.75	     18.8436941965
     2475.75	     18.7312355848
     2485.75	     18.9341247905
     2495.75	     18.6972389929
     2505.75	     18.6155518316
     2515.76	     18.8948847319
     2525.76	     19.0025104213
     2535.76	     18.7590466268
     2545.76	     18.5934373221
     2555.77	     18.2774865426
     2565.77	     17.9985833733
     2575.77	     17.7625744921
     2585.77	     17.7566669432
     2595.78	     17.9428893816
     2605.78	     18.1477501437
     2615.78	     18.0930644618
     2625.78	     17.9229520677
     2635.79	     17.4250046217
     2645.79	      16.956357751
     2655.79	     16.9338044238
     2665.79	      16.940633676
     2675.79	     16.9256069766
      2685.8	     16.9481325178
      2695.8	     16.9627978812
      2705.8	     16.8327760201
      2715.8	     17.0151574299
     2725.81	     17.1467353137
     2735.81	     17.1361367055
     2745.81	     17.5585735019
     2755.81	      17.254066145
     2765.82	     16.8899668187
     2775.82	     16.9204913616
     2785.82	      17.331699114
     2795.82	     17.9776163786
     2805.83	     17.8648332107
     2815.83	     17.0141220987
     2825.83	     16.6372136939
     2835.83	     16.5586920158
     2845.84	     16.8599439889
     2855.84	      17.250569156
     2865.84	     16.5091294478
     2875.84	     16.4553434649
     2885.85	     16.4956498804
     2895.85	     16.0702067038
     2905.85	     15.8010015819
     2915.85	     15.8303467842
     2925.86	      15.941556806
     2935.86	     15.9043725512
     2945.86	     15.9526282038
     2955.86	     15.8575083815
     2965.87	     15.9399911268
     2975.87	     15.9350591675
     2985.87	     16.0198310646
     2995.87	     15.9694027296
     3005.88	     16.1138552508
     3015.88	     16.0191540068
     3025.88	     15.9362389046
     3035.88	     15.6682385995
     3045.89	     15.6936637764
     3055.89	     15.7018416549
     3065.89	     15.7669866789
     3075.89	      15.650046882
      3085.9	     15.6487886127
      3095.9	     15.8662978115
      3105.9	     15.6125932264
      3115.9	     15.4380067803
     3125.91	       15.54537192
     3135.91	      15.468942777
     3145.91	     15.5198638817
     3155.91	     15.5635145785
     3165.92	     15.5580438562
     3175.92	     15.3323427631
     3185.92	     15.4889554825
     3195.92	     15.4088003807
     3205.93	     15.2689468067
     3215.93	     15.4140034276
     3225.93	     15.4245228574
     3235.93	     15.4616016515
     3245.94	     15.3025828487
     3255.94	     15.1419370084
     3265.94	     15.0160623081
     3275.94	     15.0389014539
     3285.95	     15.0727919699
     3295.95	     14.9094183501
     3305.95	     14.9497353824
     3315.95	     14.9982985146
     3325.96	     15.0033626202
     3335.96	     15.0368042306
     3345.96	     14.9868426863
     3355.96	     14.9983718077
     3365.97	     15.1570708575
     3375.97	       15.10752868
     3385.97	     15.0032428766
     3395.97	     14.9540265314
     3405.98	     14.8958818985
     3415.98	     14.9812462473
     3425.98	     14.8962590298
     3435.98	     14.9367021185
     3445.99	     15.1226005929
     3455.99	     14.9391008613
     3465.99	     14.9471406271
     3475.99	     14.9701492996
      3486.0	     14.9682090748
      3496.0	     14.9704136344
      3506.0	     14.7876704139
     3516.01	     14.8547841714
     3526.01	     14.9307972449
     3536.01	     14.7852552756
     3546.01	     14.7018867992
     3556.02	     14.7604089568
     3566.02	     14.9059504962
     3576.02	     15.0434190477
     3586.02	      15.184750861
     3596.03	     14.7910666155
     3606.03	     14.8122413051
     3616.03	     14.9117154431
     3626.03	     14.7677709142
     3636.04	     14.7633585287
     3646.04	     14.7396892022
     3656.04	     14.5929666863
     3666.04	     14.5146407795
     3676.05	     14.5551127987
     3686.05	     14.6244066046
     3696.05	     14.5003384864
     3706.05	     14.5734928696
     3716.06	     14.5364899723
     3726.06	     14.6465323269
     3736.06	     14.7879436668
     3746.06	     14.8057543384
     3756.07	     14.6226959687
     3766.07	     14.5925884477
     3776.07	     14.4075657568
     3786.07	     14.3657084535
     3796.08	     14.5952670179
     3806.08	     14.4620542447
     3816.08	     14.5731258125
     3826.09	     14.9051548341
     3836.09	     15.0537615516
     3846.09	     14.6851141462
     3856.09	     14.6237572356
      3866.1	     14.6207269495
      3876.1	     14.6192894032
      3886.1	     14.6342652015
      3896.1	     14.4386588627
     3906.11	     14.3680274241
     3916.11	     14.2829462461
     3926.11	      14.572803352
     3936.11	     15.1738864386
     3946.12	     14.5556185363
     3956.12	     14.2822094892
     3966.12	     14.7447818146
     3976.12	     14.6511856584
     3986.13	     14.1058109077
     3996.13	     14.0042070202
     4006.13	     13.9865575693
     4016.14	     13.9383634353
     4026.14	     13.9249041814
     4036.14	     13.9656871596
     4046.14	     13.9674741782
     4056.15	      13.966176861
     4066.15	     14.0125184752
     4076.15	      13.983121244
     4086.15	      13.908351983
     4096.16	     13.9173111719
     4106.16	     14.0925042061
     4116.16	     13.8789709654
     4126.16	     13.8905167171
     4136.17	     13.9060295657
     4146.17	     13.9125706843
     4156.17	     13.9092121904
     4166.17	     13.8379509617
     4176.18	     13.9427662492
     4186.18	     13.9252825387
     4196.18	      13.909221631
     4206.18	     13.8683491065
     4216.19	     13.8388153009
     4226.19	     13.9723000891
     4236.19	     13.8822656724
      4246.2	      13.841641613
      4256.2	     13.8822095527
      4266.2	     13.8751981906
      4276.2	     13.9556912843
     4286.21	     13.9382604617
     4296.21	     14.0124551935
     4306.21	     14.2919714559
     4316.21	     13.8575735423
     4326.22	     13.8785502727
     4336.22	     13.8189978979
     4346.22	     13.8528559728
     4356.22	     13.8140232699
     4366.23	     13.6861289159
     4376.23	     13.7525063161
     4386.23	     13.9019056694
     4396.23	     13.7312733846
     4406.24	     13.7955366554
     4416.24	     13.6602764192
     4426.24	     13.6282270661
     4436.25	     13.6628682414
     4446.25	     13.6222680277
     4456.25	     13.7042034678
     4466.25	     13.6584921582
     4476.26	     13.5520248027
     4486.26	     13.6028152217
     4496.26	     13.5687367941
     4506.26	      13.503130869
     4516.27	     13.5161411902
     4526.27	     13.6012437628
     4536.27	      13.580390907
     4546.27	     13.5706728442
     4556.28	     13.5362080463
     4566.28	     13.5087886314
     4576.28	     13.4921099417
     4586.28	     13.5560329582
     4596.29	     13.5306173592
     4606.29	     13.5093134733
     4616.29	     13.4966696668
      4626.3	      13.466442728
      4636.3	      13.495212206
      4646.3	     13.5250557095
      4656.3	      13.484803762
     4666.31	     13.5462944939
     4676.31	     13.4899082456
     4686.31	     13.4966160823
     4696.31	     13.4941621035
     4706.32	     13.5528468235
     4716.32	     13.4697971094
     4726.32	     13.4529234503
     4736.32	     13.4751966097
     4746.33	     13.4384557095
     4756.33	     13.4525274586
     4766.33	      13.480688614
     4776.33	      13.412173175
     4786.34	     13.4426367428
     4796.34	     13.4025731287
     4806.34	     13.4196552707
     4816.35	     13.3862528725
     4826.35	     13.4170391945
     4836.35	     13.4146882533
     4846.35	     13.4373613891
     4856.36	     13.5121585987
     4866.36	     13.6369792575
     4876.36	     13.5032341645
     4886.36	     13.4501883988
     4896.37	     13.4200256082
     4906.37	     13.3899317149
     4916.37	     13.4471250451
     4926.38	     13.4427083025
     4936.38	     13.4428836815
     4946.38	     13.3451176794
     4956.38	     13.4125244731
     4966.39	     13.3581461548
     4976.39	     13.3532413864
     4986.39	     13.4336874534
     4996.39	     13.3706037345
      5006.4	     13.4302262162
      5016.4	     13.4524550227
      5026.4	     13.4002054914
      5036.4	     13.3732575378
     5046.41	     13.4059665092
     5056.41	     13.3321030193
     5066.41	     13.3453426919
     5076.41	     13.3718679644
     5086.42	     13.3602293764
     5096.42	     13.3576586679
     5106.42	     13.3360209415
     5116.43	     13.3043077702
     5126.43	     13.3729633679
     5136.43	      13.372217169
     5146.43	     13.3604558364
     5156.44	     13.3413158433
     5166.44	     13.4781063338
     5176.44	     13.4375319566
     5186.44	     13.4794950309
     5196.45	       13.36636321
     5206.45	     13.3604129346
     5216.45	     13.3127761742
     5226.45	     13.3568286584
     5236.46	     13.3113017729
     5246.46	     13.2711705575
     5256.46	     13.2826338938
     5266.47	     13.4332251725
     5276.47	     13.3331796081
     5286.47	     13.2889479954
     5296.47	     13.2729223426
     5306.48	      13.249793414
     5316.48	     13.2396194793
     5326.48	       13.34760574
     5336.48	     13.2537611323
     5346.49	     13.2869272052
     5356.49	     13.2085443944
     5366.49	     13.2712694296
     5376.49	     13.2608791745
      5386.5	     13.2442549949
      5396.5	     13.2819693391
      5406.5	     13.3158380614
     5416.51	     13.2453511694
     5426.51	     13.2740723741
     5436.51	     13.2384999346
     5446.51	     13.2345093639
     5456.52	     13.2179171391
     5466.52	     13.2265461838
     5476.52	      13.249415979
     5486.52	     13.2278761237
     5496.53	      13.205476121
     5506.53	     13.2205522937
     5516.53	     13.2113911302
     5526.53	     13.2220244306
     5536.54	     13.1971811768
     5546.54	     13.1840954194
     5556.54	       13.18075463
     5566.55	      13.221120632
     5576.55	     13.2024590875
     5586.55	     13.2337396731
     5596.55	     13.2172066859
     5606.56	     13.1925658485
     5616.56	     13.1999168597
     5626.56	     13.1807285798
     5636.56	     13.1704533666
     5646.57	     13.1706810803
     5656.57	     13.2000479906
     5666.57	     13.1777035183
     5676.57	     13.1400703182
     5686.58	      13.181355797
     5696.58	     13.1480350425
     5706.58	     13.1985395482
     5716.59	      13.162177432
     5726.59	     13.1181543568
     5736.59	     13.1235620903
     5746.59	     13.1249874619
      5756.6	     13.1428826986
      5766.6	     13.1296879517
      5776.6	     13.1194924656
      5786.6	     13.1597670372
     5796.61	     13.1290265658
     5806.61	     13.1193765103
     5816.61	     13.1068391346
     5826.61	     13.0914844176
     5836.62	     13.0970468503
     5846.62	     13.0915817071
     5856.62	     13.1336491194
     5866.63	     13.1017694716
     5876.63	     13.0874728493
     5886.63	     13.1433954672
     5896.63	     13.2286803574
     5906.64	     13.0971159289
     5916.64	     13.1090823971
     5926.64	     13.0927658874
     5936.64	      13.096315285
     5946.65	     13.1066118546
     5956.65	     13.0974813424
     5966.65	     13.0799538839
     5976.66	     13.0914148336
     5986.66	     13.1018654067
     5996.66	     13.0878161375
     6006.66	     13.1020427655
     6016.67	     13.0953293742
     6026.67	      13.111702885
     6036.67	     13.0654709465
     6046.67	     13.0685620011
     6056.68	     13.0729243418
     6066.68	      13.071801246
     6076.68	     13.0694565423
     6086.68	     13.0751685252
     6096.69	     13.0709790016
     6106.69	     13.0931899639
     6116.69	     13.0626256622
      6126.7	     13.0848149041
      6136.7	     13.0953409664
      6146.7	     13.0726673131
      6156.7	     13.0691374386
     6166.71	      13.133449591
     6176.71	     13.0658920557
     6186.71	      13.051644996
     6196.71	     13.0588722526
     6206.72	     13.0383679377
     6216.72	     13.0627130855
     6226.72	     13.0445807138
     6236.72	     13.0712307256
     6246.73	     13.0742692417
     6256.73	     13.0866078183
     6266.73	     13.0408374344
     6276.74	     13.0373716561
     6286.74	     13.0339148545
     6296.74	     13.0433050476
     6311.75	     13.0629602846
     6331.75	     13.0481893463
     6351.76	     13.0380625167
     6371.76	     13.0325447752
     6391.77	     13.0277024464
     6411.77	     13.0454671678
     6431.78	     13.0340138191
     6451.78	     13.0232704846
     6471.79	     13.0326413618
     6491.79	       13.05677825
      6511.8	     13.0172331798
      6531.8	     13.0153049388
     6551.81	     13.0550186248
     6571.81	      13.158404477
     6591.82	     13.0298477987
     6611.83	     13.0079933481
     6631.83	     13.0125209238
     6651.84	     13.0025022931
     6671.84	     13.0134784734
     6691.85	     12.9992429036
     6711.85	     13.0139829565
     6731.86	     13.0039531499
     6751.86	     13.0053713059
     6771.87	     13.0003805972
     6791.87	     13.0011814817
     6811.88	     12.9991392095
     6831.88	     13.0022491118
     6851.89	     13.0136129961
      6871.9	     12.9983872999
      6891.9	     12.9965142386
     6911.91	     12.9998962231
     6931.91	     12.9936220187
     6951.92	     12.9963730777
     6971.92	     13.0053203003
     6991.93	     12.9922372064
     7011.93	     13.0160782767
     7031.94	     13.0083292663
     7051.94	     12.9813041055
     7071.95	     12.9866894599
     7091.95	     12.9930011462
     7111.96	     12.9861009957
     7131.97	     12.9894207477
     7151.97	     12.9888732985
     7171.98	     12.9931581686
     7191.98	     13.0081156431
     7211.99	     12.9996379835
     7231.99	     12.9798756795
      7252.0	     12.9722696682
      7272.0	     12.9695039115
     7292.01	     12.9854882211
     7312.01	     12.9738068011
     7332.02	      12.974427888
     7352.02	     12.9759351502
     7372.03	     12.9716894282
     7392.04	      12.990108771
     7412.04	     13.0013266485
     7432.05	     12.9716277296
     7452.05	      12.971704273
     7472.06	     12.9624989624
     7492.06	     12.9677258939
     7512.07	     12.9687786921
     7532.07	     12.9655830119
     7552.08	     12.9632686248
     7572.08	     12.9635838941
     7592.09	     12.9648185763
     7612.09	     12.9617293517
      7632.1	     12.9525319254
     7652.11	     12.9644435701
     7672.11	     12.9911879303
     7692.12	     12.9692046134
     7712.12	     12.9626660689
     7732.13	      12.953447043
     7752.13	     12.9659184979
     7772.14	     12.9530521042
     7792.14	     12.9556519992
     7812.15	     12.9500828657
     7832.15	      12.954613642
     7852.16	      12.945395573
     7872.17	     12.9426257978
     7892.17	      12.939879822
     7912.18	     12.9492417935
     7932.18	     12.9578787886
     7952.19	      12.960968235
     7972.19	     12.9384599731
      7992.2	     12.9491157651
      8012.2	     12.9370305122
     8032.21	     12.9440117974
     8052.21	     12.9521231645
     8072.22	      12.941888798
     8092.22	     12.9609588803
     8112.23	     12.9369689271
     8132.24	     12.9306476923
     8152.24	     12.9331109063
     8172.25	     12.9307258656
     8192.25	     12.9663941398
     8212.26	     12.9439185419
     8232.26	     12.9456770669
     8252.27	     12.9383890902
     8272.27	     12.9321260201
     8292.28	     12.9309121851
     8312.28	     12.9307428723
     8332.29	     12.9616303779
     8352.29	     12.9366737843
      8372.3	     12.9325082999
     8392.31	     12.9376847772
     8412.31	     12.9293975835
     8432.32	     12.9420293033
     8452.32	     12.9316221357
     8472.33	     12.9349204182
     8492.33	      12.988503165
     8512.34	     12.9482240453
     8532.34	     12.9760649793
     8552.35	      13.083639518
     8572.35	      12.924352383
     8592.36	     12.9344144602
     8612.37	     12.9293633862
     8632.37	     12.9221529029
     8652.38	     12.9490771382
     8672.38	     13.0496718697
     8692.39	      12.942418726
     8702.39	     12.9489323421
     8722.39	     12.9518933794
      8742.4	     12.9435050395
     8762.41	     12.9362715126
     8782.41	     12.9588674065
     8802.42	      12.952763676
     8822.42	     12.9618602395
     8842.43	     12.9405960073
     8862.43	     12.9532117445
     8882.44	      12.945961796
     8902.44	     12.9457882918
     8922.45	     12.9515865798
     8942.45	     12.9431550447
     8962.46	     12.9323782063
     8982.46	     12.9574828802
     9002.47	     12.9587403204
     9022.48	     12.9514792365
     9042.48	     12.9589255814
     9062.49	      12.954125664
     9082.49	     12.9831338182
      9102.5	     12.9644594301
      9122.5	     12.9496981674
     9142.51	     12.9549356479
     9162.51	     12.9564847005
     9182.52	     12.9504858435
     9202.52	     12.9790530982
     9222.53	     12.9834769117
     9242.54	     12.9709313162
     9262.54	     12.9597477523
     9282.55	     12.9473248784
     9302.55	     12.9490948568
     9322.56	     12.9341375703
     9342.56	     12.9462574698
     9362.57	     12.9612931171
     9382.57	     12.9461182288
     9402.58	     12.9507100579
     9422.58	     12.9661163653
     9442.59	     12.9401679284
     9462.59	     12.9421978797
      9482.6	       12.95908469
     9502.61	     12.9517997456
     9522.61	      12.956740477
     9542.62	      12.967290845
     9562.62	      12.943551698
     9582.63	      12.943096869
     9602.63	     12.9495366164
     9622.64	     12.9506885941
     9642.64	      12.949092539
     9662.65	     12.9586626553
     9682.65	     12.9478195435
     9702.66	     12.9491961271
     9722.67	     12.9385259539
     9742.67	     12.9593681971
     9762.68	     12.9458681462
     9782.68	     12.9475717083
     9802.69	     12.9484877023
     9822.69	     12.9401442471
      9842.7	     12.9442456912
      9862.7	     12.9451144059
     9882.71	     12.9446069709
     9902.71	     12.9563692886
     9922.72	     12.9421058188
     9942.73	     12.9392563637
     9962.73	     12.9408704743
     9982.74	      12.939784737
     10002.7	     12.9403801759
     10022.7	     12.9394637622
     10042.8	     12.9594705925
     10062.8	     12.9921774731
     10082.8	     12.9434240282
     10102.8	     12.9408050715
     10122.8	     12.9424649755
     10142.8	     12.9483746903
     10162.8	     12.9530416703
     10182.8	     12.9526454232
     10202.8	     12.9540880481
     10222.8	     12.9552676883
     10242.8	     12.9408207102
     10262.8	       12.94074034
     10282.8	     12.9379154974
     10302.8	     12.9500088163
     10322.8	     12.9423882019
     10342.8	     12.9671237408
     10362.8	     12.9450461689
     10382.8	      12.956907759
     10402.8	     12.9544851547
     10422.9	     12.9504397519
     10442.9	     12.9431492219
     10462.9	     12.9641003145
     10482.9	     12.9528413961
     10502.9	     12.9468083754
     10522.9	     12.9478109971
     10542.9	     12.9537500672
     10562.9	     12.9449877494
     10582.9	     12.9693561006
     10602.9	     12.9626806344
     10622.9	     12.9484259252
     10642.9	     12.9560966988
     10662.9	     12.9634735102
     10682.9	     12.9695721596
     10702.9	     12.9832104082
     10722.9	     12.9630455139
     10742.9	     12.9750465217
     10762.9	     12.9723007683
     10783.0	     12.9754406164
     10803.0	     12.9531795488
     10823.0	     13.0005357147
     10843.0	     12.9817700135
     10863.0	     12.9581413673
     10883.0	     13.0082497131
     10903.0	     12.9645138937
     10923.0	     12.9724095959
     10943.0	      13.038244008
     10963.0	     13.0057571756
     10983.0	     13.0040637052
     11003.0	     12.9743165413
     11023.0	     12.9944349076
     11043.0	     12.9781465457
     11063.0	      12.975958618
     11083.0	     12.9773901331
     11103.0	     12.9737820892
     11123.0	     12.9858168769
     11143.1	     12.9807214883
     11163.1	     12.9754936803
     11183.1	     12.9760842355
     11203.1	     12.9948887006
     11223.1	     12.9733811176
     11243.1	     12.9760275497
     11263.1	     13.0004088925
     11283.1	     12.9816494274
     11303.1	     12.9942692556
     11323.1	     12.9837568614
     11343.1	     12.9874938668
     11363.1	     12.9758127853
     11383.1	     12.9960148616
     11403.1	     13.0017120686
     11423.1	      12.993098234
     11443.1	     12.9906176712
     11463.1	     12.9725472397
     11483.1	     12.9773351569
     11503.1	     12.9770104367
     11523.2	     12.9793873874
     11543.2	     12.9713860479
     11563.2	     12.9776106645
     11583.2	       12.97594106
     11603.2	     12.9969799039
     11623.2	     13.0075600059
     11643.2	     12.9927609551
     11663.2	     12.9892196402
     11683.2	       12.98136223
     11703.2	     12.9957277076
     11723.2	     12.9768721223
     11743.2	     12.9747070165
     11763.2	     13.0016351573
     11783.2	     13.0043055995
     11803.2	     12.9745028113
     11823.2	     12.9863871863
     11843.2	     13.0198371466
     11863.2	     12.9827263036
     11883.3	     13.0164172641
     11903.3	     12.9918073103
     11923.3	     12.9789188188
     11943.3	     12.9771099849
     11963.3	     12.9901539106
     11983.3	     13.0370147805
     12003.3	     13.0038596941
     12023.3	     12.9792216405
     12043.3	     13.0203104247
     12063.3	     12.9841692088
     12083.3	     13.0317284344
     12103.3	     13.0041908122
     12123.3	     12.9887239164
     12143.3	     12.9835019134
     12163.3	     12.9799739121
     12183.3	     12.9832986682
     12203.3	     12.9851155365
     12223.3	     12.9847189127
     12243.3	      12.986840324
     12263.4	     12.9851367148
     12283.4	     12.9990984593
     12303.4	     12.9858654612
     12323.4	     12.9908900791
     12343.4	      12.989024898
     12363.4	     12.9873240186
     12383.4	     12.9835563727
     12403.4	     12.9964009012
     12423.4	      12.995844116
     12443.4	     12.9973372257
     12463.4	     12.9911332715
     12483.4	     12.9899257395
     12503.4	     12.9867323489
     12523.4	     13.0001474852
     12543.4	     12.9924698897
     12563.4	     12.9962076571
     12583.4	     12.9967395969
     12603.4	     12.9929722796
     12623.5	     12.9977000181
     12643.5	      12.997702781
     12663.5	     12.9981754048
     12683.5	      13.011779434
     12703.5	     12.9920542014
     12723.5	      12.993060696
     12743.5	     13.0002618634
     12763.5	     12.9929327402
     12783.5	     12.9958314816
     12803.5	     13.0101996675
     12823.5	     13.1263899845
     12843.5	     13.0247552152
     12863.5	     13.0094204259
     12883.5	     13.0043577688
     12903.5	     13.0121674161
     12923.5	     13.0014390321
     12943.5	      13.006021127
     12963.5	     12.9970765074
     12983.5	     13.0066209063
     13003.6	       12.99847776
     13023.6	     13.0088735806
     13043.6	     13.0131649018
     13063.6	     13.0017514692
     13083.6	      13.003186559
     13103.6	     13.0045127027
     13123.6	      13.028096745
     13143.6	     13.0051188634
     13163.6	      13.036046516
     13183.6	     13.0098519338
     13203.6	     13.0034869435
     13223.6	     13.0085548259
     13243.6	     13.0040874213
     13263.6	     13.0111053918
     13283.6	     13.0111855238
     13303.6	     13.0295567648
     13323.6	     13.0253044767
     13343.6	     13.0039111154
     13363.7	     13.0089848578
     13383.7	     13.0124781666
     13403.7	     13.0240939273
     13423.7	     13.0117936924
     13443.7	     13.0087119557
     13463.7	     13.0135272844
     13483.7	     13.0082087066
     13503.7	     13.0230354596
     13523.7	     13.0104652874
     13543.7	     13.0117691414
     13563.7	     13.0389793777
     13583.7	     13.0147785044
     13603.7	     13.0269994697
     13623.7	     13.0164810769
     13643.7	     13.0270874066
     13663.7	     13.0158139502
     13683.7	      13.029513208
     13703.7	     13.0322153823
     13723.8	     13.0201965226
     13743.8	     13.0230247868
     13763.8	     13.0344522771
     13783.8	     13.0200322607
     13803.8	     13.0191157011
     13823.8	     13.0287599547
     13843.8	     13.0183133635
     13863.8	     13.0287730064
     13883.8	     13.0190421635
     13903.8	     13.0263328211
     13923.8	     13.0194511579
     13943.8	     13.0237249655
     13963.8	     13.0260043219
     13983.8	     13.0180958606
     14003.8	     13.0390733575
     14023.8	     13.0322575313
     14043.8	     13.0363729543
     14063.8	     13.0339884822
     14083.8	      13.028981253
     14103.9	     13.0266691413
     14123.9	     13.0515525999
     14143.9	     13.0450602398
     14163.9	     13.0333600429
     14183.9	     13.0316861053
     14203.9	     13.0389538009
     14223.9	     13.0619706314
     14243.9	     13.0453679292
     14263.9	      13.061570854
     14283.9	     13.0609409378
     14303.9	     13.0528674229
     14323.9	     13.0449352001
     14343.9	     13.0449422905
     14363.9	      13.038555094
     14383.9	     13.0337682527
     14403.9	     13.0798291104
     14423.9	     13.0569322737
     14443.9	     13.0641125054
     14464.0	     13.0409147815
     14484.0	     13.0471072856
     14504.0	     13.0526839704
     14524.0	     13.0646438699
     14544.0	     13.0618870671
     14564.0	     13.0634343291
     14584.0	     13.0422997057
     14604.0	     13.0469871218
     14624.0	     13.0568536185
     14644.0	     13.0553932319
     14664.0	     13.0591621174
     14684.0	     13.0532385787
     14704.0	     13.0580489136
     14724.0	     13.0613022081
     14744.0	     13.0756952861
     14764.0	     13.0707833213
     14784.0	     13.0761387445
     14804.0	     13.0518255397
     14824.1	     13.0576475073
     14844.1	     13.0707621724
     14864.1	     13.0575644913
     14884.1	     13.1419684984
     14904.1	     13.0508029245
     14924.1	     13.0557164803
     14944.1	     13.0452124522
     14964.1	     13.0755159263
     14984.1	     13.0576660672
     15004.1	     13.0565871977
     15024.1	     13.0989434925
     15044.1	     13.1127438744
     15064.1	     13.1205906506
     15084.1	     13.0815805575
     15104.1	     13.0492505183
     15124.1	     13.0672213852
     15144.1	     13.0729832656
     15164.1	     13.0649119249
     15184.1	     13.0589628793
     15204.2	     13.0600985574
     15224.2	     13.0868907381
     15244.2	     13.0761764065
     15264.2	     13.0581942813
     15284.2	     13.0534056438
     15304.2	     13.0965711652
     15324.2	     13.0591906773
     15344.2	     13.0770820495
     15364.2	     13.0593917856
     15384.2	     13.0693376787
     15404.2	     13.0887464199
     15424.2	     13.0756111567
     15444.2	     13.0575455119
     15464.2	      13.056835695
     15484.2	     13.0847048644
     15504.2	     13.0844449096
     15524.2	     13.0671461715
     15544.2	     13.0988599882
     15564.3	     13.0871752049
     15584.3	       13.08020769
     15604.3	     13.0810923226
     15624.3	     13.0714737547
     15644.3	     13.0814510116
     15664.3	      13.094852055
     15684.3	     13.0974681117
     15704.3	     13.0892051277
     15724.3	     13.0808274041
     15744.3	     13.1014193774
     15764.3	       13.13654477
     15784.3	     13.1473838359
     15804.3	     13.0812292461
     15824.3	     13.1188175102
     15844.3	     13.1010659088
     15864.3	     13.0952386257
     15884.3	     13.1410790902
     15904.3	     13.1916993762
     15924.3	     13.1193779082
     15944.4	     13.0829269339
     15964.4	     13.1253458467
     15984.4	     13.0789733248
     16004.4	     13.1089790305
     16024.4	     13.1046149714
     16044.4	     13.1035586128
     16064.4	     13.1071662947
     16084.4	     13.0945449958
     16104.4	     13.1454677029
     16124.4	     13.1180104258
     16144.4	     13.1034109368
     16164.4	     13.1545391042
     16184.4	      13.099478932
     16204.4	     13.1398238552
     16224.4	     13.1151852556
     16244.4	     13.0985350092
     16264.4	     13.1002684098
     16284.4	     13.0882126564
     16304.5	     13.1031540597
     16324.5	     13.1058729253
     16344.5	     13.1161580924
     16364.5	     13.1270691106
     16384.5	     13.1565741421
     16404.5	     13.1576058205
     16424.5	      13.157393114
     16444.5	     13.1566363939
     16464.5	     13.1256900635
     16484.5	     13.1215495048
     16504.5	     13.1410438009
     16524.5	     13.1358921451
     16544.5	     13.1237018664
     16564.5	      13.122418933
     16584.5	     13.1207558076
     16604.5	     13.1299289198
     16624.5	     13.1237988695
     16644.5	     13.1284903712
     16664.6	     13.1428423305
     16684.6	     13.1562615825
     16704.6	     13.1273227619
     16724.6	     13.1699441075
     16744.6	      13.143050711
     16764.6	     13.1764994163
     16784.6	     13.1576611212
     16804.6	     13.2058316081
     16824.6	     13.2218298155
     16844.6	     13.1697910992
     16864.6	      13.163171174
     16884.6	     13.1621819051
     16904.6	     13.1693546916
     16924.6	     13.1493351384
     16944.6	     13.1537643672
     16964.6	       13.15498947
     16984.6	     13.1569976339
     17004.6	      13.172441662
     17024.6	     13.1785821902
     17044.7	     13.1744060757
     17064.7	     13.1700828181
     17084.7	     13.1861441315
     17104.7	     13.1763873422
     17124.7	     13.2181822575
     17144.7	      13.167926355
     17164.7	     13.1774488576
     17184.7	     13.1791752971
     17204.7	     13.1930802291
     17224.7	     13.1914489421
     17244.7	     13.2255878291
     17264.7	     13.2000867237
     17284.7	     13.2027291864
     17304.7	     13.1942932461
     17324.7	     13.2134880514
     17344.7	     13.2672508736
     17364.7	     13.2928277846
     17384.7	     13.2533886182
     17404.8	     13.2214692249
     17424.8	     13.2289467766
     17444.8	     13.2092518095
     17464.8	     13.2292739171
     17484.8	      13.231398179
     17504.8	     13.2264076412
     17524.8	     13.2294369527
     17544.8	     13.2154118688
     17564.8	      13.218327616
     17584.8	     13.2180613006
     17604.8	     13.2194993185
     17624.8	     13.2483974723
     17644.8	     13.2288212036
     17664.8	     13.2195237125
     17684.8	     13.2289640014
     17704.8	     13.2355662948
     17724.8	     13.2284980236
     17744.8	     13.2265530962
     17764.8	     13.2454538343
     17784.9	     13.2507361755
     17804.9	     13.2466813453
     17824.9	     13.2479180834
     17844.9	     13.2470276519
     17864.9	     13.2506449263
     17884.9	     13.2363300528
     17904.9	     13.2444613497
     17924.9	     13.2505050545
     17944.9	     13.2574100021
     17964.9	     13.2557581738
     17984.9	     13.2555117064
     18004.9	     13.2586476871
     18024.9	     13.2766078425
     18044.9	     13.2604040076
     18064.9	     13.2651419018
     18084.9	     13.2643706907
     18104.9	     13.2641410765
     18124.9	     13.2737197536
     18145.0	     13.2838041334
     18165.0	     13.3111315973
     18185.0	     13.3899983425
     18205.0	     13.3137754357
     18225.0	     13.3203349884
     18245.0	      13.284661945
     18265.0	     13.2828722771
     18285.0	     13.2954451115
     18305.0	     13.2836247012
     18325.0	     13.2911741674
     18345.0	     13.2950229224
     18365.0	     13.2930993424
     18385.0	      13.304914927
     18405.0	     13.3007268512
     18425.0	     13.3199573227
     18445.0	     13.3086624325
     18465.0	      13.299255521
     18485.0	     13.3427581712
     18505.1	     13.2983340667
     18525.1	     13.3046160677
     18545.1	     13.3112636699
     18565.1	     13.3274518692
     18585.1	     13.3117387235
     18605.1	     13.3287687457
     18625.1	     13.3352508905
     18645.1	     13.3283676097
     18665.1	      13.344448695
     18685.1	     13.3422729648
     18705.1	     13.3302113126
     18725.1	     13.3638220013
     18745.1	     13.3929945692
     18765.1	      13.540913125
     18785.1	     13.3696958634
     18805.1	      13.357622756
     18825.1	     13.3409512267
     18845.1	     13.3447375397
     18865.1	     13.3643414393
     18885.2	     13.3394729194
     18905.2	     13.3671585193
     18925.2	     13.3691468333
     18945.2	     13.3803348241
     18965.2	     13.4007125907
     18985.2	     13.3618717033
     19005.2	     13.3681066287
     19025.2	     13.3426531417
     19045.2	     13.3641920919
     19065.2	     13.3573725205
     19085.2	     13.3644987561
     19105.2	     13.3548238288
     19125.2	     13.3783895147
     19145.2	     13.3560966909
     19165.2	      13.364160689
     19185.2	     13.3678299579
     19205.2	     13.3852204566
     19225.2	     13.3635255911
     19245.3	     13.3780435838
     19265.3	     13.3689033792
     19285.3	     13.3954267536
     19305.3	     13.3958607838
     19325.3	     13.4075792645
     19345.3	     13.3887735843
     19365.3	     13.3892232212
     19385.3	     13.3831742793
     19405.3	       13.41847097
     19425.3	     13.4033204671
     19445.3	     13.4986993121
     19465.3	     13.5116100535
     19485.3	     13.4170334346
     19505.3	     13.4165436721
     19525.3	     13.4473559528
     19545.3	     13.3922449652
     19565.3	     13.3965228913
     19585.3	     13.3969666765
     19605.4	     13.4036118468
     19625.4	     13.4110211152
     19645.4	     13.4426248061
     19665.4	     13.4231434508
     19685.4	      13.401763462
     19705.4	     13.4098380289
     19725.4	     13.4428926721
     19745.4	     13.4230148496
     19765.4	     13.4133903991
     19785.4	     13.4450329615
     19805.4	     13.4332888986
     19825.4	     13.4303196091
     19845.4	     13.4289443105
     19865.4	      13.460203821
     19885.4	     13.4180299372
     19905.4	     13.4196196271
     19925.4	     13.4344961973
     19945.4	     13.4539049154
     19965.4	     13.4362601406
     19985.5	     13.4461907736
     20005.5	     13.4302165973
     20025.5	     13.4403977793
     20045.5	     13.4464733001
     20065.5	     13.4477578647
     20085.5	     13.4351734725
     20105.5	     13.4382482548
     20125.5	     13.4415504967
     20145.5	      13.447181726
     20165.5	     13.4433595765
     20185.5	     13.4447845702
     20205.5	     13.4584663382
     20225.5	     13.4771736873
     20245.5	     13.4586555269
     20265.5	     13.4562863296
     20285.5	     13.4631263741
     20305.5	     13.4870016123
     20325.5	     13.4584837171
     20345.6	     13.4730777606
     20365.6	     13.4725883965
     20385.6	     13.5002487668
     20405.6	     13.4665732334
     20425.6	     13.4735189667
     20445.6	     13.4679346863
     20465.6	     13.4689373938
     20485.6	     13.4764519042
     20505.6	     13.4761682973
     20525.6	     13.4886608379
     20545.6	     13.4825298938
     20565.6	     13.4805304764
     20585.6	     13.4854506739
     20605.6	     13.5051248208
     20625.6	     13.4830106253
     20645.6	     13.5260412853
     20665.6	     13.4869067716
     20685.6	     13.4931497868
     20705.7	     13.5124534799
     20725.7	     13.5009409823
     20745.7	     13.4933250103
     20765.7	     13.4954323746
     20785.7	      13.496328904
     20805.7	     13.5192537872
     20825.7	      13.504606031
     20845.7	     13.5235692332
     20865.7	     13.5050847577
     20885.7	     13.5075303256
     20905.7	     13.5072459978
     20925.7	      13.541683329
     20945.7	     13.5292146977
     20965.7	     13.5316025419
     20985.7	     13.5225288697
     21005.7	     13.5213799213
     21025.7	      13.523519289
     21045.7	     13.5201162496
     21065.7	     13.5179629856
     21085.8	     13.5223144239
     21105.8	     13.5412877348
     21125.8	     13.5264188995
     21145.8	      13.529705891
     21165.8	     13.5483394534
     21185.8	     13.5340073175
     21205.8	     13.5454708501
     21225.8	      13.540457905
     21245.8	     13.5568359555
     21265.8	     13.5481578638
     21285.8	     13.5399044137
     21305.8	     13.5446004614
     21325.8	     13.5411418245
     21345.8	     13.5441864036
     21365.8	     13.5665858841
     21385.8	     13.5459539634
     21405.8	     13.5506302645
     21425.8	     13.5505705007
     21445.9	     13.5569766088
     21465.9	      13.564742689
     21485.9	     13.5553885111
     21505.9	     13.5575837404
     21525.9	     13.5641946366
     21545.9	      13.565121157
     21565.9	     13.5645871045
     21585.9	     13.5666092374
     21605.9	     13.5745155165
     21625.9	     13.5847632496
     21645.9	     13.6059074876
     21665.9	     13.7206761339
     21685.9	     13.6237223741
     21705.9	     13.5941452643
     21725.9	     13.5878186627
     21745.9	     13.5853268271
     21765.9	     13.5954119485
     21785.9	     13.6119918833
     21805.9	     13.5827437834
     21826.0	     13.6045773224
     21846.0	     13.5879514504
     21866.0	     13.5864253922
     21886.0	     13.6219450642
     21906.0	     13.5993088558
     21926.0	      13.591149637
     21946.0	     13.5945688752
     21966.0	     13.5965557864
     21986.0	     13.5947653676
     22006.0	     13.5981470815
     22026.0	     13.6022340087
     22046.0	     13.5998149614
     22066.0	     13.6561333658
     22086.0	     13.6282464583
     22106.0	     13.6077376588
     22126.0	     13.6073937742
     22146.0	     13.6101765798
     22166.0	     13.6205490553
     22186.1	     13.6197446947
     22206.1	     13.6125660777
     22226.1	     13.6165056311
     22246.1	     13.6192273529
     22266.1	     13.6409555157
     22286.1	     13.6261808405
     22306.1	     13.6252105516
     22326.1	     13.6242137728
     22346.1	     13.6235915336
     22366.1	     13.6276470811
     22386.1	     13.6481360803
     22406.1	     13.6396021543
     22426.1	     13.6394607564
     22446.1	     13.6363580869
     22466.1	     13.6350932355
     22486.1	      13.653339195
     22506.1	     13.6407318081
     22526.1	     13.6449990861
     22546.2	     13.6629333335
     22566.2	      13.653192453
     22586.2	     13.6469581009
     22606.2	     13.6472611869
     22626.2	     13.6713501304
     22646.2	     13.6559494565
     22666.2	     13.6621443329
     22686.2	     13.6558192634
     22706.2	      13.656278298
     22726.2	     13.6618886368
     22746.2	     13.6666563485
     22766.2	     13.6594660526
     22786.2	     13.6595059797
     22806.2	     13.6640787251
     22826.2	     13.7109442095
     22846.2	     13.6724777918
     22866.2	     13.6756392636
     22886.2	     13.6705112628
     22906.2	     13.6712265941
     22926.3	     13.6746509304
     22946.3	     13.7117455907
     22966.3	     13.7013698021
     22986.3	     13.7015813792
     23006.3	     13.6939977194
     23026.3	       13.68981949
     23046.3	     13.6896950326
     23066.3	     13.6899900973
     23086.3	     13.6906394244
     23106.3	     13.6951307413
     23126.3	     13.6945019534
     23146.3	     13.6929296146
     23166.3	     13.7061035046
     23186.3	     13.7144885763
     23206.3	     13.7006877398
     23226.3	     13.7224946048
     23246.3	     13.7435903457
     23266.3	     13.7421793829
     23286.4	     13.7201503288
     23306.4	     13.7158223646
     23326.4	     13.7266856993
     23346.4	     13.7190749063
     23366.4	      13.732435737
     23386.4	     13.7350435248
     23406.4	     13.7195556076
     23426.4	     13.7194626503
     23446.4	     13.7202758743
     23466.4	     13.7248163967
     23486.4	     13.7228387714
     23506.4	     13.7228133368
     23526.4	     13.7663359925
     23546.4	     13.7682879706
     23566.4	     13.7479879853
     23586.4	     13.7618602767
     23606.4	     13.7461352467
     23626.4	     13.7402767685
     23646.5	     13.7436938977
     23666.5	     13.7435105004
     23686.5	     13.7436115993
     23706.5	     13.7555139875
     23726.5	     13.7485505886
     23746.5	      13.787671791
     23766.5	     13.7526869231
     23786.5	     13.7448376158
     23806.5	     13.7486038861
     23826.5	     13.7603747441
     23846.5	     13.8162346487
     23866.5	     13.8130294729
     23886.5	     13.7732183016
     23906.5	     13.7691548863
     23926.5	     13.7732011315
     23946.5	     13.7711657752
     23966.5	     13.7729803793
     23986.5	     13.7654452914
     24006.5	     13.7799835962
     24026.6	     13.7691701981
     24046.6	     13.7714394142
     24066.6	     13.7746596083
     24086.6	     13.7749656084
     24106.6	     13.7747274605
     24126.6	     13.7735934462
     24146.6	     13.8192597428
     24166.6	     13.8488783307
     24186.6	     13.7934186193
     24206.6	     13.7984682466
     24226.6	     13.7930965457
     24246.6	     13.7995949748
     24266.6	     13.7986236177
     24286.6	     13.7980393935
     24306.6	     13.7919184927
     24326.6	     13.7963102292
     24346.6	     13.8035708231
     24366.6	     13.8129466686
     24386.7	     13.8118362772
     24406.7	     13.7986723246
     24426.7	      13.801247254
     24446.7	     13.8024180779
     24466.7	     13.8253987909
     24486.7	     13.8338572374
     24506.7	     13.8352266603
     24526.7	     13.8348357752
     24546.7	     13.8208724222
     24566.7	     13.8387785584
     24586.7	     13.8505241744
     24606.7	     13.8177991672
     24626.7	     13.8198137461
     24646.7	     13.8187096552
     24666.7	     13.8226609925
     24686.7	     13.8220882986
     24706.7	      13.855089176
     24726.7	     13.8232039521
     24746.8	     13.8435429643
     24766.8	     13.8264638258
     24786.8	     13.8328340161
     24806.8	     13.8771870322
     24826.8	     13.8751669608
     24846.8	     13.8383190603
     24866.8	     13.8769703136
     24886.8	     13.8424788504
     24906.8	     13.8409956917
     24926.8	     13.8428762443
     24946.8	     13.8534244754
     24966.8	     13.8482816961
     24986.8	     13.8507582332
     25006.8	      13.845509056
     25056.8	     13.8492073201
     25156.9	     13.8648529431
     25256.9	     13.8665455716
     25356.9	     13.8740764679
     25456.9	     13.8838625214
     25557.0	     13.8924848029
     25657.0	     13.9019133059
     25757.0	     13.8995583176
     25857.1	     13.9206277524
     25957.1	     13.9172274824
     26057.1	      13.922679952
     26157.1	     13.9350769305
     26257.2	     13.9782381138
     26357.2	      13.948458847
     26457.2	      13.956549594
     26557.2	     13.9611570941
     26657.3	     13.9755543311
     26757.3	     13.9756475796
     26857.3	      13.975964298
     26957.4	     13.9834681656
