1702.33	17.2602311712	 1
1703.7	17.0539882849	 1
1705.08	16.1489704289	 1
1706.45	19.577782681	 1
1707.82	16.4580143091	 1
1709.19	16.3568134961	 1
1710.56	16.6737382622	 1
1711.93	18.8158871429	 1
1713.3	17.6137499067	 1
1714.68	17.1793813668	 1
1716.05	16.3221140341	 1
1717.42	16.307561219	 1
1718.79	17.048936717	 1
1720.16	15.6597812801	 1
1721.53	15.8712984143	 1
1722.9	15.8256525628	 1
1724.28	15.8137079429	 1
1725.65	15.8856603704	 1
1727.02	15.5359437158	 1
1728.39	15.7835576688	 1
1729.76	15.7860121125	 1
1731.13	15.5933855856	 1
1732.5	15.660629124	 1
1733.88	15.6199663862	 1
1735.25	15.5460234544	 1
1736.62	15.5900242214	 1
1737.99	15.4843361414	 1
1739.36	15.2458484009	 1
1740.73	15.0483498055	 1
1742.11	15.216076961	 1
1743.48	15.1256631287	 1
1744.85	15.1911009429	 1
1746.22	15.2503896549	 1
1747.59	14.9722883811	 1
1748.96	14.969934087	 1
1750.34	14.9920589751	 1
1751.71	14.9108536823	 1
1753.08	14.922850741	 1
1754.45	14.7823588354	 1
1755.82	14.715516707	 1
1757.19	14.711413766	 1
1758.57	14.6991899825	 1
1759.94	14.7527165785	 1
1761.31	14.8047514902	 1
1762.68	14.7807672137	 1
1764.05	14.7874385503	 1
1765.43	14.5775367434	 1
1766.8	14.6935470417	 1
1768.17	14.570029581	 1
1769.54	14.489272649	 1
1770.91	14.4497470757	 1
1772.29	14.4725861609	 1
1773.66	14.4759280092	 1
1775.03	14.4131130838	 1
1776.4	14.3754567174	 1
1777.77	14.3432830486	 1
1779.15	14.2711381508	 1
1780.52	14.3541101832	 1
1781.89	14.3377748143	 1
1783.26	14.3083788717	 1
1784.63	14.242512319	 1
1786.01	14.2683749689	 1
1787.38	14.1744382453	 1
1788.75	14.1093112475	 1
1790.12	14.1055585233	 1
1791.49	14.1358978726	 1
1792.87	14.1773034986	 1
1794.24	14.2105623056	 1
1795.61	14.2036754095	 1
1796.98	14.1308425142	 1
1798.35	14.062867121	 1
1799.73	14.0046085492	 1
1801.1	14.0006738711	 1
1802.47	14.0830593809	 1
1803.84	14.1291367352	 1
1805.22	14.4206367611	 1
1806.59	14.4198470676	 1
1807.96	14.1922387956	 1
1809.33	14.0199780554	 1
1810.7	14.0944596197	 1
1812.08	14.1490514493	 1
1813.45	14.1237534255	 1
1814.82	14.0938191698	 1
1816.19	14.1124750095	 1
1817.57	14.1375163009	 1
1818.94	14.1809351484	 1
1820.31	14.0338629233	 1
1821.68	13.985771493	 1
1823.06	13.9890774058	 1
1824.43	14.1075782764	 1
1825.8	14.0302714169	 1
1827.17	13.9772114638	 1
1828.55	13.9413867785	 1
1829.92	13.9644906657	 1
1831.29	13.9037019699	 1
1832.66	13.9108577363	 1
1834.04	13.9566532363	 1
1835.41	13.928501508	 1
1836.78	13.9766813119	 1
1838.15	14.1493634857	 1
1839.53	14.1821842168	 1
1840.9	13.9868445394	 1
1842.27	14.0887985335	 1
1843.64	14.215250172	 1
1845.02	14.3891913325	 1
1846.39	14.3863622798	 1
1847.76	14.2137136268	 1
1849.13	14.3512695046	 1
1850.51	14.2241293801	 1
1851.88	13.9800869693	 1
1853.25	13.8699785236	 1
1854.62	13.8697531238	 1
1856.0	13.8955385741	 1
1857.37	13.9133028154	 1
1858.74	13.8362848439	 1
1860.11	13.8393642758	 1
1861.49	13.8304600579	 1
1862.86	13.8809791781	 1
1864.23	13.8013355878	 1
1865.61	13.7062895823	 1
1866.98	13.6959840132	 1
1868.35	13.6901135211	 1
1869.72	13.6995106319	 1
1871.1	13.7265789366	 1
1872.47	13.7446609391	 1
1873.84	13.792930462	 1
1875.21	13.7960977528	 1
1876.59	13.7600906835	 1
1877.96	13.7100263418	 1
1879.33	13.7249833095	 1
1880.71	13.6276277231	 1
1882.08	13.5956955655	 1
1883.45	13.5569812884	 1
1884.82	13.5634824678	 1
1886.2	13.6178174658	 1
1887.57	13.5758938153	 1
1888.94	13.5747010699	 1
1890.32	13.5864030605	 1
1891.69	13.5837647074	 1
1893.06	13.5384670956	 1
1894.44	13.584197243	 1
1895.81	13.6106613516	 1
1897.18	13.690489957	 1
1898.55	13.728426416	 1
1899.93	13.6966208092	 1
1901.3	13.5670659447	 1
1902.67	13.5564891351	 1
1904.05	13.5518635825	 1
1905.42	13.5110303157	 1
1906.79	13.5106640646	 1
1908.17	13.5421353062	 1
1909.54	13.4879466233	 1
1910.91	13.4617509248	 1
1912.28	13.4546482314	 1
1913.66	13.4009618909	 1
1915.03	13.4276434431	 1
1916.4	13.4203501984	 1
1917.78	13.3660010295	 1
1919.15	13.3544845695	 1
1920.52	13.3806261437	 1
1921.9	13.3877051354	 1
1923.27	13.4378224975	 1
1924.64	13.4253117579	 1
1926.02	13.4417393137	 1
1927.39	13.5691224107	 1
1928.76	13.7659608914	 1
1930.14	13.6842155627	 1
1931.51	13.5472755395	 1
1932.88	13.4995111072	 1
1934.26	13.4851342162	 1
1935.63	13.4088858336	 1
1937.0	13.2936978033	 1
1938.37	13.292551007	 1
1939.75	13.2614907099	 1
1941.12	13.2300460221	 1
1942.49	13.2635805744	 1
1943.87	13.2815907373	 1
1945.24	13.2672927819	 1
1946.61	13.2353775262	 1
1947.99	13.2619335729	 1
1949.36	13.2845568352	 1
1950.73	13.3138135969	 1
1952.11	13.2318564052	 1
1953.48	13.2758449973	 1
1954.85	13.2782938633	 1
1956.23	13.2672084644	 1
1957.6	13.2380509534	 1
1958.97	13.2941964399	 1
1960.35	13.2852993465	 1
1961.72	13.2692726937	 1
1963.09	13.1988590649	 1
1964.47	13.1558020565	 1
1965.84	13.144201311	 1
1967.22	13.1262088066	 1
1968.59	13.1374072136	 1
1969.96	13.169771216	 1
1971.34	13.1815213399	 1
1972.71	13.2069022696	 1
1974.08	13.2113619952	 1
1975.46	13.2153935836	 1
1976.83	13.2458541856	 1
1978.2	13.2235677048	 1
1979.58	13.1972724037	 1
1980.95	13.1874865351	 1
1982.32	13.2041884323	 1
1983.7	13.2202766442	 1
1985.07	13.224044535	 1
1986.44	13.2409903587	 1
1987.82	13.2548453076	 1
1989.19	13.192264317	 1
1990.56	13.1542298167	 1
1991.94	13.1614178071	 1
1993.31	13.1541218566	 1
1994.69	13.1318394432	 1
1996.06	13.1197545264	 1
1997.43	13.1566055573	 1
1998.81	13.1593370201	 1
2000.18	13.1212676584	 1
2001.55	13.1162529731	 1
2002.93	13.1525292427	 1
2004.3	13.1066000236	 1
2005.67	13.1405540134	 1
2007.05	13.0939344712	 1
2008.42	13.088228218	 1
2009.8	13.1453856768	 1
2011.17	13.0802229265	 1
2012.54	13.0636448671	 1
2013.92	13.0569444745	 1
2015.29	13.0721387858	 1
2016.66	13.0439103149	 1
2018.04	13.0826318365	 1
2019.41	13.0975263675	 1
2020.79	13.1032557708	 1
2022.16	13.102422845	 1
2023.53	13.1795478887	 1
2024.91	13.2296449793	 1
2026.28	13.0703176901	 1
2027.65	13.0183478454	 1
2029.03	12.9799830546	 1
2030.4	12.9836375714	 1
2031.78	13.0364224809	 1
2033.15	13.012267544	 1
2034.52	12.9978710402	 1
2035.9	12.9609575624	 1
2037.27	12.9898591923	 1
2038.64	12.9841852456	 1
2040.02	12.9443191854	 1
2041.39	12.8865116601	 1
2042.77	12.8960107427	 1
2044.14	12.871792565	 1
2045.51	12.8495379782	 1
2046.89	12.8314551931	 1
2048.26	12.8391651608	 1
2049.64	12.8527809532	 1
2051.01	12.8469922587	 1
2052.38	12.8997456848	 1
2053.76	12.9953310043	 1
2055.13	12.9819397133	 1
2056.5	12.9493142275	 1
2057.88	12.9297720823	 1
2059.25	12.918774124	 1
2060.63	12.9765299274	 1
2062.0	12.9125865505	 1
2063.37	12.8875424043	 1
2064.75	12.8962653478	 1
2066.12	12.86440382	 1
2067.5	12.819549042	 1
2068.87	12.804923151	 1
2070.24	12.7722986253	 1
2071.62	12.7657579932	 1
2072.99	12.7462237018	 1
2074.37	12.7161407627	 1
2075.74	12.7308955027	 1
2077.11	12.7373005362	 1
2078.49	12.7430525657	 1
2079.86	12.7882331673	 1
2081.24	12.7861183148	 1
2082.61	12.7769620946	 1
2083.98	12.7531139797	 1
2085.36	12.7179370741	 1
2086.73	12.7325772661	 1
2088.11	12.7353981198	 1
2089.48	12.742101916	 1
2090.85	12.7341172804	 1
2092.23	12.7661738519	 1
2093.6	12.7752291826	 1
2094.98	12.733080862	 1
2096.35	12.735953509	 1
2097.72	12.7332834977	 1
2099.1	12.7656545545	 1
2100.47	12.745441019	 1
2101.85	12.7777228474	 1
2103.22	12.7104956175	 1
2104.59	12.7012947077	 1
2105.97	12.7627183489	 1
2107.34	12.8056726948	 1
2108.72	12.8048966136	 1
2110.09	12.769169676	 1
2111.47	12.7768299731	 1
2112.84	12.7650911312	 1
2114.21	12.6833435888	 1
2115.59	12.6446966006	 1
2116.96	12.6445149222	 1
2118.34	12.6394826768	 1
2119.71	12.6642287069	 1
2121.08	12.7906809612	 1
2122.46	12.9284030255	 1
2123.83	12.8749046021	 1
2125.21	12.7299281313	 1
2126.58	12.731704814	 1
2127.96	12.7725692734	 1
2129.33	12.8182432591	 1
2130.7	12.8555785403	 1
2132.08	12.8939466558	 1
2133.45	12.9047342767	 1
2134.83	12.7996328832	 1
2136.2	12.7404764385	 1
2137.57	12.7608140463	 1
2138.95	12.710052466	 1
2140.32	12.6554253494	 1
2141.7	12.6426517056	 1
2143.07	12.6561202546	 1
2144.45	12.6741358403	 1
2145.82	12.6934479276	 1
2147.19	12.6776775615	 1
2148.57	12.6901184825	 1
2149.94	12.7328164211	 1
2151.32	12.6616617252	 1
2152.69	12.647769792	 1
2154.07	12.6625882915	 1
2155.44	12.6725484571	 1
2156.81	12.7391578995	 1
2158.19	12.7841131775	 1
2159.56	12.7061837713	 1
2160.94	12.6612213992	 1
2162.31	12.6658012363	 1
2163.69	12.7370497627	 1
2165.06	12.7868446172	 1
2166.43	12.7309977466	 1
2167.81	12.6967804666	 1
2169.18	12.6651750054	 1
2170.56	12.671851333	 1
2171.93	12.6878950457	 1
2173.31	12.7247494725	 1
2174.68	12.698308646	 1
2176.05	12.6767585039	 1
2177.43	12.5880622064	 1
2178.8	12.5269690753	 1
2180.18	12.4829305795	 1
2181.55	12.5180867777	 1
2182.93	12.5674173091	 1
2184.3	12.5682303973	 1
2185.67	12.6326848861	 1
2187.05	12.5608490748	 1
2188.42	12.5290095791	 1
2189.8	12.520944183	 1
2191.17	12.4895022311	 1
2192.55	12.4261867078	 1
2193.92	12.422728198	 1
2195.29	12.4368532033	 1
2196.67	12.4155044765	 1
2198.04	12.4430547856	 1
2199.42	12.5029312882	 1
2200.79	12.4377380626	 1
2202.17	12.4016526051	 1
2203.54	12.4252688357	 1
2204.92	12.5021594548	 1
2206.29	12.5503853772	 1
2207.66	12.5970462055	 1
2209.04	12.7025655377	 1
2210.41	12.65722096	 1
2211.79	12.5464538525	 1
2213.16	12.5505686756	 1
2214.54	12.601610484	 1
2215.91	12.6483962383	 1
2217.28	12.5212510005	 1
2218.66	12.4778952825	 1
2220.03	12.4628909843	 1
2221.41	12.4616365445	 1
2222.78	12.4596806842	 1
2224.16	12.4621835104	 1
2225.53	12.4688285361	 1
2226.91	12.4417873028	 1
2228.28	12.394493208	 1
2229.65	12.3806117035	 1
2231.03	12.342989879	 1
2232.4	12.3316137664	 1
2233.78	12.3211641545	 1
2235.15	12.3291531852	 1
2236.53	12.3310940518	 1
2237.9	12.3181334337	 1
2239.28	12.3562194914	 1
2240.65	12.4140953125	 1
2242.02	12.4311869674	 1
2243.4	12.448252747	 1
2244.77	12.4038360929	 1
2246.15	12.4154502706	 1
2247.52	12.4700669892	 1
2248.9	12.4816438376	 1
2250.27	12.4591650932	 1
2251.65	12.4860517018	 1
2253.02	12.5052289626	 1
2254.39	12.4752098486	 1
2255.77	12.417628165	 1
2257.14	12.4401239524	 1
2258.52	12.4905691857	 1
2259.89	12.4465527248	 1
2261.27	12.4196994951	 1
2262.64	12.4536966869	 1
2264.02	12.4828708182	 1
2265.39	12.5016583781	 1
2266.76	12.4889295397	 1
2268.14	12.4391731481	 1
2269.51	12.4154520682	 1
2270.89	12.4032628152	 1
2272.26	12.4026587456	 1
2273.64	12.4284970878	 1
2275.01	12.4276233286	 1
2276.39	12.3854806559	 1
2277.76	12.3673850729	 1
2279.14	12.3261249694	 1
2280.51	12.2779371707	 1
2281.88	12.3356269103	 1
2283.26	12.3064799389	 1
2284.63	12.3240816087	 1
2286.01	12.3824297077	 1
2287.38	12.3438657123	 1
2288.76	12.3779042249	 1
2290.13	12.3795953153	 1
2291.51	12.36397042	 1
2292.88	12.360273971	 1
2294.25	12.383440373	 1
2295.63	12.4856446058	 1
2297.0	12.516387719	 1
2298.38	12.4388556955	 1
2299.75	12.3949094654	 1
2301.13	12.3778812326	 1
2302.5	12.3600652484	 1
2303.88	12.2778645491	 1
2305.25	12.2834947199	 1
2306.62	12.3063379467	 1
2308.0	12.2982717017	 1
2309.37	12.3527135655	 1
2310.75	12.4346415948	 1
2312.12	12.4051584503	 1
2313.5	12.3296939378	 1
2314.87	12.2922146129	 1
2316.25	12.2944993281	 1
2317.62	12.3136762474	 1
2319.0	12.3305744244	 1
2320.37	12.2702103362	 1
2321.74	12.2333821699	 1
2323.12	12.2990102362	 1
2324.49	12.4056510277	 1
2325.87	12.405943447	 1
2327.24	12.3001361551	 1
2328.62	12.3381749042	 1
2329.99	12.4950758451	 1
2331.37	12.5305518161	 1
2332.74	12.4133733415	 1
2334.11	12.3385233782	 1
2335.49	12.4471241227	 1
2336.86	12.523273277	 1
2338.24	12.4301136637	 1
2339.61	12.4171517491	 1
2340.99	12.5786392411	 1
2342.36	12.8527078551	 1
2343.74	12.7966048301	 1
2345.11	12.6855209853	 1
2346.49	12.6673370477	 1
2347.86	12.4479438971	 1
2349.23	12.3130035441	 1
2350.61	12.2571377226	 1
2351.98	12.2878700029	 1
2353.36	12.340810684	 1
2354.73	12.2780098956	 1
2356.11	12.3020324748	 1
2357.48	12.5124587737	 1
2358.86	12.6063575834	 1
2360.23	12.4160397117	 1
2361.6	12.3599112996	 1
2362.98	12.4257607606	 1
2364.35	12.4135381658	 1
2365.73	12.3582692183	 1
2367.1	12.3125021699	 1
2368.48	12.2647363622	 1
2369.85	12.2452648507	 1
2371.23	12.3310314535	 1
2372.6	12.4532483349	 1
2373.97	12.3509148298	 1
2375.35	12.2541781105	 1
2376.72	12.3589310811	 1
2378.1	12.5672162199	 1
2379.47	12.8351234057	 1
2380.85	13.0842575941	 1
2382.22	12.7438259653	 1
2383.6	12.4261399521	 1
2384.97	12.3438675728	 1
2386.34	12.5038342911	 1
2387.72	12.4763529385	 1
2389.09	12.2667873056	 1
2390.47	12.229645084	 1
2391.84	12.2937848901	 1
2393.22	12.5777115167	 1
2394.59	12.6740668221	 1
2395.97	12.4619898703	 1
2397.34	12.4896405541	 1
2398.71	12.4104622541	 1
2400.09	12.2940699286	 1
2401.46	12.3806468283	 1
2402.84	12.6343398721	 1
2404.21	12.7366945827	 1
2405.59	12.5782937189	 1
2406.96	12.4179495188	 1
2408.34	12.5168131458	 1
2409.71	12.6603316518	 1
2411.08	12.4787069524	 1
2412.46	12.3881142633	 1
2413.83	12.2360951954	 1
2415.21	12.1950561657	 1
2416.58	12.1429611164	 1
2417.96	12.0941765148	 1
2419.33	12.0423706132	 1
2420.71	12.0612602527	 1
2422.08	12.1603322615	 1
2423.45	12.1569680923	 1
2424.83	12.0807811885	 1
2426.2	12.0797140355	 1
2427.58	12.1243777566	 1
2428.95	12.098131631	 1
2430.33	12.0865903749	 1
2431.7	12.1538651843	 1
2433.08	12.2176175959	 1
2434.45	12.2313749445	 1
2435.82	12.1772195707	 1
2437.2	12.1493450457	 1
2438.57	12.1303104209	 1
2439.95	12.0479366801	 1
2441.32	12.0386473727	 1
2442.7	12.087255653	 1
2444.07	12.1103841013	 1
2445.44	12.1117905511	 1
2446.82	12.0957832111	 1
2448.19	12.1280200376	 1
2449.57	12.1679877536	 1
2450.94	12.1496840151	 1
2452.32	12.1314234583	 1
2453.69	12.0937740189	 1
2455.06	12.0726418589	 1
2456.44	12.0551295266	 1
2457.81	12.0846543882	 1
2459.19	12.1279559592	 1
2460.56	12.1955524654	 1
2461.94	12.1810578945	 1
2463.31	12.1371920356	 1
2464.69	12.1303610231	 1
2466.06	12.1303612442	 1
2467.43	12.0968214393	 1
2468.81	12.1063772491	 1
2470.18	12.131750791	 1
2471.56	12.1711041827	 1
2472.93	12.0877249643	 1
2474.31	12.1155448469	 1
2475.68	12.1597788782	 1
2477.05	12.19906933	 1
2478.43	12.1679139182	 1
2479.8	12.1172615921	 1
2481.18	12.2592682688	 1
2482.55	12.3237813454	 1
2483.93	12.171656897	 1
2485.3	12.1767500028	 1
2486.67	12.2925915949	 1
2488.05	12.380322269	 1
2489.42	12.3626727283	 1
2490.8	12.2461070992	 1
2492.17	12.1137626937	 1
2493.54	12.0062520615	 1
2494.92	11.9939376588	 1
2496.29	11.9988749731	 1
2497.67	11.9796205886	 1
2499.04	12.0017037328	 1
2500.42	12.0864730248	 1
2501.79	12.055878531	 1
2503.16	12.0843929031	 1
2504.54	12.2344552435	 1
2505.91	12.2322890004	 1
2507.29	12.0342089103	 1
2508.66	12.0207291758	 1
2510.04	12.1440527914	 1
2511.41	12.2271858935	 1
2512.78	12.454573606	 1
2514.16	12.5946769857	 1
2515.53	12.5592532322	 1
2516.91	12.4164349461	 1
2518.28	12.349355288	 1
2519.65	12.2641849732	 1
2521.03	12.4025257058	 1
2522.4	12.5432525922	 1
2523.78	12.4827336316	 1
2525.15	12.4449970372	 1
2526.53	12.594241921	 1
2527.9	12.5628160328	 1
2529.27	12.2452170981	 1
2530.65	12.1473572078	 1
2532.02	12.1798687075	 1
2533.4	12.2216382185	 1
2534.77	12.250887745	 1
2536.14	12.2247503946	 1
2537.52	12.2145016765	 1
2538.89	12.1686209259	 1
2540.27	12.1771440104	 1
2541.64	12.1132270212	 1
2543.01	12.1395025448	 1
2544.39	12.1685248472	 1
2545.76	12.1562851256	 1
2547.14	12.2295760366	 1
2548.51	12.1910962554	 1
2549.88	11.9910023831	 1
2551.26	11.9321369664	 1
2552.63	11.9110803619	 1
2554.01	11.9258054945	 1
2555.38	11.9257143587	 1
2556.75	11.8866000311	 1
2558.13	11.9000066635	 1
2559.5	11.9453577915	 1
2560.88	12.0711825556	 1
2562.25	12.0458927243	 1
2563.62	11.8689126473	 1
2565.0	11.8562292259	 1
2566.37	11.8661816622	 1
2567.75	11.8515488953	 1
2569.12	11.8412425344	 1
2570.49	11.8415922603	 1
2571.87	11.8215922461	 1
2573.24	11.8737885973	 1
2574.62	11.9489899201	 1
2575.99	11.8976987996	 1
2577.36	11.8166089757	 1
2578.74	11.7927844569	 1
2580.11	11.8253942185	 1
2581.49	11.8764455193	 1
2582.86	11.8984296532	 1
2584.23	12.0731803189	 1
2585.61	11.9122480809	 1
2586.98	11.7994183323	 1
2588.36	11.7264709064	 1
2589.73	11.802759469	 1
2591.1	11.8497236478	 1
2592.48	11.8695047477	 1
2593.85	11.7957959529	 1
2595.22	11.9647192951	 1
2596.6	12.3630494234	 1
2597.97	12.4630363601	 1
2599.35	11.9938155239	 1
2600.72	11.8168864593	 1
2602.09	11.8333138606	 1
2603.47	11.9905877258	 1
2604.84	12.168803038	 1
2606.22	12.078445394	 1
2607.59	11.9319914882	 1
2608.96	12.0435054339	 1
2610.34	12.2595693459	 1
2611.71	12.1508885844	 1
2613.08	11.9501957722	 1
2614.46	11.7886839642	 1
2615.83	11.9012247551	 1
2617.21	11.8547898228	 1
2618.58	11.8081517997	 1
2619.95	11.8230354852	 1
2621.33	11.7762827337	 1
2622.7	11.8138473518	 1
2624.07	11.9402211603	 1
2625.45	11.9149622778	 1
2626.82	12.00375877	 1
2628.2	12.0510632991	 1
2629.57	12.1864878048	 1
2630.94	11.9274758857	 1
2632.32	11.7015244197	 1
2633.69	11.6428859933	 1
2635.06	11.6090368203	 1
2636.44	11.5724157563	 1
2637.81	11.5564696955	 1
2639.18	11.553133932	 1
2640.56	11.5275456586	 1
2641.93	11.5272994658	 1
2643.31	11.5435733867	 1
2644.68	11.5464674953	 1
2646.05	11.5372329408	 1
2647.43	11.5379713384	 1
2648.8	11.5200991127	 1
2650.17	11.5326188039	 1
2651.55	11.5357762362	 1
2652.92	11.5010402241	 1
2654.29	11.4964303112	 1
2655.67	11.5167173484	 1
2657.04	11.5466172736	 1
2658.41	11.5392284664	 1
2659.79	11.592414567	 1
2661.16	11.6361036658	 1
2662.53	11.6506439738	 1
2663.91	11.6166995844	 1
2665.28	11.6465617342	 1
2666.66	11.6285347582	 1
2668.03	11.6098375668	 1
2669.4	11.5761486076	 1
2670.78	11.5794028153	 1
2672.15	11.5312663791	 1
2673.52	11.5079555311	 1
2674.9	11.5488687114	 1
2676.27	11.6103540342	 1
2677.64	11.6112582498	 1
2679.02	11.5433607021	 1
2680.39	11.5311915111	 1
2681.76	11.5339029647	 1
2683.14	11.5324325633	 1
2684.51	11.5261851726	 1
2685.88	11.5690806474	 1
2687.26	11.616663638	 1
2688.63	11.6150783737	 1
2690.0	11.5802173005	 1
2691.38	11.5695920896	 1
2692.75	11.5730938513	 1
2694.12	11.5897070511	 1
2695.5	11.5909438751	 1
2696.87	11.5929487451	 1
2698.24	11.5250253091	 1
2699.62	11.5437256462	 1
2700.99	11.5178577555	 1
2702.36	11.5118235798	 1
2703.74	11.543882286	 1
2705.11	11.5852556735	 1
2706.48	11.5703607753	 1
2707.86	11.5878026671	 1
2709.23	11.5826736252	 1
2710.6	11.5851018759	 1
2711.97	11.5836893497	 1
2713.35	11.6205337253	 1
2714.72	11.5905422001	 1
2716.09	11.6143990501	 1
2717.47	11.6356763715	 1
2718.84	11.6167323455	 1
2720.21	11.5881279265	 1
2721.59	11.6054296092	 1
2722.96	11.6221677446	 1
2724.33	11.6240099572	 1
2725.71	11.6361977215	 1
2727.08	11.5598665609	 1
2728.45	11.5227081886	 1
2729.83	11.545336726	 1
2731.2	11.5883584672	 1
2732.57	11.6108688091	 1
2733.94	11.640703191	 1
2735.32	11.7222217719	 1
2736.69	11.6936141102	 1
2738.06	11.7563910656	 1
2739.44	11.714662778	 1
2740.81	11.8187439859	 1
2742.18	11.773509658	 1
2743.56	11.7416102897	 1
2744.93	11.8981544313	 1
2746.3	11.8249247509	 1
2747.67	11.899921223	 1
2749.05	11.7326894133	 1
2750.42	11.6065869636	 1
2751.79	11.6477790381	 1
2753.17	11.7619872858	 1
2754.54	11.7878880284	 1
2755.91	11.5957196789	 1
2757.28	11.5303217397	 1
2758.66	11.5614455419	 1
2760.03	11.594386689	 1
2761.4	11.5678240711	 1
2762.78	11.5105007369	 1
2764.15	11.5283049183	 1
2765.52	11.5556689861	 1
2766.89	11.5670601037	 1
2768.27	11.52342258	 1
2769.64	11.5024885868	 1
2771.01	11.4859649766	 1
2772.39	11.4705409966	 1
2773.76	11.5254779603	 1
2775.13	11.5636772319	 1
2776.5	11.6200325128	 1
2777.88	11.6331225022	 1
2779.25	11.6145395815	 1
2780.62	11.5978791856	 1
2781.99	11.5926540252	 1
2783.37	11.5697226067	 1
2784.74	11.6052248331	 1
2786.11	11.7158302476	 1
2787.48	11.8672140367	 1
2788.86	12.1295591196	 1
2790.23	12.4837293468	 1
2791.6	13.0013069441	 1
2792.98	13.4324303001	 1
2794.35	13.5268417059	 1
2795.72	13.2656222185	 1
2797.09	12.948645436	 1
2798.47	12.9532715431	 1
2799.84	13.2561816985	 1
2801.21	13.2301791877	 1
2802.58	12.7516300395	 1
2803.96	12.2227824143	 1
2805.33	11.8753249331	 1
2806.7	11.6764955017	 1
2808.07	11.6116945358	 1
2809.45	11.5711915259	 1
2810.82	11.5157018098	 1
2812.19	11.4610844033	 1
2813.56	11.4253138884	 1
2814.94	11.421057331	 1
2816.31	11.4083676535	 1
2817.68	11.3837615151	 1
2819.05	11.3824512365	 1
2820.42	11.3744847044	 1
2821.8	11.365130535	 1
2823.17	11.3730998625	 1
2824.54	11.3829060824	 1
2825.91	11.3779378729	 1
2827.29	11.3770193284	 1
2828.66	11.3713603769	 1
2830.03	11.3795140959	 1
2831.4	11.3737800072	 1
2832.78	11.4072510912	 1
2834.15	11.4345175707	 1
2835.52	11.3729474286	 1
2836.89	11.3827663851	 1
2838.26	11.4204426287	 1
2839.64	11.4041645818	 1
2841.01	11.4298382449	 1
2842.38	11.4296924893	 1
2843.75	11.4121839523	 1
2845.12	11.4356533793	 1
2846.5	11.5290497666	 1
2847.87	11.6694238964	 1
2849.24	11.9547927148	 1
2850.61	11.9860589013	 1
2851.99	11.6594220746	 1
2853.36	11.5011742828	 1
2854.73	11.4504735489	 1
2856.1	11.4038400202	 1
2857.47	11.3451333653	 1
2858.85	11.3278281974	 1
2860.22	11.3519872195	 1
2861.59	11.3460014678	 1
2862.96	11.3521481366	 1
2864.33	11.3794642005	 1
2865.71	11.3905187472	 1
2867.08	11.3793051055	 1
2868.45	11.3370582216	 1
2869.82	11.3107185336	 1
2871.19	11.3286526666	 1
2872.57	11.355396446	 1
2873.94	11.3763362357	 1
2875.31	11.3750381488	 1
2876.68	11.3894053601	 1
2878.05	11.4720364347	 1
2879.42	11.6082263453	 1
2880.8	11.431536833	 1
2882.17	11.3079199409	 1
2883.54	11.2705752808	 1
2884.91	11.2713884403	 1
2886.28	11.305682139	 1
2887.66	11.3292730654	 1
2889.03	11.3164879597	 1
2890.4	11.3566765961	 1
2891.77	11.3405296187	 1
2893.14	11.2947380534	 1
2894.51	11.2591559818	 1
2895.89	11.2350638811	 1
2897.26	11.2143743245	 1
2898.63	11.1888656678	 1
2900.0	11.1938393287	 1
2901.37	11.1721927443	 1
2902.74	11.1569112941	 1
2904.12	11.1910838278	 1
2905.49	11.2348874363	 1
2906.86	11.2481011579	 1
2908.23	11.2601581757	 1
2909.6	11.2255119491	 1
2910.97	11.1872529375	 1
2912.34	11.1854499691	 1
2913.72	11.1998216816	 1
2915.09	11.202332853	 1
2916.46	11.203365341	 1
2917.83	11.200062071	 1
2919.2	11.2122452292	 1
2920.57	11.2297779283	 1
2921.94	11.2781062021	 1
2923.32	11.2602546482	 1
2924.69	11.2554368708	 1
2926.06	11.2666282266	 1
2927.43	11.2544879382	 1
2928.8	11.1716509674	 1
2930.17	11.1731287709	 1
2931.54	11.1780298813	 1
2932.92	11.1951327008	 1
2934.29	11.2644276149	 1
2935.66	11.2562320243	 1
2937.03	11.2285551723	 1
2938.4	11.2040194576	 1
2939.77	11.206220781	 1
2941.14	11.17766958	 1
2942.51	11.2183400372	 1
2943.89	11.1845282611	 1
2945.26	11.2439910486	 1
2946.63	11.2634308956	 1
2948.0	11.1953985651	 1
2949.37	11.1623052063	 1
2950.74	11.189117329	 1
2952.11	11.2137351306	 1
2953.48	11.1389856647	 1
2954.85	11.1507382003	 1
2956.23	11.1377345421	 1
2957.6	11.1463848291	 1
2958.97	11.1335885838	 1
2960.34	11.1108851621	 1
2961.71	11.1613116427	 1
2963.08	11.2283121539	 1
2964.45	11.223571193	 1
2965.82	11.198664048	 1
2967.19	11.2362627721	 1
2968.56	11.2484664491	 1
2969.93	11.176573023	 1
2971.31	11.1657345529	 1
2972.68	11.1114942616	 1
2974.05	11.1242124325	 1
2975.42	11.087455894	 1
2976.79	11.1130641567	 1
2978.16	11.159113147	 1
2979.53	11.1811906717	 1
2980.9	11.1928467683	 1
2982.27	11.253909527	 1
2983.64	11.2455655281	 1
2985.01	11.1909182824	 1
2986.38	11.1393819925	 1
2987.75	11.0892448456	 1
2989.13	11.0758647152	 1
2990.5	11.0923060823	 1
2991.87	11.1123829674	 1
2993.24	11.1046241278	 1
2994.61	11.0697064394	 1
2995.98	11.075245162	 1
2997.35	11.1435729804	 1
2998.72	11.1823516724	 1
3000.09	11.1895938591	 1
3001.46	11.1595821204	 1
3002.83	11.0838102936	 1
3004.2	11.0905786906	 1
3005.57	11.1297978345	 1
3006.94	11.0955482175	 1
3008.31	11.0624557102	 1
3009.68	11.0666154508	 1
3011.05	11.0627132074	 1
3012.42	11.0872767809	 1
3013.8	11.113105456	 1
3015.17	11.1443948951	 1
3016.54	11.1691928903	 1
3017.91	11.2497382653	 1
3019.28	11.2123723357	 1
3020.65	11.0645908793	 1
3022.02	11.0677845855	 1
3023.39	11.0964078343	 1
3024.76	11.0625357808	 1
3026.13	11.0223745163	 1
3027.5	11.0567665252	 1
3028.87	11.0831113805	 1
3030.24	11.0659340157	 1
3031.61	11.0382155288	 1
3032.98	11.0303201968	 1
3034.35	11.0453976175	 1
3035.72	11.0760012472	 1
3037.09	11.0338410821	 1
3038.46	11.0643107665	 1
3039.83	11.0912304699	 1
3041.2	11.0589740912	 1
3042.57	11.0389223139	 1
3043.94	11.0360964622	 1
3045.31	11.0635491201	 1
3046.68	11.0392391519	 1
3048.05	11.009725573	 1
3049.42	11.0012182046	 1
3050.79	11.0030669218	 1
3052.16	11.0351923091	 1
3053.53	11.0436064753	 1
3054.9	11.1021469135	 1
3056.27	11.1293907023	 1
3057.64	11.078671029	 1
3059.01	11.0349358897	 1
3060.38	11.0453222247	 1
3061.75	11.081330518	 1
3063.12	11.1233442401	 1
3064.49	11.1683380574	 1
3065.82	11.0978441192	 1
3068.57	11.0632734588	 1
3071.31	11.0555777245	 1
3074.06	11.0459305793	 1
3076.81	11.0382283464	 1
3079.55	11.0153589014	 1
3082.3	11.0192888094	 1
3085.04	11.061440156	 1
3087.79	11.1019061604	 1
3090.54	11.1087402293	 1
3093.28	11.1010158783	 1
3096.03	11.1198181254	 1
3098.78	11.1032491686	 1
3101.52	11.0440364863	 1
3104.27	11.0019546705	 1
3107.01	10.9810855813	 1
3109.76	10.9736676609	 1
3112.51	10.9902443233	 1
3115.25	11.0356746204	 1
3118.0	11.041874491	 1
3120.75	11.019609205	 1
3123.49	11.0144062148	 1
3126.24	10.9985740894	 1
3128.99	10.999086918	 1
3131.73	10.9790422354	 1
3134.48	10.9703408796	 1
3137.22	10.9797768105	 1
3139.97	11.0103811927	 1
3142.72	11.0150298747	 1
3145.46	10.9627714987	 1
3148.21	10.9507003341	 1
3150.96	10.974042896	 1
3153.7	11.0014552483	 1
3156.45	11.0287780969	 1
3159.2	11.0139514769	 1
3161.94	10.9645491954	 1
3164.69	10.9405967761	 1
3167.44	10.907469858	 1
3170.18	10.8882006776	 1
3172.93	10.9128596525	 1
3175.68	10.9788192812	 1
3178.42	11.0136906282	 1
3181.17	10.9789136341	 1
3183.92	10.9462406269	 1
3186.66	10.9432138515	 1
3189.41	10.9742410126	 1
3192.16	10.9573022958	 1
3194.91	10.9217891256	 1
3197.65	10.8915501202	 1
3200.4	10.8710778478	 1
3203.15	10.8648035475	 1
3205.89	10.8972097826	 1
3208.64	10.951505937	 1
3211.39	10.959252902	 1
3214.13	10.9278377715	 1
3216.88	10.8966120634	 1
3219.63	10.8944503432	 1
3222.37	10.9144163636	 1
3225.12	10.9531769059	 1
3227.87	10.9562512366	 1
3230.62	10.9545273215	 1
3233.36	10.9475362202	 1
3236.11	10.9035203363	 1
3238.86	10.8793313251	 1
3241.6	10.8657603163	 1
3244.35	10.8733528701	 1
3247.1	10.8808404144	 1
3249.84	10.8676195589	 1
3252.59	10.8344732309	 1
3255.34	10.7976379983	 1
3258.09	10.799399872	 1
3260.83	10.7979059388	 1
3263.58	10.8008598636	 1
3266.33	10.7928107817	 1
3269.08	10.803794336	 1
3271.82	10.8152781235	 1
3274.57	10.833765107	 1
3277.32	10.8203250951	 1
3280.06	10.7925003936	 1
3282.81	10.7935325791	 1
3285.56	10.7909114268	 1
3288.31	10.7574352395	 1
3291.05	10.7395496073	 1
3293.8	10.7344339904	 1
3296.55	10.7329621564	 1
3299.3	10.7428312132	 1
3302.04	10.7581315983	 1
3304.79	10.7607682248	 1
3307.54	10.7391366451	 1
3310.29	10.7352874814	 1
3313.03	10.7465554875	 1
3315.78	10.7486123116	 1
3318.53	10.7642251189	 1
3321.28	10.766183246	 1
3324.02	10.7556099217	 1
3326.77	10.7539688137	 1
3329.52	10.7431982056	 1
3332.27	10.7535898629	 1
3335.01	10.7606820816	 1
3337.76	10.7672569652	 1
3340.51	10.7480053465	 1
3343.26	10.7460855566	 1
3346.0	10.7841919003	 1
3348.75	10.7496339859	 1
3351.5	10.7224658918	 1
3354.25	10.7229960595	 1
3356.99	10.7644150172	 1
3359.74	10.7591674081	 1
3362.49	10.725202736	 1
3365.24	10.7470910805	 1
3367.98	10.7746950142	 1
3370.73	10.7531858661	 1
3373.48	10.7109317898	 1
3376.23	10.7475851606	 1
3378.98	10.7517827135	 1
3381.72	10.7189911155	 1
3384.47	10.7023200404	 1
3387.22	10.706064616	 1
3389.97	10.7283205293	 1
3392.71	10.7023069227	 1
3395.46	10.6587708889	 1
3398.21	10.6677969537	 1
3400.96	10.7009837666	 1
3403.71	10.7129034086	 1
3406.45	10.7079542878	 1
3409.2	10.7027661407	 1
3411.95	10.702720727	 1
3414.7	10.674692085	 1
3417.45	10.6596971302	 1
3420.19	10.6752355407	 1
3422.94	10.6699994698	 1
3425.69	10.6496478616	 1
3428.44	10.6350440281	 1
3431.18	10.6405038802	 1
3433.93	10.6488447562	 1
3436.68	10.6904353195	 1
3439.43	10.7208332881	 1
3442.18	10.699172123	 1
3444.92	10.6537864163	 1
3447.67	10.6478711243	 1
3450.42	10.6518138085	 1
3453.17	10.6343644263	 1
3455.92	10.6479226883	 1
3458.66	10.6528601195	 1
3461.41	10.6358827163	 1
3464.16	10.628787147	 1
3466.91	10.6163375201	 1
3469.66	10.6363698528	 1
3472.41	10.6679758058	 1
3475.15	10.6435329007	 1
3477.9	10.6091479114	 1
3480.65	10.6107964461	 1
3483.4	10.6093994597	 1
3486.15	10.6350166674	 1
3488.89	10.6494760632	 1
3491.64	10.6425914532	 1
3494.39	10.638096116	 1
3497.14	10.6134326915	 1
3499.89	10.6038612196	 1
3502.63	10.6086760377	 1
3505.38	10.610361809	 1
3508.13	10.6243295855	 1
3510.88	10.6287935434	 1
3513.63	10.6075589693	 1
3516.38	10.6016474786	 1
3519.12	10.6208564913	 1
3521.87	10.6394009422	 1
3524.62	10.6362143245	 1
3527.37	10.5934565365	 1
3530.12	10.5794304699	 1
3532.86	10.5676469077	 1
3535.61	10.5600972431	 1
3538.36	10.5601845249	 1
3541.11	10.5440019935	 1
3543.86	10.5337682829	 1
3546.61	10.532595702	 1
3549.35	10.5374500577	 1
3552.1	10.548866572	 1
3554.85	10.5559578608	 1
3557.6	10.5412201436	 1
3560.35	10.5477560433	 1
3563.1	10.5861946414	 1
3565.84	10.6037153651	 1
3568.59	10.6237614924	 1
3571.34	10.6040879767	 1
3574.09	10.5823555232	 1
3576.84	10.5813387003	 1
3579.59	10.6014752859	 1
3582.34	10.6322713359	 1
3585.08	10.6361672076	 1
3587.83	10.5808813323	 1
3590.58	10.5437415815	 1
3593.33	10.5324736506	 1
3596.08	10.5190226623	 1
3598.83	10.5290894549	 1
3601.57	10.5572012194	 1
3604.32	10.5581606439	 1
3607.07	10.563194128	 1
3609.82	10.5508512224	 1
3612.57	10.5422945934	 1
3615.32	10.552930298	 1
3618.06	10.546245359	 1
3620.81	10.5187716003	 1
3623.56	10.4971619752	 1
3626.31	10.5119621684	 1
3629.06	10.5496694875	 1
3631.81	10.5288969746	 1
3634.56	10.5057260781	 1
3637.3	10.5015331795	 1
3640.05	10.5199814381	 1
3642.8	10.5203689442	 1
3645.55	10.5168308228	 1
3648.3	10.5004316271	 1
3651.05	10.472485618	 1
3653.8	10.4544266619	 1
3656.54	10.4499913972	 1
3659.29	10.4486413355	 1
3662.04	10.4496159988	 1
3664.79	10.4531150536	 1
3667.54	10.4567621902	 1
3670.29	10.4447699667	 1
3673.04	10.4629423067	 1
3675.78	10.4837161586	 1
3678.53	10.4816507108	 1
3681.28	10.4856334634	 1
3684.03	10.4914532273	 1
3686.78	10.4630844668	 1
3689.53	10.4365359324	 1
3692.28	10.4310708347	 1
3695.02	10.4249418143	 1
3697.77	10.4154044848	 1
3700.52	10.455982745	 1
3703.27	10.4895428751	 1
3706.02	10.4621046331	 1
3708.77	10.4588398395	 1
3711.52	10.4081445174	 1
3714.26	10.36003944	 1
3717.01	10.4371431462	 1
3719.76	10.4921739816	 1
3722.51	10.3943106677	 1
3725.26	10.3432644117	 1
3728.01	10.3816918192	 1
3730.76	10.5006646897	 1
3733.51	10.5168329134	 1
3736.25	10.3718490847	 1
3739.0	10.3044567207	 1
3741.75	10.3458870848	 1
3744.5	10.4457889611	 1
3747.25	10.5275569668	 1
3750.0	10.4082147186	 1
3752.75	10.2891874946	 1
3755.49	10.2664464081	 1
3758.24	10.2623800618	 1
3760.99	10.2553018261	 1
3763.74	10.315648752	 1
3766.49	10.4345500868	 1
3769.24	10.43848652	 1
3771.99	10.2976989789	 1
3774.74	10.1889047947	 1
3777.48	10.1321504087	 1
3780.23	10.1129782241	 1
3782.98	10.1368427911	 1
3785.73	10.1648052547	 1
3788.48	10.195049515	 1
3791.23	10.291849838	 1
3793.98	10.439787715	 1
3796.73	10.433234669	 1
3799.47	10.2569289279	 1
3802.22	10.1640816114	 1
3804.97	10.1300651782	 1
3807.72	10.0943240815	 1
3810.47	10.11121423	 1
3813.22	10.1191654292	 1
3815.97	10.1061117941	 1
3818.72	10.1251807748	 1
3821.46	10.14775411	 1
3824.21	10.199360443	 1
3826.96	10.2671218825	 1
3829.71	10.3918831469	 1
3832.46	10.5060356845	 1
3835.21	10.4379587216	 1
3837.96	10.2698130833	 1
3840.7	10.1488737788	 1
3843.45	10.0879885455	 1
3846.2	10.0531164732	 1
3848.95	10.0326220633	 1
3851.7	10.0212397876	 1
3854.45	10.0327674524	 1
3857.2	10.0301203763	 1
3859.95	10.00604378	 1
3862.69	9.99523848864	 1
3865.44	9.9887439081	 1
3868.19	10.0132758272	 1
3870.94	10.0427920868	 1
3873.69	10.0532323346	 1
3876.44	10.0906162623	 1
3879.19	10.109705361	 1
3881.94	10.2078960485	 1
3884.68	10.3782516603	 1
3887.43	10.400218426	 1
3890.18	10.245656007	 1
3892.93	10.1429998567	 1
3895.68	10.1051507047	 1
3898.43	10.0757470878	 1
3901.18	10.0565412972	 1
3903.93	10.0364722159	 1
3906.67	9.98986538184	 1
3909.42	9.97473777894	 1
3912.17	9.985018373	 1
3914.92	9.99881245759	 1
3917.67	10.0023967303	 1
3920.42	10.0122943678	 1
3923.17	10.0568246143	 1
3925.92	10.2040932388	 1
3928.66	10.5188628173	 1
3931.41	10.7267145848	 1
3934.16	10.3908393143	 1
3936.91	10.1264227031	 1
3939.66	10.0376754207	 1
3942.41	10.0117381798	 1
3945.16	9.99557059819	 1
3947.91	9.99975844707	 1
3950.65	9.99718067238	 1
3953.4	10.0154942903	 1
3956.15	10.0422575573	 1
3958.9	10.108908178	 1
3961.65	10.271674448	 1
3964.4	10.5952197484	 1
3967.15	10.7024695159	 1
3969.89	10.3863936553	 1
3972.64	10.1632700295	 1
3975.39	10.056395758	 1
3978.14	10.0072865145	 1
3980.89	9.97668834145	 1
3983.64	9.95060781791	 1
3986.39	9.9299325524	 1
3989.14	9.91452077978	 1
3991.88	9.91103768729	 1
3994.63	9.91272258304	 1
3997.38	9.90151143016	 1
4000.13	9.89521383134	 1
4002.88	9.90497441798	 1
4005.63	9.89081186832	 1
4008.38	9.88099378315	 1
4011.12	9.87915117922	 1
4013.87	9.86603175101	 1
4016.62	9.86243150037	 1
4019.37	9.86548843203	 1
4022.12	9.86883695613	 1
4024.87	9.87001408126	 1
4027.62	9.89089266398	 1
4030.36	9.89145050682	 1
4033.11	9.87058420942	 1
4035.86	9.85161566188	 1
4038.61	9.85684162137	 1
4041.36	9.87167297356	 1
4044.11	9.87663753021	 1
4046.86	9.85372205902	 1
4049.6	9.84933154858	 1
4052.35	9.86029298113	 1
4055.1	9.86415818092	 1
4057.85	9.86254145378	 1
4060.6	9.87816753204	 1
4063.35	9.87603652971	 1
4066.1	9.87147391713	 1
4068.84	9.87413285828	 1
4071.59	9.87664089723	 1
4074.34	9.88909901715	 1
4077.09	9.87965528884	 1
4079.84	9.86946128622	 1
4082.59	9.87609040469	 1
4085.34	9.88012629803	 1
4088.08	9.8972263352	 1
4090.83	9.9382294379	 1
4093.58	10.0091283495	 1
4096.33	10.1411984626	 1
4099.08	10.2513087436	 1
4101.83	10.1228698662	 1
4104.58	10.002812753	 1
4107.32	9.93973788982	 1
4110.07	9.89688020328	 1
4112.82	9.8734332533	 1
4115.57	9.86457928244	 1
4118.32	9.85746528035	 1
4121.07	9.84175804896	 1
4123.81	9.83505971328	 1
4126.56	9.83809192623	 1
4129.31	9.84239243891	 1
4132.06	9.82813088886	 1
4134.81	9.81287170747	 1
4137.56	9.80711906514	 1
4140.31	9.81939230701	 1
4143.05	9.81320597576	 1
4145.8	9.80864362874	 1
4148.55	9.80723244951	 1
4151.3	9.81640302779	 1
4154.05	9.81325472666	 1
4156.8	9.8063713968	 1
4159.54	9.79609992809	 1
4162.29	9.79805759172	 1
4165.04	9.80168215508	 1
4167.79	9.80846194143	 1
4170.54	9.8219361932	 1
4173.29	9.82128500288	 1
4176.03	9.81024247691	 1
4178.78	9.80764595427	 1
4181.53	9.80739903767	 1
4184.28	9.81247146071	 1
4187.03	9.80033469553	 1
4189.78	9.79313761247	 1
4192.52	9.79526707766	 1
4195.27	9.81288643809	 1
4198.02	9.81186227261	 1
4200.77	9.80778457505	 1
4203.52	9.79123257615	 1
4206.26	9.7871905037	 1
4209.01	9.78762846125	 1
4211.76	9.79808088601	 1
4214.51	9.80308348382	 1
4217.26	9.7919488174	 1
4220.01	9.80614527951	 1
4222.75	9.83445006377	 1
4225.5	9.8241605295	 1
4228.25	9.79405322941	 1
4231.0	9.80017093128	 1
4233.75	9.79758794886	 1
4236.49	9.78327064659	 1
4239.24	9.77441417228	 1
4241.99	9.7795745543	 1
4244.74	9.79839820144	 1
4247.49	9.79764836626	 1
4250.24	9.78497320312	 1
4252.98	9.77567040954	 1
4255.73	9.77754182503	 1
4258.48	9.77381764263	 1
4261.23	9.75953270791	 1
4263.98	9.76419684544	 1
4266.72	9.78068396804	 1
4269.47	9.79624574161	 1
4272.22	9.78024676148	 1
4274.97	9.76570424549	 1
4277.72	9.77068331688	 1
4280.46	9.78167918621	 1
4283.21	9.78698189586	 1
4285.96	9.80559482481	 1
4288.71	9.80659277154	 1
4291.46	9.79935579122	 1
4294.2	9.8117914328	 1
4296.95	9.84287506827	 1
4299.7	9.84785845101	 1
4302.45	9.8316741056	 1
4305.19	9.83650366273	 1
4307.94	9.82332558747	 1
4310.69	9.81279755217	 1
4313.44	9.79372387469	 1
4316.19	9.78454608613	 1
4318.93	9.79358765359	 1
4321.68	9.81150131501	 1
4324.43	9.82119372892	 1
4327.18	9.81914945396	 1
4329.93	9.84753154725	 1
4332.67	9.92914966186	 1
4335.42	10.0674332243	 1
4338.17	10.1409913893	 1
4340.92	9.996530177	 1
4343.66	9.88313167917	 1
4346.41	9.832192687	 1
4349.16	9.81373931142	 1
4351.91	9.78152119161	 1
4354.66	9.75498718657	 1
4357.4	9.74359188972	 1
4360.15	9.73070088425	 1
4362.9	9.72702738387	 1
4365.65	9.73527814162	 1
4368.39	9.73449644925	 1
4371.14	9.74060311675	 1
4373.89	9.73527019867	 1
4376.64	9.72570265473	 1
4379.38	9.73911130702	 1
4382.13	9.74563953453	 1
4384.88	9.72714935557	 1
4387.63	9.72153299667	 1
4390.37	9.72224324809	 1
4393.12	9.72517645273	 1
4395.87	9.72617995957	 1
4398.62	9.73169903201	 1
4401.36	9.72679769935	 1
4404.11	9.71910895961	 1
4406.86	9.70583304029	 1
4409.61	9.70645854375	 1
4412.35	9.7215325377	 1
4415.1	9.72091562404	 1
4417.85	9.70805452422	 1
4420.6	9.70713450996	 1
4423.34	9.70839501751	 1
4426.09	9.70295305051	 1
4428.84	9.70040184296	 1
4431.59	9.70986433668	 1
4434.33	9.70153154804	 1
4437.08	9.69825142799	 1
4439.83	9.71230848665	 1
4442.57	9.70743192311	 1
4445.32	9.69737805249	 1
4448.07	9.70063590782	 1
4450.82	9.71126009039	 1
4453.56	9.71113519545	 1
4456.31	9.70503232123	 1
4459.06	9.69965724247	 1
4461.81	9.69582637955	 1
4464.55	9.70355820643	 1
4467.3	9.69482190815	 1
4470.05	9.68129927211	 1
4472.79	9.68182656449	 1
4475.54	9.67939161322	 1
4478.29	9.69056829102	 1
4481.04	9.68421073916	 1
4483.78	9.67241437366	 1
4486.53	9.67172043115	 1
4489.28	9.67304748809	 1
4492.02	9.67383548554	 1
4494.77	9.67104786108	 1
4497.52	9.67111879958	 1
4500.26	9.66481839396	 1
4503.01	9.65822681864	 1
4505.76	9.66053657831	 1
4508.51	9.65879725929	 1
4511.25	9.65647220709	 1
4514.0	9.65944469444	 1
4516.75	9.66304618415	 1
4519.49	9.67075737974	 1
4522.24	9.6742581783	 1
4524.99	9.68324058466	 1
4527.73	9.68928393951	 1
4530.48	9.69248744098	 1
4533.23	9.67855840713	 1
4535.97	9.65962607613	 1
4538.72	9.65563013536	 1
4541.47	9.65762444685	 1
4544.21	9.66821345189	 1
4546.96	9.67755125354	 1
4549.71	9.67434116691	 1
4552.45	9.67304910784	 1
4555.2	9.65707037222	 1
4557.95	9.65189077999	 1
4560.69	9.65364075604	 1
4563.44	9.65132256093	 1
4566.19	9.64762308376	 1
4568.93	9.65594776549	 1
4571.68	9.6472245058	 1
4574.43	9.64418889216	 1
4577.17	9.64716547902	 1
4579.92	9.65192888518	 1
4582.67	9.65288865486	 1
4585.41	9.64787178115	 1
4588.16	9.6464335067	 1
4590.91	9.63856143649	 1
4593.65	9.63508431173	 1
4596.4	9.6331386551	 1
4599.15	9.63511935456	 1
4601.89	9.63230542981	 1
4604.64	9.62997056548	 1
4607.38	9.63179465714	 1
4610.13	9.63298902629	 1
4612.88	9.62977699992	 1
4615.62	9.62615235924	 1
4618.37	9.62663627804	 1
4621.12	9.62572058462	 1
4623.86	9.62268562555	 1
4626.61	9.62297649378	 1
4629.35	9.62120850957	 1
4632.1	9.62301280812	 1
4634.85	9.62257070801	 1
4637.59	9.62106051547	 1
4640.34	9.61821679685	 1
4643.09	9.62779640358	 1
4645.83	9.62381903362	 1
4648.58	9.62060353461	 1
4651.32	9.62604239922	 1
4654.07	9.62111273529	 1
4656.82	9.61502783285	 1
4659.56	9.61288658518	 1
4662.31	9.61743910557	 1
4665.05	9.61803858288	 1
4667.8	9.61588947402	 1
4670.55	9.61054721765	 1
4673.29	9.61090023535	 1
4676.04	9.61274591473	 1
4678.78	9.61396355733	 1
4681.53	9.60734870571	 1
4684.28	9.60723060457	 1
4687.02	9.60789710216	 1
4689.77	9.60656237641	 1
4692.51	9.60636273139	 1
4695.26	9.60614496566	 1
4698.0	9.61489263575	 1
4700.75	9.61948597399	 1
4703.5	9.61275322898	 1
4706.24	9.60855965108	 1
4708.99	9.60420120299	 1
4711.73	9.60522778944	 1
4714.48	9.60529996933	 1
4717.22	9.6033454114	 1
4719.97	9.59635354354	 1
4722.72	9.60109218073	 1
4725.46	9.60271569909	 1
4728.21	9.60267261929	 1
4730.95	9.60294572661	 1
4733.7	9.60092576981	 1
4736.44	9.60002499722	 1
4739.19	9.59660081942	 1
4741.93	9.59559279891	 1
4744.68	9.59177322917	 1
4747.42	9.59250895154	 1
4750.17	9.59360020568	 1
4752.92	9.59488332607	 1
4755.66	9.59585137042	 1
4758.41	9.59649322332	 1
4761.15	9.59616187088	 1
4763.9	9.59316475405	 1
4766.64	9.59110775333	 1
4769.39	9.58825582061	 1
4772.13	9.58696212205	 1
4774.88	9.58662704322	 1
4777.62	9.59243943158	 1
4780.37	9.59209689942	 1
4783.11	9.58877387469	 1
4785.86	9.58904145001	 1
4788.6	9.59006825817	 1
4791.35	9.58411535975	 1
4794.09	9.58385726464	 1
4796.84	9.58394015233	 1
4799.58	9.58104412625	 1
4802.33	9.58843614535	 1
4805.07	9.58443162312	 1
4807.82	9.58207540955	 1
4810.56	9.58132439981	 1
4813.31	9.58220314854	 1
4816.05	9.58128176628	 1
4818.8	9.58497425081	 1
4821.54	9.58452983692	 1
4824.29	9.57885960976	 1
4827.03	9.58531937907	 1
4829.78	9.58268852278	 1
4832.52	9.58779234413	 1
4835.27	9.59781007249	 1
4838.01	9.59572745401	 1
4840.75	9.59725078845	 1
4843.5	9.60828843931	 1
4846.24	9.62512557024	 1
4848.99	9.65026795026	 1
4851.73	9.70019123408	 1
4854.48	9.79827056479	 1
4857.22	9.9358838147	 1
4859.97	9.88229076886	 1
4862.71	9.75216501642	 1
4865.46	9.68890443062	 1
4868.2	9.66126945269	 1
4870.94	9.62888906218	 1
4873.69	9.61771147842	 1
4876.43	9.59947596453	 1
4879.18	9.58831540701	 1
4881.92	9.58377192789	 1
4884.67	9.58632831744	 1
4887.41	9.59283968137	 1
4890.15	9.5801143155	 1
4892.9	9.56473748827	 1
4895.64	9.56056916584	 1
4898.39	9.5620147507	 1
4901.13	9.56008167838	 1
4903.88	9.55671018541	 1
4906.62	9.55852921537	 1
4909.36	9.55998890265	 1
4912.11	9.56296203844	 1
4914.85	9.57154044998	 1
4917.6	9.57884588224	 1
4920.34	9.57293629027	 1
4923.08	9.55757136104	 1
4925.83	9.55247593891	 1
4928.57	9.55598731485	 1
4931.31	9.56199465777	 1
4934.06	9.55574357239	 1
4936.8	9.55275041905	 1
4939.55	9.54363692948	 1
4942.29	9.54324774912	 1
4945.03	9.5417724811	 1
4947.78	9.53759651246	 1
4950.52	9.54567855048	 1
4953.26	9.56482574022	 1
4956.01	9.55747899347	 1
4958.75	9.54453398763	 1
4961.5	9.54416824647	 1
4964.24	9.53978133661	 1
4966.98	9.53566094173	 1
4969.73	9.53878086435	 1
4972.47	9.54067926799	 1
4975.21	9.54333219988	 1
4977.96	9.55441754519	 1
4980.7	9.55655410196	 1
4983.44	9.54451687384	 1
4986.19	9.5412054909	 1
4988.93	9.54647960543	 1
4991.67	9.54357314659	 1
4994.42	9.53770551251	 1
4997.16	9.54471546192	 1
4999.9	9.54616323226	 1
5002.65	9.55507269781	 1
5005.39	9.55037885581	 1
5008.13	9.55008216223	 1
5010.88	9.55521883447	 1
5013.62	9.55721002153	 1
5016.36	9.54878213223	 1
5019.1	9.5365780874	 1
5021.85	9.53118546613	 1
5024.59	9.53369631959	 1
5027.33	9.52837654298	 1
5030.08	9.52764601021	 1
5032.82	9.53327534976	 1
5035.56	9.54008952321	 1
5038.3	9.54536444593	 1
5041.05	9.53580554915	 1
5043.79	9.52656161042	 1
5046.53	9.53293432878	 1
5049.28	9.52774667497	 1
5052.02	9.52100643097	 1
5054.76	9.51873308474	 1
5057.5	9.5261573039	 1
5060.25	9.52746811788	 1
5062.99	9.52854129255	 1
5065.73	9.52434176615	 1
5068.47	9.51845726889	 1
5071.22	9.52068656312	 1
5073.96	9.52367594364	 1
5076.7	9.52846098564	 1
5079.44	9.52534418946	 1
5082.19	9.51909804357	 1
5084.93	9.51568151274	 1
5087.67	9.51269841139	 1
5090.41	9.51218830513	 1
5093.16	9.51719698628	 1
5095.9	9.5189336258	 1
5098.64	9.51720145028	 1
5101.38	9.51729797886	 1
5104.12	9.52160042887	 1
5106.87	9.51894425347	 1
5109.61	9.51446300129	 1
5112.35	9.50762271959	 1
5115.09	9.50725408067	 1
5117.83	9.5108892893	 1
5120.58	9.5167840523	 1
5123.32	9.51924595929	 1
5126.06	9.51826980196	 1
5128.8	9.51323402227	 1
5131.54	9.5170930822	 1
5134.29	9.52359490273	 1
5137.03	9.52572838399	 1
5139.77	9.5194839316	 1
5142.51	9.51531984695	 1
5145.25	9.51456808873	 1
5147.99	9.50945362662	 1
5150.74	9.50827714606	 1
5153.48	9.50648359372	 1
5156.22	9.50731398936	 1
5158.96	9.51853642382	 1
5161.7	9.54267150616	 1
5164.44	9.58142250716	 1
5167.19	9.57086912222	 1
5169.93	9.55628593031	 1
5172.67	9.52370859595	 1
5175.41	9.51746238127	 1
5178.15	9.53848440788	 1
5180.89	9.55181132656	 1
5183.63	9.52883924927	 1
5186.37	9.52424371808	 1
5189.12	9.52150226376	 1
5191.86	9.51255893741	 1
5194.6	9.50581952183	 1
5197.34	9.50388985766	 1
5200.08	9.51481533058	 1
5202.82	9.5194970921	 1
5205.56	9.51314900746	 1
5208.3	9.50187603945	 1
5211.04	9.49385141088	 1
5213.79	9.49139893318	 1
5216.53	9.48761525216	 1
5219.27	9.48989830581	 1
5222.01	9.50807603473	 1
5224.75	9.51074492208	 1
5227.49	9.50048966433	 1
5230.23	9.49993654543	 1
5232.97	9.48879855699	 1
5235.71	9.47830998602	 1
5238.45	9.47883132042	 1
5241.19	9.47710358628	 1
5243.93	9.48163345861	 1
5246.67	9.4833085565	 1
5249.42	9.47966740827	 1
5252.16	9.47697052556	 1
5254.9	9.48138928345	 1
5257.64	9.49206695319	 1
5260.38	9.50652820136	 1
5263.12	9.51759911698	 1
5265.86	9.52569764553	 1
5268.6	9.50550387532	 1
5271.34	9.49391495124	 1
5274.08	9.48289128499	 1
5276.82	9.48365939151	 1
5279.56	9.48325692151	 1
5282.3	9.47720440055	 1
5285.04	9.46949953475	 1
5287.78	9.46854485651	 1
5290.52	9.46964302622	 1
5293.26	9.47605969381	 1
5296.0	9.47103007439	 1
5298.74	9.47176345423	 1
5301.48	9.46799453107	 1
5304.22	9.46666658674	 1
5306.96	9.46715938181	 1
5309.7	9.47226023786	 1
5312.44	9.47706728451	 1
5315.18	9.47095401828	 1
5317.92	9.47253690363	 1
5320.66	9.48562739791	 1
5323.4	9.49878226191	 1
5326.14	9.49026627184	 1
5328.88	9.47326390593	 1
5331.62	9.46967608793	 1
5334.35	9.47526120693	 1
5337.09	9.47872147776	 1
5339.83	9.47117888619	 1
5342.57	9.4692270142	 1
5345.31	9.46919607107	 1
5348.05	9.46325555209	 1
5350.79	9.45700807625	 1
5353.53	9.45986714689	 1
5356.27	9.46009445474	 1
5359.01	9.46468626705	 1
5361.75	9.47055742443	 1
5364.49	9.47389155627	 1
5367.23	9.47244706212	 1
5369.97	9.46719573591	 1
5372.7	9.46342070589	 1
5375.44	9.4597012853	 1
5378.18	9.46173371907	 1
5380.92	9.46113711893	 1
5383.66	9.45941689745	 1
5386.4	9.46160071322	 1
5389.14	9.46450198821	 1
5391.88	9.46791560214	 1
5394.62	9.47058238484	 1
5397.35	9.46939470245	 1
5400.09	9.47562037081	 1
5402.83	9.47240481161	 1
5405.57	9.46484398007	 1
5408.31	9.45918064246	 1
5411.05	9.45902021806	 1
5413.79	9.45427412559	 1
5416.52	9.45107831981	 1
5419.26	9.45519616467	 1
5422.0	9.456831468	 1
5424.74	9.46288311013	 1
5427.48	9.45919620775	 1
5430.22	9.45833223104	 1
5432.95	9.45181100985	 1
5435.69	9.4493850985	 1
5438.43	9.44963959445	 1
5441.17	9.45760483427	 1
5443.91	9.45490116504	 1
5446.64	9.44895979319	 1
5449.38	9.45347163204	 1
5454.36	9.45816482993	 1
5459.23	9.45021238795	 1
5464.1	9.44566530536	 1
5468.97	9.44542891948	 1
5473.84	9.44410452643	 1
5478.71	9.43902779135	 1
5483.58	9.43731262481	 1
5488.46	9.43372217475	 1
5493.33	9.43542045845	 1
5498.2	9.4355547424	 1
5503.07	9.43968711534	 1
5507.94	9.43666780262	 1
5512.81	9.43523476456	 1
5517.68	9.42947064872	 1
5522.56	9.43107359433	 1
5527.43	9.43137602183	 1
5532.3	9.42872433972	 1
5537.17	9.42722834809	 1
5542.04	9.42690742699	 1
5546.91	9.42186229828	 1
5551.79	9.42249475607	 1
5556.66	9.42455085772	 1
5561.53	9.42467939439	 1
5566.4	9.43300864051	 1
5571.27	9.42725074668	 1
5576.15	9.42555037538	 1
5581.02	9.4300828442	 1
5585.89	9.43485852572	 1
5590.76	9.43537139899	 1
5595.64	9.43588737939	 1
5600.51	9.43014398651	 1
5605.38	9.42520874833	 1
5610.25	9.42503978724	 1
5615.13	9.42328111477	 1
5620.0	9.4182620322	 1
5624.87	9.40892672564	 1
5629.74	9.4080360138	 1
5634.62	9.41584941913	 1
5639.49	9.4087932812	 1
5644.36	9.41178496106	 1
5649.24	9.4102409327	 1
5654.11	9.41318500662	 1
5658.98	9.41061038244	 1
5663.85	9.40993025605	 1
5668.73	9.40832011387	 1
5673.6	9.40456252023	 1
5678.47	9.40275503734	 1
5683.35	9.40220701954	 1
5688.22	9.40281906083	 1
5693.09	9.40347563496	 1
5697.97	9.40165239219	 1
5702.84	9.4019068703	 1
5707.71	9.4058619048	 1
5712.59	9.40449471201	 1
5717.46	9.39632844403	 1
5722.34	9.39947676823	 1
5727.21	9.39965893567	 1
5732.08	9.39888587006	 1
5736.96	9.39733925024	 1
5741.83	9.39325798001	 1
5746.7	9.39036507657	 1
5751.58	9.39343331853	 1
5756.45	9.39338867631	 1
5761.33	9.39506813191	 1
5766.2	9.39107489696	 1
5771.07	9.38918495099	 1
5775.95	9.38634754199	 1
5780.82	9.38917603357	 1
5785.7	9.38899606308	 1
5790.57	9.3869409775	 1
5795.45	9.38573902094	 1
5800.32	9.3856657644	 1
5805.2	9.3863564116	 1
5810.07	9.38440190663	 1
5814.94	9.38031361863	 1
5819.82	9.38173481617	 1
5824.69	9.38576079761	 1
5829.57	9.3857876836	 1
5834.44	9.38484051902	 1
5839.32	9.379871837	 1
5844.19	9.38007933943	 1
5849.07	9.38163816483	 1
5853.94	9.38012038033	 1
5858.82	9.38086147466	 1
5863.69	9.38431242471	 1
5868.57	9.37659327612	 1
5873.44	9.3751400935	 1
5878.32	9.378687508	 1
5883.19	9.38991074014	 1
5888.07	9.40320285605	 1
5892.94	9.40013186316	 1
5897.82	9.38764950444	 1
5902.7	9.37691494191	 1
5907.57	9.37250562233	 1
5912.45	9.36831460277	 1
5917.32	9.3684954256	 1
5922.2	9.36674437558	 1
5927.07	9.36957369731	 1
5931.95	9.36900204944	 1
5936.83	9.36839395919	 1
5941.7	9.36578899294	 1
5946.58	9.36933685223	 1
5951.45	9.36387813589	 1
5956.33	9.36184288516	 1
5961.2	9.36114930336	 1
5966.08	9.36000191931	 1
5970.96	9.36329554587	 1
5975.83	9.36000394982	 1
5980.71	9.36054372682	 1
5985.59	9.36269704562	 1
5990.46	9.35940315828	 1
5995.34	9.36234443248	 1
6000.21	9.3604617866	 1
6005.09	9.36518728519	 1
6009.97	9.36244225981	 1
6014.84	9.35980314422	 1
6019.72	9.35918253287	 1
6024.6	9.36008861345	 1
6029.47	9.35654946053	 1
6034.35	9.35357124815	 1
6039.23	9.35652893746	 1
6044.1	9.35273039975	 1
6048.98	9.35620636289	 1
6053.86	9.35457619446	 1
6058.73	9.35587855577	 1
6063.61	9.35532371014	 1
6068.49	9.35582569722	 1
6073.36	9.35522012051	 1
6078.24	9.35081965017	 1
6083.12	9.34934027192	 1
6088.0	9.35495716733	 1
6092.87	9.35894664937	 1
6097.75	9.3555076861	 1
6102.63	9.35383197782	 1
6107.5	9.34913534253	 1
6112.38	9.35489931185	 1
6117.26	9.3584213625	 1
6122.14	9.35706168196	 1
6127.01	9.34983145194	 1
6131.89	9.35443310108	 1
6136.77	9.34575852572	 1
6141.65	9.3469336944	 1
6146.52	9.34399757287	 1
6151.4	9.34809355899	 1
6156.28	9.35342952288	 1
6161.16	9.35160478151	 1
6166.04	9.34778431129	 1
6170.91	9.34476133354	 1
6175.79	9.33877684568	 1
6180.67	9.3400018521	 1
6185.55	9.34412985653	 1
6190.42	9.34225413713	 1
6195.3	9.33866882207	 1
6200.18	9.33446514777	 1
6205.06	9.33207189346	 1
6209.94	9.33735775734	 1
6214.81	9.33996522631	 1
6219.69	9.34185134212	 1
6224.57	9.34107406569	 1
6229.45	9.33584167272	 1
6234.33	9.33131242873	 1
6239.21	9.3378478902	 1
6244.08	9.34358026512	 1
6248.96	9.34008069111	 1
6253.84	9.33838558507	 1
6258.72	9.33165887213	 1
6263.6	9.33586871538	 1
6268.48	9.3352599634	 1
6273.36	9.32308883102	 1
6278.23	9.32878933261	 1
6283.11	9.3286700991	 1
6287.99	9.32687818727	 1
6292.87	9.32246197243	 1
6297.75	9.32268375061	 1
6302.63	9.32948803394	 1
6307.51	9.33717857921	 1
6312.39	9.33509007126	 1
6317.26	9.33876782802	 1
6322.14	9.34207865397	 1
6327.02	9.34369014048	 1
6331.9	9.34112246428	 1
6336.78	9.34543459498	 1
6341.66	9.33471084629	 1
6346.54	9.32537813775	 1
6351.42	9.32539276488	 1
6356.3	9.32478402701	 1
6361.18	9.32686485573	 1
6366.06	9.32943906373	 1
6370.93	9.32736473417	 1
6375.81	9.32404844152	 1
6380.69	9.32408422471	 1
6385.57	9.32137937032	 1
6390.45	9.32220339337	 1
6395.33	9.32480604037	 1
6400.21	9.32683352555	 1
6405.09	9.32579364841	 1
6409.97	9.32561331358	 1
6414.85	9.32127923315	 1
6419.73	9.32068218726	 1
6424.61	9.31890031918	 1
6429.49	9.32189742052	 1
6434.37	9.32212708738	 1
6439.25	9.32056922686	 1
6444.13	9.322755206	 1
6449.01	9.32571318083	 1
6453.89	9.31884791041	 1
6458.77	9.32044841002	 1
6463.65	9.31871940232	 1
6468.53	9.31286403519	 1
6473.41	9.31260057209	 1
6478.29	9.31607702607	 1
6483.17	9.31662774103	 1
6488.05	9.31604372217	 1
6492.93	9.32066427104	 1
6497.81	9.31277962188	 1
6502.69	9.30934068644	 1
6507.57	9.31034763132	 1
6512.45	9.31071222526	 1
6517.33	9.3108796892	 1
6522.21	9.3142708733	 1
6527.09	9.31641875717	 1
6531.97	9.31527110757	 1
6536.85	9.32075770703	 1
6541.73	9.33751972371	 1
6546.61	9.36998550156	 1
6551.49	9.42063548649	 1
6556.37	9.50409162321	 1
6561.25	9.51838587575	 1
6566.13	9.4354622691	 1
6571.02	9.36748992879	 1
6575.9	9.3339512098	 1
6580.78	9.32295184854	 1
6585.66	9.31361826443	 1
6590.54	9.30525333387	 1
6595.42	9.30577151771	 1
6600.3	9.30087614174	 1
6605.18	9.298108666	 1
6610.06	9.2952753445	 1
6614.94	9.29942288824	 1
6619.82	9.29651825009	 1
6624.7	9.29651881372	 1
6629.58	9.29551497766	 1
6634.47	9.29834204721	 1
6639.35	9.30038402489	 1
6644.23	9.29646119322	 1
6649.11	9.29703279033	 1
6653.99	9.29684750422	 1
6658.87	9.29539411702	 1
6663.75	9.2931337049	 1
6668.63	9.2953363151	 1
6673.52	9.29629561114	 1
6678.4	9.29740498001	 1
6683.28	9.29205464139	 1
6688.16	9.29274519795	 1
6693.04	9.29337181286	 1
6697.92	9.29155624466	 1
6702.8	9.29560133683	 1
6707.68	9.2974203752	 1
6712.57	9.29635461987	 1
6717.45	9.29071999284	 1
6722.33	9.29423376342	 1
6727.21	9.29545981997	 1
6732.09	9.29153020579	 1
6736.97	9.29033315791	 1
6741.86	9.28871051227	 1
6746.74	9.28888200858	 1
6751.62	9.29213070681	 1
6756.5	9.29101165519	 1
6761.38	9.2881893214	 1
6766.26	9.28837462457	 1
6771.15	9.29238843059	 1
6776.03	9.28732856768	 1
6780.91	9.29052372768	 1
6785.79	9.29139642063	 1
6790.67	9.29088739149	 1
6795.56	9.2904251986	 1
6800.44	9.2867851281	 1
6805.32	9.28781166982	 1
6810.2	9.29002280829	 1
6815.08	9.28678586135	 1
6819.96	9.28758632743	 1
6824.85	9.28670365402	 1
6829.73	9.28197897097	 1
6834.61	9.2844914635	 1
6839.49	9.28658517329	 1
6844.38	9.28537163889	 1
6849.26	9.28862176878	 1
6854.14	9.28945772412	 1
6859.02	9.28832606439	 1
6863.9	9.2884629633	 1
6868.79	9.28260884552	 1
6873.67	9.28164973829	 1
6878.55	9.28047322623	 1
6883.43	9.28290300678	 1
6888.32	9.28365687951	 1
6893.2	9.28128804621	 1
6898.08	9.28231971064	 1
6902.96	9.28254876806	 1
6907.85	9.28015285717	 1
6912.73	9.2823021736	 1
6917.61	9.28032718098	 1
6922.49	9.28083822598	 1
6927.38	9.27964972778	 1
6932.26	9.27600378896	 1
6937.14	9.28192732729	 1
6942.02	9.28000424709	 1
6946.91	9.27998599266	 1
6951.79	9.28298131463	 1
6956.67	9.27857435562	 1
6961.55	9.27767235996	 1
6966.44	9.27302273745	 1
6971.32	9.27950582841	 1
6976.2	9.28060900916	 1
6981.08	9.27576952692	 1
6985.97	9.27699500282	 1
6990.85	9.27855742127	 1
6995.73	9.27982804555	 1
7000.62	9.28017196947	 1
7005.5	9.28115385277	 1
7010.38	9.27606476862	 1
7015.26	9.27427711121	 1
7020.15	9.27371982982	 1
7025.03	9.27440237181	 1
7029.91	9.27254150897	 1
7034.8	9.27347938475	 1
7039.68	9.27384470027	 1
7044.56	9.26953443934	 1
7049.45	9.27184588421	 1
7054.33	9.27272692323	 1
7059.21	9.2733344142	 1
7064.09	9.27262260661	 1
7068.98	9.27173104053	 1
7073.86	9.27359960452	 1
7078.74	9.27435265007	 1
7083.63	9.27346770952	 1
7088.51	9.27594994162	 1
7093.39	9.27291405891	 1
7098.28	9.27277913914	 1
7103.16	9.27082419041	 1
7108.04	9.26956413451	 1
7112.93	9.26853346998	 1
7117.81	9.26959253429	 1
7122.69	9.27047780713	 1
7127.58	9.26914249553	 1
7132.46	9.27037194192	 1
7137.34	9.27257019231	 1
7142.23	9.27441400314	 1
7147.11	9.27324363921	 1
7151.99	9.26707876995	 1
7156.88	9.27124235777	 1
7161.76	9.26814556995	 1
7166.64	9.26768308321	 1
7171.53	9.26758505203	 1
7176.41	9.2679112462	 1
7181.29	9.27012949953	 1
7186.18	9.26894011083	 1
7191.06	9.26796492255	 1
7195.95	9.27014576459	 1
7200.83	9.26896358638	 1
7205.71	9.2648859207	 1
7210.6	9.26117982564	 1
7215.48	9.26062961345	 1
7220.36	9.26160693333	 1
7225.25	9.2605054065	 1
7230.13	9.25814429424	 1
7235.01	9.2590761775	 1
7239.9	9.26146589524	 1
7244.78	9.26488304123	 1
7249.67	9.26525364917	 1
7254.55	9.26214275741	 1
7259.43	9.25956642919	 1
7264.32	9.25860896845	 1
7269.2	9.25661938884	 1
7274.08	9.2600067809	 1
7278.97	9.26242279398	 1
7283.85	9.25874750873	 1
7288.74	9.26415194565	 1
7293.62	9.2583781125	 1
7298.5	9.26369580394	 1
7303.39	9.26361669162	 1
7308.27	9.2614918568	 1
7313.16	9.26382132693	 1
7318.04	9.26161536783	 1
7322.92	9.26089819397	 1
7327.81	9.26177831595	 1
7332.69	9.25727263796	 1
7337.57	9.25943053152	 1
7342.46	9.25687203493	 1
7347.34	9.25778991573	 1
7352.23	9.26067272513	 1
7357.11	9.26234532103	 1
7361.99	9.25683794629	 1
7366.88	9.25575036104	 1
7371.76	9.25551235097	 1
7376.65	9.25601148247	 1
7381.53	9.25471211236	 1
7386.42	9.25944280435	 1
7391.3	9.26294137778	 1
7396.18	9.26079028864	 1
7401.07	9.25885837446	 1
7405.95	9.26209963075	 1
7410.84	9.26052779334	 1
7415.72	9.26126145858	 1
7420.6	9.25897275719	 1
7425.49	9.25673818444	 1
7430.37	9.26153803212	 1
7435.26	9.2601373116	 1
7440.14	9.25757020493	 1
7445.02	9.25628564823	 1
7449.91	9.25399680668	 1
7454.79	9.25324297898	 1
7459.68	9.25650738456	 1
7464.56	9.2524615838	 1
7469.45	9.25663381148	 1
7474.33	9.25451472736	 1
7479.21	9.25382634059	 1
7484.1	9.25448433523	 1
7488.98	9.25805366801	 1
7493.87	9.25940605618	 1
7498.75	9.25977678587	 1
7503.64	9.25915518913	 1
7508.52	9.2557029436	 1
7513.4	9.25434872895	 1
7518.29	9.25293591369	 1
7523.17	9.25382283904	 1
7528.06	9.25522461081	 1
7532.94	9.25430116048	 1
7537.83	9.25297739562	 1
7542.71	9.25137281121	 1
7547.6	9.25532884595	 1
7552.48	9.25658828491	 1
7557.36	9.25269428002	 1
7562.25	9.24891817165	 1
7567.13	9.24760297645	 1
7572.02	9.25540152038	 1
7576.9	9.25285165966	 1
7581.79	9.24926742981	 1
7586.67	9.24953598518	 1
7591.55	9.25196912712	 1
7596.44	9.25285190143	 1
7601.32	9.24946480752	 1
7606.21	9.25339000807	 1
7611.09	9.25257729759	 1
7615.98	9.25048662554	 1
7620.86	9.25060421411	 1
7625.75	9.25243847776	 1
7630.63	9.24886775002	 1
7635.52	9.24927974715	 1
7640.4	9.24882417536	 1
7645.28	9.24971232587	 1
7650.17	9.25171552291	 1
7655.05	9.2571755131	 1
7659.94	9.25623096143	 1
7664.82	9.25134538347	 1
7669.71	9.24635195614	 1
7674.59	9.24423878109	 1
7679.48	9.24763700118	 1
7684.36	9.25244880778	 1
7689.25	9.25021032822	 1
7694.13	9.2528282889	 1
7699.01	9.24769218624	 1
7703.9	9.24838385654	 1
7708.78	9.24893487202	 1
7713.67	9.24951707716	 1
7718.55	9.24523586521	 1
7723.44	9.24380132558	 1
7728.32	9.24207421679	 1
7733.21	9.24212342902	 1
7738.09	9.24768644731	 1
7742.98	9.24524057215	 1
7747.86	9.25054286651	 1
7752.74	9.2512779285	 1
7757.63	9.24307601682	 1
7762.51	9.23557382026	 1
7767.4	9.24615402914	 1
7772.28	9.24776765772	 1
7777.17	9.24336435481	 1
7782.05	9.2459737814	 1
7786.94	9.24367570517	 1
7791.82	9.24288765829	 1
7796.71	9.24101317778	 1
7801.59	9.23745805143	 1
7806.48	9.23672879968	 1
7811.36	9.24004344448	 1
7816.24	9.23998685881	 1
7821.13	9.23672526377	 1
7826.01	9.238212167	 1
7830.9	9.24022060969	 1
7835.78	9.24352301313	 1
7840.67	9.24003600614	 1
7845.55	9.24613571208	 1
7850.44	9.24898865603	 1
7855.32	9.23738323022	 1
7860.21	9.23749547702	 1
7865.09	9.23538520965	 1
7869.98	9.22928941991	 1
7874.86	9.23987850008	 1
7879.74	9.23963878208	 1
7884.63	9.23985970258	 1
7889.51	9.23827001633	 1
7894.4	9.2343436146	 1
7899.28	9.23159094841	 1
7904.17	9.23202621912	 1
7909.05	9.23634936048	 1
7913.94	9.2381904085	 1
7918.82	9.23595463103	 1
7923.71	9.2325750095	 1
7928.59	9.23327718555	 1
7933.47	9.232466916	 1
7938.36	9.2313145391	 1
7943.24	9.2315903993	 1
7948.13	9.22719023837	 1
7953.01	9.22514685466	 1
7957.9	9.23473784962	 1
7962.78	9.23737575582	 1
7967.67	9.23764063282	 1
7972.55	9.23875960144	 1
7977.44	9.23347554238	 1
7982.32	9.22814695983	 1
7987.21	9.23022298117	 1
7992.09	9.2350794594	 1
7996.97	9.23501365592	 1
8001.86	9.23867640316	 1
8006.74	9.23865118738	 1
8011.63	9.23435025512	 1
8016.51	9.23403988171	 1
8021.4	9.23145097984	 1
8026.28	9.23361186702	 1
8031.17	9.23289179424	 1
8036.05	9.23688274921	 1
8040.94	9.23955341595	 1
8045.82	9.24147194653	 1
8050.7	9.24108622021	 1
8055.59	9.23608073533	 1
8060.47	9.23675185773	 1
8065.36	9.23332070465	 1
8070.24	9.23685034513	 1
8075.13	9.23611375126	 1
8080.01	9.24031560978	 1
8084.9	9.23842012445	 1
8089.78	9.23685139197	 1
8094.67	9.23608846372	 1
8099.55	9.23617029099	 1
8104.43	9.23674080398	 1
8109.32	9.23692309875	 1
8114.2	9.23503263725	 1
8119.09	9.23521775787	 1
8123.97	9.23206281931	 1
8128.86	9.22926533713	 1
8133.74	9.22932322764	 1
8138.62	9.23606007239	 1
8143.51	9.23714317932	 1
8148.39	9.23571136019	 1
8153.28	9.23411402234	 1
8158.16	9.23310930298	 1
8163.05	9.23341338348	 1
8167.93	9.23211563091	 1
8172.82	9.23455991817	 1
8177.7	9.23996265572	 1
8182.58	9.23999210388	 1
8187.47	9.24228005879	 1
8192.35	9.24558464182	 1
8197.24	9.24499035736	 1
8202.12	9.24232888655	 1
8207.01	9.23913410814	 1
8211.89	9.23857646001	 1
8216.77	9.23855394977	 1
8221.66	9.23512810874	 1
8226.54	9.2357065634	 1
8231.43	9.23742339671	 1
8236.31	9.23952112909	 1
8241.2	9.24206536355	 1
8246.08	9.242431634	 1
8250.96	9.23677032768	 1
8255.85	9.23206211585	 1
8260.73	9.2368244508	 1
8265.62	9.23675256287	 1
8270.5	9.23597678952	 1
8275.39	9.23381655962	 1
8280.27	9.23182882468	 1
8285.15	9.23480193875	 1
8290.04	9.237823858	 1
8294.92	9.2425377656	 1
8299.81	9.23870065959	 1
8304.69	9.23626692819	 1
8309.58	9.23662296312	 1
8314.46	9.23732612306	 1
8319.34	9.23697403622	 1
8324.23	9.23918839391	 1
8329.11	9.23904739819	 1
8334.0	9.24024603219	 1
8338.88	9.23725684567	 1
8343.76	9.2394252641	 1
8348.65	9.24060119666	 1
8353.53	9.23712522414	 1
8358.42	9.23878668971	 1
8363.3	9.23855606136	 1
8368.18	9.2377043701	 1
8373.07	9.23536407512	 1
8377.95	9.23088994244	 1
8382.84	9.23272813812	 1
8387.72	9.23930143269	 1
8392.6	9.23943142765	 1
8397.49	9.23593863688	 1
8402.37	9.23592975651	 1
8407.25	9.24260108757	 1
8412.14	9.23574148629	 1
8417.02	9.23780185908	 1
8421.91	9.23808166987	 1
8426.79	9.23745483228	 1
8431.67	9.2350060315	 1
8436.56	9.2394366819	 1
8441.44	9.25043372018	 1
8446.33	9.24604674551	 1
8451.21	9.2388077411	 1
8456.09	9.23695402946	 1
8460.98	9.24178659574	 1
8465.86	9.24334220636	 1
8470.74	9.23489077864	 1
8475.63	9.23984171233	 1
8480.51	9.23919638661	 1
8485.4	9.2479511679	 1
8490.28	9.25912404305	 1
8495.16	9.2688627757	 1
8500.05	9.25717158137	 1
8504.93	9.24475567393	 1
8509.81	9.24448148838	 1
8514.7	9.23595165821	 1
8519.58	9.2460287596	 1
8524.46	9.25732176008	 1
8529.35	9.26983225143	 1
8534.23	9.30763043458	 1
8539.12	9.32262246546	 1
8544.0	9.28816670116	 1
8548.88	9.26047005247	 1
8553.77	9.24425442579	 1
8558.65	9.24127207208	 1
8563.53	9.24134192212	 1
8568.42	9.2375248703	 1
8573.3	9.23454946336	 1
8578.18	9.23588710143	 1
8583.07	9.23679263664	 1
8587.95	9.24380663522	 1
8592.83	9.24466331923	 1
8597.72	9.24276741835	 1
8602.6	9.23842158627	 1
8607.48	9.23971700889	 1
8612.37	9.2349331099	 1
8617.25	9.23879464514	 1
8622.13	9.23822636916	 1
8627.02	9.2388336643	 1
8631.9	9.23631841925	 1
8636.78	9.24157976502	 1
8641.67	9.25251017157	 1
8646.55	9.25758472029	 1
8651.43	9.27082308636	 1
8656.31	9.3103371463	 1
8661.2	9.30083204148	 1
8666.08	9.26296441529	 1
8670.96	9.25560827933	 1
8675.85	9.24659661614	 1
8680.73	9.24830337748	 1
8685.61	9.23709338106	 1
8690.5	9.23553605321	 1
8695.38	9.23093427882	 1
8700.26	9.22704692813	 1
8705.14	9.22453420854	 1
8710.03	9.23327093529	 1
8714.91	9.23332430595	 1
8719.79	9.23513945543	 1
8724.67	9.23771550753	 1
8729.56	9.24741991106	 1
8734.44	9.24586458657	 1
8739.32	9.24856948249	 1
8744.21	9.26000295368	 1
8749.09	9.25467419534	 1
8753.97	9.24817621884	 1
8758.85	9.23764244294	 1
8763.74	9.22797553184	 1
8768.62	9.22977877208	 1
8773.5	9.2292117607	 1
8778.38	9.23064827191	 1
8783.27	9.23273409397	 1
8788.15	9.23111078004	 1
8793.03	9.23005699233	 1
8797.92	9.2328389611	 1
8802.8	9.23243443955	 1
8807.68	9.22807404516	 1
8812.56	9.23216335413	 1
8817.44	9.2370465821	 1
8822.33	9.23434685958	 1
8827.21	9.23717790435	 1
8832.09	9.23240594807	 1
8836.97	9.23508609708	 1
8841.86	9.23565639178	 1
8846.74	9.23901594722	 1
8851.62	9.24847598278	 1
8856.5	9.26076966622	 1
8861.39	9.26560337143	 1
8866.27	9.250331843	 1
8871.15	9.24052868827	 1
8876.03	9.23129671326	 1
8880.91	9.22212446189	 1
8885.8	9.22547020115	 1
8890.68	9.22767693924	 1
8895.56	9.23249817837	 1
8900.44	9.23637606636	 1
8905.32	9.23557669151	 1
8910.21	9.23063789374	 1
8915.09	9.2260257361	 1
8919.97	9.21980009756	 1
8924.85	9.22458229649	 1
8929.73	9.22767965755	 1
8934.62	9.22965656408	 1
8939.5	9.23097868839	 1
8944.38	9.23549696154	 1
8949.26	9.22782488205	 1
8954.14	9.22460452027	 1
8959.02	9.22232634753	 1
8963.91	9.21805779254	 1
8968.79	9.22364019936	 1
8973.67	9.23155723914	 1
8978.55	9.2297440405	 1
8983.43	9.23264324203	 1
8988.31	9.2317020613	 1
8993.2	9.23187118611	 1
8998.08	9.25050220479	 1
9002.96	9.26083790932	 1
9007.84	9.28138986253	 1
9012.72	9.27513518473	 1
9017.6	9.25432817349	 1
9022.48	9.23218889405	 1
9027.37	9.23137243729	 1
9032.25	9.22983878552	 1
9037.13	9.22658753864	 1
9042.01	9.23367216577	 1
9046.89	9.22896562955	 1
9051.77	9.23008296642	 1
9056.65	9.23564492716	 1
9061.53	9.22197105975	 1
9066.42	9.21442223033	 1
9071.3	9.22151155223	 1
9076.18	9.21307988878	 1
9081.06	9.21689631506	 1
9085.94	9.22932120076	 1
9090.82	9.23493387308	 1
9095.7	9.2282450012	 1
9100.58	9.2262703627	 1
9105.46	9.22571364932	 1
9110.34	9.22183983024	 1
9115.22	9.22302285849	 1
9120.11	9.22351960668	 1
9124.99	9.22296645197	 1
9129.87	9.22709302429	 1
9134.75	9.21918540299	 1
9139.63	9.21782307908	 1
9144.51	9.2087121746	 1
9149.39	9.20077819523	 1
9154.27	9.19962030816	 1
9159.15	9.20676783227	 1
9164.03	9.21276311126	 1
9168.91	9.21746055128	 1
9173.79	9.22983958211	 1
9178.67	9.2311224497	 1
9183.55	9.22546902838	 1
9188.43	9.22065554321	 1
9193.31	9.22316247843	 1
9198.19	9.22003470833	 1
9203.07	9.23341181629	 1
9207.96	9.25304141587	 1
9212.83	9.25871081354	 1
9217.71	9.27592419161	 1
9222.6	9.28872971862	 1
9227.48	9.27640966966	 1
9232.36	9.25830944453	 1
9237.24	9.24716730801	 1
9242.12	9.24610546575	 1
9247.0	9.24764123351	 1
9251.88	9.24615462169	 1
9256.76	9.23630919203	 1
9261.64	9.23157761064	 1
9266.52	9.2329646081	 1
9271.4	9.23317355832	 1
9276.28	9.23042534842	 1
9281.16	9.2343191675	 1
9286.03	9.23271357201	 1
9290.91	9.21817307939	 1
9295.79	9.21992627789	 1
9300.67	9.22392152879	 1
9305.55	9.22700959741	 1
9310.43	9.23079531087	 1
9315.31	9.24000275488	 1
9320.19	9.24515488186	 1
9325.07	9.2382873522	 1
9329.95	9.2384843359	 1
9334.83	9.23181232496	 1
9339.71	9.23307742003	 1
9344.59	9.24311259147	 1
9349.47	9.23942436351	 1
9354.35	9.2342337082	 1
9359.23	9.22618660142	 1
9364.11	9.23184000472	 1
9368.98	9.22696950413	 1
9373.86	9.22841769561	 1
9378.74	9.22629820799	 1
9383.62	9.2268897661	 1
9388.5	9.22343788287	 1
9393.38	9.22132160519	 1
9398.26	9.22894403488	 1
9403.14	9.22941930023	 1
9408.02	9.2328096819	 1
9412.9	9.22898851066	 1
9417.77	9.24171603846	 1
9422.65	9.24155897561	 1
9427.53	9.23889532477	 1
9432.41	9.23575177842	 1
9437.29	9.23493574517	 1
9442.17	9.22237691284	 1
9447.05	9.22408094427	 1
9451.92	9.22640646711	 1
9456.8	9.22594091296	 1
9461.68	9.23077999406	 1
9466.56	9.23045150686	 1
9471.44	9.23298815899	 1
9476.32	9.23085535846	 1
9481.2	9.22498735935	 1
9486.07	9.23609722305	 1
9490.95	9.23529114519	 1
9495.83	9.23938165497	 1
9500.71	9.2391585456	 1
9505.59	9.23639283259	 1
9510.46	9.24400825688	 1
9515.34	9.24766817863	 1
9520.22	9.24714173233	 1
9525.1	9.26076025575	 1
9529.98	9.26115971808	 1
9534.85	9.27384394735	 1
9539.73	9.29819234218	 1
9544.61	9.29077888874	 1
9549.49	9.26564848326	 1
9554.37	9.2600190326	 1
9559.24	9.25157299106	 1
9564.12	9.23606827326	 1
9569.0	9.23581810543	 1
9573.88	9.24218650334	 1
9578.75	9.23808582029	 1
9583.63	9.24384741857	 1
9588.51	9.23991691628	 1
9593.39	9.23581276968	 1
9598.26	9.23739149593	 1
9603.14	9.23742566596	 1
9608.02	9.23432053065	 1
9612.89	9.23099505645	 1
9617.77	9.23827216632	 1
9622.65	9.2523161031	 1
9627.53	9.24479051858	 1
9632.4	9.24641473544	 1
9637.28	9.24070473913	 1
9642.16	9.24135500968	 1
9647.03	9.24747060356	 1
9651.91	9.23676694381	 1
9656.79	9.23727969898	 1
9661.67	9.23310200927	 1
9666.54	9.22898162161	 1
9671.42	9.22834362665	 1
9676.29	9.2355731439	 1
9681.17	9.24696642607	 1
9686.05	9.24200356366	 1
9690.92	9.23386299911	 1
9695.8	9.22765089357	 1
9700.68	9.22577639351	 1
9705.55	9.23040239995	 1
9710.43	9.24401462189	 1
9715.31	9.24663088693	 1
9720.18	9.2521910599	 1
9725.06	9.25110114941	 1
9729.94	9.25020098778	 1
9734.81	9.24632700795	 1
9739.69	9.25281444029	 1
9744.56	9.25377395592	 1
9749.44	9.25125961081	 1
9754.32	9.24282904378	 1
9759.19	9.24028232887	 1
9764.07	9.23976280204	 1
9768.94	9.24170382272	 1
9773.82	9.24151866823	 1
9778.7	9.23707793353	 1
9783.57	9.23576075946	 1
9788.45	9.22579437092	 1
9793.32	9.24065284109	 1
9798.2	9.24009373086	 1
9803.07	9.22889144461	 1
9807.95	9.23655662893	 1
9812.83	9.24496352207	 1
9817.7	9.2515262508	 1
9822.58	9.2498204762	 1
9827.45	9.24407946533	 1
9832.33	9.24612504179	 1
9837.2	9.24240614252	 1
9842.08	9.24171332146	 1
9846.95	9.24063911203	 1
9851.83	9.23410220211	 1
9856.7	9.24378566318	 1
9861.58	9.25036270388	 1
9866.45	9.24473175114	 1
9871.33	9.25753947555	 1
9876.2	9.23843279076	 1
9881.08	9.2244678884	 1
9885.95	9.22755079042	 1
9890.83	9.23565247971	 1
9895.7	9.23772313703	 1
9900.58	9.24339703177	 1
9905.45	9.25732603362	 1
9910.33	9.24927140609	 1
9915.2	9.25208512069	 1
9920.07	9.24954357901	 1
9924.95	9.23523924279	 1
9929.82	9.24859042381	 1
9934.7	9.24713002842	 1
9939.57	9.24670532432	 1
9944.45	9.24716593156	 1
9949.32	9.24851996539	 1
9954.19	9.25335014709	 1
9959.07	9.24886511526	 1
9963.94	9.24252012329	 1
9968.82	9.25130365078	 1
9973.69	9.25387773696	 1
9978.56	9.24185132527	 1
9983.44	9.24321154905	 1
9988.31	9.24507592204	 1
9993.18	9.2481433522	 1
9998.06	9.23998443554	 1
10002.9	9.23582072953	 1
10007.8	9.23816696042	 1
10012.7	9.23977996565	 1
10017.6	9.23708147519	 1
10022.4	9.24794653425	 1
10027.3	9.26649493938	 1
10032.2	9.27666088986	 1
10037.0	9.27923527922	 1
10041.9	9.30275130219	 1
10046.8	9.30407443149	 1
10051.7	9.2936221061	 1
10056.5	9.2743486958	 1
10061.4	9.26767346553	 1
10066.3	9.25806563549	 1
10071.2	9.25787622331	 1
10076.0	9.24764226077	 1
10080.9	9.25900612318	 1
10085.8	9.26256800178	 1
10090.6	9.25860836251	 1
10095.5	9.24602807188	 1
10100.4	9.24944786708	 1
10105.3	9.24844561887	 1
10110.1	9.24304218364	 1
10115.0	9.23900059888	 1
10119.9	9.2425631566	 1
10124.8	9.23104418508	 1
10129.6	9.22324210931	 1
10134.5	9.23138316185	 1
10139.4	9.22620542716	 1
10144.2	9.23659330856	 1
10149.1	9.23194539654	 1
10154.0	9.23140347749	 1
10158.9	9.2450884601	 1
10169.3	9.24260999313	 1
10197.4	9.24207088497	 1
10225.6	9.24285114138	 1
10253.7	9.24428624465	 1
10281.8	9.24557794359	 1
10310.0	9.24654272383	 1
10338.1	9.24945525751	 1
10366.3	9.24824645087	 1
10394.4	9.24456793731	 1
10422.5	9.24576402764	 1
10450.7	9.2478722528	 1
10478.8	9.24930826283	 1
10507.0	9.24946438654	 1
10535.1	9.25035539837	 1
10563.3	9.24638254432	 1
10591.4	9.24685428467	 1
10619.5	9.24867083326	 1
10647.7	9.24567290141	 1
10675.8	9.25345993286	 1
10704.0	9.25575796575	 1
10732.1	9.25519842841	 1
10760.2	9.2586356128	 1
10788.4	9.25359366222	 1
10816.5	9.25232931176	 1
10844.7	9.25957956073	 1
10872.8	9.26840037456	 1
10900.9	9.28053984384	 1
10929.1	9.28062293334	 1
10957.2	9.27639817006	 1
10985.4	9.27469536177	 1
11013.5	9.26189452559	 1
11041.6	9.26145818592	 1
11069.8	9.26221600947	 1
11097.9	9.26379175928	 1
11126.1	9.26779463133	 1
11154.2	9.26521292371	 1
11182.3	9.26899134357	 1
11210.5	9.27021772713	 1
11238.6	9.26612566053	 1
11266.8	9.26788052162	 1
11294.9	9.27101503813	 1
11323.1	9.27408059391	 1
11351.2	9.27843426918	 1
11379.3	9.28542611177	 1
11407.5	9.28884235131	 1
11435.6	9.28565821241	 1
11463.8	9.28592803751	 1
11491.9	9.28830755026	 1
11520.0	9.28382480144	 1
11548.2	9.2813236239	 1
11576.3	9.2865891259	 1
11604.5	9.28755568451	 1
11632.6	9.29343398541	 1
11660.7	9.29872953739	 1
11688.9	9.30190048138	 1
11720.6	9.28405688725	 1
11760.6	9.28676130686	 1
11800.6	9.2894414394	 1
11840.6	9.29457320089	 1
11880.6	9.29736755721	 1
11920.6	9.29953840138	 1
11960.6	9.30219188425	 1
12000.6	9.30496126941	 1
12040.6	9.30639765429	 1
12080.6	9.30800457668	 1
12120.6	9.30800278396	 1
12160.6	9.30527028687	 1
12200.6	9.30500175292	 1
12240.6	9.30724352089	 1
12280.5	9.31040359508	 1
12320.5	9.3113367364	 1
12360.5	9.31073651035	 1
12400.5	9.31190398913	 1
12440.5	9.31504266303	 1
12480.5	9.31954295768	 1
12520.5	9.32150804285	 1
12560.5	9.32415962989	 1
12600.5	9.32794067338	 1
12640.5	9.33219415548	 1
12680.5	9.3384132803	 1
12720.5	9.34278648091	 1
12760.5	9.34934645675	 1
12800.5	9.35393057567	 1
12840.5	9.35203082756	 1
12880.5	9.34844851613	 1
12920.5	9.34526056554	 1
12960.4	9.34468249438	 1
13000.4	9.34101668823	 1
13040.4	9.33820887705	 1
13080.4	9.33663811875	 1
13120.4	9.33622827081	 1
13160.4	9.34000272864	 1
13200.4	9.34133783598	 1
13240.4	9.3420836265	 1
13280.4	9.34347490402	 1
13320.4	9.34707481114	 1
13360.4	9.35147487424	 1
13400.4	9.35225307215	 1
13440.4	9.35309962193	 1
13480.4	9.35601514098	 1
13520.4	9.35903132047	 1
13560.4	9.35950431861	 1
13600.4	9.35973343719	 1
13640.4	9.35909662525	 1
13680.3	9.35821494017	 1
13720.3	9.35746732924	 1
13760.3	9.35624541579	 1
13800.3	9.3573742087	 1
13840.3	9.35952472843	 1
13880.3	9.36154608696	 1
13920.3	9.36461705734	 1
13960.3	9.36746113927	 1
14000.3	9.37015887381	 1
14040.3	9.37351069334	 1
14080.3	9.37438503931	 1
14120.3	9.37413863806	 1
14160.3	9.37583009083	 1
14200.3	9.37800377156	 1
14240.3	9.37698541089	 1
14280.3	9.37712999685	 1
14320.3	9.37919542374	 1
14360.2	9.37975105848	 1
14400.2	9.38016183312	 1
14440.2	9.38115675384	 1
14480.2	9.38288860137	 1
14520.2	9.38175130936	 1
14560.2	9.38102265352	 1
14600.2	9.38306499235	 1
14640.2	9.3846374099	 1
14680.2	9.38426624643	 1
14720.2	9.38441747071	 1
14760.2	9.38851907739	 1
14800.2	9.39247990449	 1
14840.2	9.39312685962	 1
14880.2	9.39178493954	 1
14920.2	9.39227630094	 1
14960.2	9.39551446554	 1
15000.2	9.39756865509	 1
15040.2	9.39833434301	 1
15080.1	9.3973202669	 1
15120.1	9.39797575456	 1
15160.1	9.39963290586	 1
15200.1	9.40151511589	 1
15240.1	9.40239733154	 1
15280.1	9.40277067723	 1
15320.1	9.4040844852	 1
15360.1	9.40268731241	 1
15400.1	9.40226187664	 1
15440.1	9.4025066145	 1
15480.1	9.40564044946	 1
15520.1	9.4091803335	 1
15560.1	9.41031383708	 1
15600.1	9.41215273058	 1
15640.1	9.41674657817	 1
15680.1	9.42294747103	 1
15720.1	9.42661482781	 1
15760.0	9.42869043915	 1
15800.0	9.42831805901	 1
15840.0	9.42921036414	 1
15880.0	9.42909887101	 1
15920.0	9.42977462507	 1
15960.0	9.43204786315	 1
16000.0	9.43482968808	 1
16040.0	9.43806978645	 1
16080.0	9.44148549955	 1
16120.0	9.44301572389	 1
16160.0	9.44165799698	 1
16200.0	9.44386509499	 1
16240.0	9.44583879432	 1
16280.0	9.44983142536	 1
16320.0	9.45648995976	 1
16360.0	9.46298620887	 1
16400.0	9.46778462619	 1
16440.0	9.46919887978	 1
16479.9	9.46812344703	 1
16519.9	9.46741354812	 1
16559.9	9.46827552116	 1
16599.9	9.47156262112	 1
16639.9	9.47828729497	 1
16679.9	9.48564092859	 1
16719.9	9.49296204997	 1
16759.9	9.50093668239	 1
16799.9	9.50853048085	 1
16839.9	9.51016828035	 1
16879.9	9.50802717682	 1
16919.9	9.50527320291	 1
16959.9	9.50426060018	 1
16999.9	9.50499078135	 1
17039.9	9.50758366634	 1
17079.9	9.51317377561	 1
17119.9	9.51876939005	 1
17159.8	9.5240788715	 1
17199.8	9.52923885521	 1
17239.8	9.53810264788	 1
17279.8	9.54978992806	 1
17319.8	9.56127116437	 1
17359.8	9.56903238422	 1
17399.8	9.56887274232	 1
17439.8	9.56305503122	 1
17479.8	9.55945964405	 1
17519.8	9.55960308652	 1
17559.8	9.5607864871	 1
17599.8	9.56333692168	 1
17639.8	9.56780300396	 1
17679.8	9.57332933152	 1
17719.8	9.57616846326	 1
17759.8	9.57943709602	 1
17799.8	9.58333789195	 1
17839.8	9.58784208045	 1
17879.7	9.59094148495	 1
17919.7	9.59385599497	 1
17959.7	9.59914632712	 1
17999.7	9.60478970112	 1
18039.7	9.61272347497	 1
18079.7	9.62093442342	 1
18119.7	9.63262215816	 1
18159.7	9.64225509004	 1
18199.7	9.64664248264	 1
18239.7	9.64416666412	 1
18279.7	9.64134701257	 1
18319.7	9.64041330494	 1
18359.7	9.64126459398	 1
18399.7	9.64587491161	 1
18439.7	9.64853937069	 1
18479.7	9.652969415	 1
18519.7	9.6547474039	 1
18559.7	9.66164120887	 1
18599.6	9.66761470168	 1
18639.6	9.68071472344	 1
18679.6	9.69388411266	 1
18719.6	9.71238790496	 1
18759.6	9.71398856748	 1
18799.6	9.6997025606	 1
18839.6	9.69687870642	 1
18879.6	9.69005427975	 1
18934.2	9.69341349111	 1
18991.6	9.6974542842	 1
19048.9	9.70438244193	 1
19106.3	9.71115338707	 1
19163.7	9.71607788366	 1
19221.1	9.72128608478	 1
19278.5	9.72635319187	 1
19335.9	9.73845400417	 1
19393.2	9.75174264191	 1
19450.6	9.75647746792	 1
19508.0	9.75300570869	 1
19565.4	9.74883376796	 1
19622.8	9.74927587391	 1
19680.2	9.75306505905	 1
19737.6	9.76004587928	 1
19794.9	9.76662237214	 1
19852.3	9.77116279291	 1
19909.7	9.77547694539	 1
19967.1	9.77923211963	 1
20024.5	9.78414623512	 1
20081.9	9.78902832546	 1
20139.2	9.7933514626	 1
20196.6	9.79731176678	 1
20254.0	9.80165768782	 1
20311.4	9.80567667417	 1
20368.8	9.81012149347	 1
20426.2	9.81430189813	 1
20483.6	9.81831486171	 1
20540.9	9.82423751143	 1
20598.3	9.82928799706	 1
20655.7	9.83428764782	 1
20713.1	9.83960197208	 1
20770.5	9.8446426273	 1
20827.9	9.85086832666	 1
20885.3	9.85599226197	 1
20942.6	9.86018088613	 1
21000.0	9.86443218279	 1
21057.4	9.86840472817	 1
21114.8	9.87454127554	 1
21172.2	9.87974858264	 1
21229.6	9.8838344722	 1
21286.9	9.88527181082	 1
21344.3	9.88963176132	 1
21401.7	9.89721475096	 1
21459.1	9.90384628791	 1
21516.5	9.91225397674	 1
21573.9	9.92241941083	 1
21631.3	9.92986078537	 1
21688.6	9.9321032318	 1
21746.0	9.92914236525	 1
21803.4	9.92576112283	 1
21860.8	9.92568687897	 1
21918.2	9.92834336238	 1
21975.6	9.93266180704	 1
22032.9	9.93897172997	 1
22090.3	9.94495735801	 1
22147.7	9.94832949484	 1
22205.1	9.95179156637	 1
22262.5	9.95420747498	 1
22319.9	9.95717479761	 1
22377.3	9.96301892919	 1
22434.6	9.96691389308	 1
22492.0	9.97055271427	 1
22549.4	9.97438308747	 1
22606.8	9.97805936513	 1
22664.2	9.98561117871	 1
22721.6	9.99231344218	 1
22779.0	9.99519585043	 1
22836.3	9.9988412818	 1
22893.7	10.0050318984	 1
22951.1	10.0114154098	 1
23008.5	10.0161736702	 1
23065.9	10.0199069536	 1
23123.3	10.0236224013	 1
23180.6	10.029031931	 1
23238.0	10.0334982955	 1
23295.4	10.0371718381	 1
23352.8	10.0399751022	 1
23410.2	10.0421145837	 1
23467.6	10.0477552957	 1
23525.0	10.0540424287	 1
23582.3	10.061004407	 1
23639.7	10.0665687113	 1
23697.1	10.0710593276	 1
23754.5	10.0758924063	 1
23811.9	10.0785822646	 1
23869.3	10.0823228917	 1
23926.7	10.0878200509	 1
23984.0	10.093070629	 1
24041.4	10.0989307807	 1
24098.8	10.1065121627	 1
24156.2	10.1147746813	 1
24213.6	10.122236098	 1
24271.0	10.1266860531	 1
24328.3	10.13031089	 1
24385.7	10.1367629171	 1
24443.1	10.1441674164	 1
24500.5	10.1481575274	 1
24557.9	10.1532741478	 1
24615.3	10.1522968955	 1
24672.7	10.1455032699	 1
24730.0	10.1416461891	 1
24787.4	10.1402993178	 1
