1140.6	7.73270008584	 1
1141.6	7.73380591976	 1
1142.6	7.71866257106	 1
1143.6	7.713132019	 1
1144.6	7.74416982687	 1
1145.6	7.72943791593	 1
1146.6	7.69889612557	 1
1147.6	7.72671733417	 1
1148.6	7.71812395533	 1
1149.65	7.71219537792	 1
1150.65	7.70570074134	 1
1151.65	7.68125418789	 1
1152.65	7.69991542435	 1
1153.65	7.70243539456	 1
1154.65	7.69406886633	 1
1155.65	7.71162415006	 1
1156.68	7.70515009018	 1
1157.7	7.71302160356	 1
1158.7	7.71515952848	 1
1159.7	7.72451064378	 1
1160.7	7.71222420749	 1
1161.7	7.69400620312	 1
1162.7	7.6953932356	 1
1163.7	7.71513301131	 1
1164.73	7.7582944869	 1
1165.75	7.74333240884	 1
1166.75	7.73614290966	 1
1167.75	7.76864225001	 1
1168.75	7.80625035163	 1
1169.75	7.81685595203	 1
1170.75	7.73884762412	 1
1171.8	7.71538570415	 1
1172.8	7.7045561668	 1
1173.8	7.72010376853	 1
1174.8	7.77078859643	 1
1175.8	7.75464216286	 1
1176.8	7.73718967531	 1
1177.8	7.71643513728	 1
1178.83	7.70552118243	 1
1179.85	7.71500409612	 1
1180.85	7.73434875487	 1
1181.85	7.72620423349	 1
1182.85	7.71935151803	 1
1183.85	7.72701403178	 1
1184.88	7.75889299313	 1
1185.9	7.7465419772	 1
1186.9	7.74912214557	 1
1187.9	7.7657596628	 1
1188.9	7.76663798897	 1
1189.9	7.78377733859	 1
1190.9	7.8083647732	 1
1191.93	7.77520222693	 1
1192.95	7.79237962088	 1
1193.95	7.79683614293	 1
1194.95	7.75967430901	 1
1195.95	7.75893770898	 1
1196.95	7.74740134388	 1
1197.98	7.75925270375	 1
1199.0	7.79892221879	 1
1200.0	7.86172041975	 1
1201.0	7.82721332683	 1
1202.0	7.7578554945	 1
1203.0	7.75911293959	 1
1204.0	7.77490167308	 1
1205.05	7.77804408303	 1
1206.05	7.80258587662	 1
1207.05	7.82951798067	 1
1208.05	7.83342004037	 1
1209.05	7.88156385034	 1
1210.08	7.91826631278	 1
1211.1	7.98319827063	 1
1212.1	8.10008674924	 1
1213.1	8.35130787308	 1
1214.1	8.88441473994	 1
1215.1	9.69438447569	 1
1216.12	9.89911177685	 1
1217.15	9.25384787114	 1
1218.15	8.57292270328	 1
1219.15	8.22368764662	 1
1220.15	8.0502562131	 1
1221.15	7.97120856933	 1
1222.2	7.89474317439	 1
1223.2	7.85727146058	 1
1224.2	7.83080350467	 1
1225.2	7.81226412219	 1
1226.2	7.81251922512	 1
1227.2	7.80593702533	 1
1228.25	7.8244117884	 1
1229.25	7.85403009156	 1
1230.25	7.83891148135	 1
1231.25	7.81787436916	 1
1232.25	7.81312651992	 1
1233.28	7.81658182713	 1
1234.3	7.81250801703	 1
1235.3	7.81349491647	 1
1236.3	7.84686464858	 1
1237.3	7.9009346846	 1
1238.3	8.0142734201	 1
1239.33	8.13882517897	 1
1240.35	7.96848946261	 1
1241.35	7.91124989588	 1
1242.35	8.0065817755	 1
1243.35	8.07214457666	 1
1244.38	7.91069077063	 1
1245.4	7.8543194309	 1
1246.4	7.83569380001	 1
1247.4	7.83187003859	 1
1248.4	7.82716938332	 1
1249.4	7.82216200916	 1
1250.45	7.84369097763	 1
1251.45	7.85116614038	 1
1252.45	7.8510551185	 1
1253.45	7.86965976233	 1
1254.45	7.83168330218	 1
1255.48	7.79598639701	 1
1256.5	7.80772796872	 1
1257.5	7.80530700918	 1
1258.5	7.82266752906	 1
1259.5	7.86035146466	 1
1260.5	7.91720594783	 1
1261.55	7.87902232242	 1
1262.55	7.81795627607	 1
1263.55	7.81121660434	 1
1264.55	7.82803385589	 1
1265.55	7.85580782772	 1
1266.6	7.85380092193	 1
1267.6	7.82268199253	 1
1268.6	7.81887388646	 1
1269.6	7.82693498903	 1
1270.6	7.85677379831	 1
1271.62	7.87790720686	 1
1272.65	7.88848701291	 1
1273.65	7.86766400505	 1
1274.65	7.85782990714	 1
1275.65	7.84856504594	 1
1276.68	7.88723535563	 1
1277.7	7.89611071795	 1
1278.7	7.87312073693	 1
1279.7	7.85582073594	 1
1280.7	7.84741026404	 1
1281.7	7.83811415337	 1
1282.75	7.86083911193	 1
1283.75	7.87484422137	 1
1284.75	7.88662105788	 1
1285.75	7.87821765408	 1
1286.75	7.87672555435	 1
1287.8	7.85815180837	 1
1288.8	7.84801779677	 1
1289.8	7.83566860392	 1
1290.8	7.84965363019	 1
1291.8	7.85047758019	 1
1292.8	7.84954868396	 1
1293.85	7.85017213895	 1
1294.85	7.87163187221	 1
1295.85	7.89488908318	 1
1296.85	7.92174060247	 1
1297.85	7.89708328344	 1
1298.9	7.85559892172	 1
1299.9	7.86680030393	 1
1300.9	7.88810842918	 1
1301.9	7.94793149701	 1
1302.9	7.91912566311	 1
1303.93	7.9125515304	 1
1304.95	7.91447773857	 1
1305.95	7.88378605728	 1
1306.95	7.8728865924	 1
1307.95	7.87647358531	 1
1308.98	7.89940769186	 1
1310.0	7.91185209327	 1
1311.0	7.90473454237	 1
1312.0	7.88279280513	 1
1313.0	7.88731972255	 1
1314.0	7.87931917122	 1
1315.05	7.8790965393	 1
1316.05	7.87595357586	 1
1317.05	7.88363872556	 1
1318.05	7.90477117401	 1
1319.05	7.89426331557	 1
1320.1	7.88134952312	 1
1321.1	7.87617422681	 1
1322.1	7.88483586332	 1
1323.1	7.88320397636	 1
1324.1	7.87950897504	 1
1325.1	7.87246683583	 1
1326.15	7.87126495333	 1
1327.15	7.87704917894	 1
1328.15	7.89089086866	 1
1329.15	7.91558787497	 1
1330.15	7.89486313419	 1
1331.2	7.89451045886	 1
1332.2	7.89043118083	 1
1333.2	7.90492456796	 1
1334.2	7.9582582579	 1
1335.2	7.9830313542	 1
1336.23	7.94679346215	 1
1337.25	7.92316179729	 1
1338.25	7.95236425324	 1
1339.25	7.96214232002	 1
1340.25	7.92199744224	 1
1341.25	7.90513305598	 1
1342.3	7.90757715898	 1
1343.3	7.99784317475	 1
1344.3	7.99210694948	 1
1345.3	7.94439650285	 1
1346.3	7.93870512816	 1
1347.3	7.92839734109	 1
1348.35	7.91129550562	 1
1349.35	7.9109595098	 1
1350.35	7.91980198845	 1
1351.35	7.91976352047	 1
1352.35	7.93060735069	 1
1353.38	7.92497449421	 1
1354.4	7.92569045669	 1
1355.4	7.94648711703	 1
1356.4	7.94679078513	 1
1357.4	7.95653558946	 1
1358.4	7.94002153096	 1
1359.43	7.93454539013	 1
1360.45	7.94268560034	 1
1361.45	7.94799043179	 1
1362.45	7.95792922627	 1
1363.45	7.93552253922	 1
1364.45	7.93366484295	 1
1365.5	7.93907013335	 1
1366.5	7.9345991132	 1
1367.5	7.94423698944	 1
1368.5	7.95664528108	 1
1369.5	7.98443852853	 1
1370.5	8.06113198097	 1
1371.55	8.20714107834	 1
1372.55	8.09296193407	 1
1373.55	8.00098541094	 1
1374.55	8.00939095722	 1
1375.55	7.97652709134	 1
1376.55	7.95812805326	 1
1377.6	7.94936116319	 1
1378.6	7.95440421603	 1
1379.6	7.95283253735	 1
1380.6	7.93970973847	 1
1381.6	7.94178687315	 1
1382.6	7.9403243477	 1
1383.62	7.94450374869	 1
1384.65	7.95402278896	 1
1385.65	7.95126250671	 1
1386.65	7.96258779941	 1
1387.65	7.96636501831	 1
1388.65	7.96173196696	 1
1389.65	7.95149550713	 1
1390.7	7.95447193947	 1
1391.7	7.95209393082	 1
1392.7	7.9662403666	 1
1393.7	8.01668648094	 1
1394.7	8.01373073277	 1
1395.7	7.97148361989	 1
1396.73	7.96656538133	 1
1397.75	7.97246523626	 1
1398.75	7.96348696214	 1
1399.75	7.95129393259	 1
1400.75	7.96951713229	 1
1401.75	7.98240016715	 1
1402.75	8.02776521452	 1
1403.78	8.01190806798	 1
1404.8	7.993735687	 1
1405.8	7.98937028073	 1
1406.8	8.00705268986	 1
1407.8	8.01773807601	 1
1408.8	8.01433276979	 1
1409.8	8.03881056173	 1
1410.8	8.00883395239	 1
1411.85	7.99718727627	 1
1412.85	7.98127210602	 1
1413.85	7.9927259921	 1
1414.85	8.00308165347	 1
1415.85	8.01369835065	 1
1416.85	8.02248007745	 1
1417.85	8.03538681335	 1
1418.9	8.05197362913	 1
1419.9	8.03038739265	 1
1420.9	8.03236246625	 1
1421.9	8.01441426874	 1
1422.9	8.01402109095	 1
1423.9	8.0095962702	 1
1424.9	8.00528982523	 1
1425.9	8.01183823649	 1
1426.93	8.00061375465	 1
1427.95	8.01976983846	 1
1428.95	8.01859090173	 1
1429.95	8.04067443369	 1
1430.95	8.0273788582	 1
1431.95	8.01952089771	 1
1432.95	8.0119828476	 1
1433.95	8.01250670997	 1
1434.97	8.01192588216	 1
1436.0	8.00881979309	 1
1437.0	8.0092837992	 1
1438.0	8.02200764713	 1
1439.0	8.02748459515	 1
1440.0	8.0255098316	 1
1441.0	8.03517741558	 1
1442.0	8.01000824975	 1
1443.0	8.01636894467	 1
1444.0	8.01497484353	 1
1445.05	8.00940597587	 1
1446.05	8.02778070804	 1
1447.05	8.04361340121	 1
1448.05	8.03146292932	 1
1449.05	8.03656177464	 1
1450.05	8.03386362846	 1
1451.05	8.02594631081	 1
1452.05	8.02430726663	 1
1453.05	8.02962935057	 1
1454.05	8.0418749505	 1
1455.1	8.04112007547	 1
1456.1	8.05865465726	 1
1457.1	8.03593716783	 1
1458.1	8.03339740907	 1
1459.1	8.04060954734	 1
1460.1	8.06246043416	 1
1461.1	8.04272373574	 1
1462.1	8.0359399769	 1
1463.1	8.0470321566	 1
1464.1	8.06253316616	 1
1465.1	8.07697198078	 1
1466.1	8.07778975924	 1
1467.15	8.08158888145	 1
1468.15	8.06967861099	 1
1469.15	8.06791688699	 1
1470.15	8.05095953299	 1
1471.15	8.04051642535	 1
1472.15	8.05237134215	 1
1473.15	8.05605058619	 1
1474.15	8.04468728228	 1
1475.15	8.05634760219	 1
1476.15	8.06584462519	 1
1477.15	8.0562988424	 1
1478.15	8.05953012346	 1
1479.15	8.07265322008	 1
1480.15	8.07687332945	 1
1481.18	8.07441585776	 1
1482.2	8.06641887748	 1
1483.2	8.07906255463	 1
1484.2	8.08479582941	 1
1485.2	8.08674013539	 1
1486.2	8.07389391389	 1
1487.2	8.08238455933	 1
1488.2	8.07973063503	 1
1489.2	8.08380245717	 1
1490.2	8.09875752775	 1
1491.2	8.10388733577	 1
1492.2	8.09967115881	 1
1493.2	8.100857074	 1
1494.2	8.10136866392	 1
1495.2	8.10558030545	 1
1496.2	8.1071416105	 1
1497.2	8.09270033271	 1
1498.2	8.09290248759	 1
1499.2	8.09703809685	 1
1500.2	8.10856582403	 1
1501.2	8.09977218338	 1
1502.2	8.10929787601	 1
1503.2	8.10699763129	 1
1504.2	8.10779740947	 1
1505.2	8.10833778911	 1
1506.2	8.111338049	 1
1507.25	8.13743403026	 1
1508.25	8.11860634983	 1
1509.25	8.0980549573	 1
1510.25	8.0929755799	 1
1511.25	8.09815312176	 1
1512.25	8.0916259853	 1
1513.25	8.09705603227	 1
1514.25	8.10389313081	 1
1515.25	8.10860366936	 1
1516.25	8.10356913526	 1
1517.25	8.10776572974	 1
1518.25	8.11444193547	 1
1519.25	8.12262426569	 1
1520.25	8.11097653695	 1
1521.25	8.11132546162	 1
1522.25	8.1109968102	 1
1523.25	8.1207096114	 1
1524.25	8.13790694193	 1
1525.25	8.12942515477	 1
1526.25	8.14094336518	 1
1527.25	8.17364433387	 1
1528.25	8.13836374052	 1
1529.25	8.13007060719	 1
1530.25	8.12805155465	 1
1531.25	8.11436507165	 1
1532.25	8.12310287994	 1
1533.23	8.13856586099	 1
1534.2	8.13595273402	 1
1535.2	8.12560197744	 1
1536.2	8.10987849692	 1
1537.2	8.12051172059	 1
1538.2	8.13600738961	 1
1539.2	8.14652858535	 1
1540.2	8.13705662649	 1
1541.2	8.12917817708	 1
1542.2	8.13478735761	 1
1543.2	8.14090563639	 1
1544.2	8.15522173224	 1
1545.2	8.14486094417	 1
1546.2	8.15047883796	 1
1547.2	8.17158411929	 1
1548.2	8.2808905272	 1
1549.2	8.30593529934	 1
1550.2	8.24915095602	 1
1551.2	8.30800447214	 1
1552.2	8.22121843312	 1
1553.2	8.17269522485	 1
1554.2	8.15809415999	 1
1555.2	8.16015044051	 1
1556.18	8.15157511422	 1
1557.15	8.15207997279	 1
1558.15	8.15455731707	 1
1559.15	8.15787965449	 1
1560.15	8.15922679627	 1
1561.15	8.1677073285	 1
1562.15	8.16473181632	 1
1563.15	8.1608638118	 1
1564.15	8.16495034615	 1
1565.15	8.16729429727	 1
1566.15	8.17451942177	 1
1567.15	8.16674934116	 1
1568.15	8.16037660218	 1
1569.12	8.15717106545	 1
1570.1	8.15660679425	 1
1571.1	8.16480843334	 1
1572.1	8.17151301663	 1
1573.1	8.179528397	 1
1574.1	8.18060965507	 1
1575.1	8.1812619306	 1
1576.1	8.18786067316	 1
1577.1	8.18442308546	 1
1578.1	8.1863393577	 1
1579.07	8.18587886803	 1
1580.05	8.19256913506	 1
1581.05	8.18180759898	 1
1582.05	8.18537152415	 1
1583.05	8.19148254814	 1
1584.05	8.19735632365	 1
1585.05	8.19814174121	 1
1586.05	8.20033654099	 1
1587.05	8.19743954029	 1
1588.0	8.19784049314	 1
1589.0	8.20727760123	 1
1590.0	8.19971081816	 1
1591.0	8.19145481113	 1
1592.0	8.18722259702	 1
1593.0	8.18723958556	 1
1594.0	8.18993346296	 1
1594.98	8.19136599974	 1
1595.95	8.19596279298	 1
1596.95	8.20912488053	 1
1597.95	8.20121059857	 1
1599.33	8.19968088932	 1
1600.78	8.2055706106	 1
1602.25	8.20262391836	 1
1603.73	8.20780831336	 1
1605.18	8.22090249882	 1
1606.65	8.22693168449	 1
1608.13	8.2301618186	 1
1609.58	8.23002941371	 1
1611.05	8.21962176158	 1
1612.53	8.22298188453	 1
1613.98	8.23407234193	 1
1615.45	8.25571272565	 1
1616.93	8.26893010722	 1
1618.38	8.25634764752	 1
1619.85	8.2728822744	 1
1621.33	8.25338381571	 1
1622.78	8.2450945161	 1
1624.28	8.24453346829	 1
1625.75	8.24335254365	 1
1627.23	8.24579517146	 1
1628.68	8.2448424914	 1
1630.15	8.24746115304	 1
1631.63	8.25164025406	 1
1633.08	8.26084574039	 1
1634.55	8.26929219347	 1
1636.03	8.29268052072	 1
1637.48	8.33017706867	 1
1638.95	8.41700526203	 1
1640.45	8.54734075327	 1
1641.93	8.46763194569	 1
1643.38	8.37726574939	 1
1644.85	8.32424466381	 1
1646.33	8.28929375022	 1
1647.78	8.27908030662	 1
1649.25	8.27545909452	 1
1650.73	8.27559010861	 1
1652.18	8.2684581483	 1
1653.68	8.26648758159	 1
1655.15	8.27106048891	 1
1656.63	8.28328867544	 1
1658.08	8.27347080359	 1
1659.55	8.27843510346	 1
1661.03	8.2822386504	 1
1662.48	8.28450089162	 1
1663.95	8.28818535088	 1
1665.45	8.28504299191	 1
1666.93	8.29304459016	 1
1668.38	8.30011715229	 1
1669.85	8.3097390027	 1
1671.33	8.31261298286	 1
1672.78	8.28696204432	 1
1674.25	8.28194406903	 1
1675.75	8.28599282388	 1
1677.23	8.28291605588	 1
1678.68	8.28213587946	 1
1680.15	8.29149857939	 1
1681.63	8.30216535581	 1
1683.08	8.30357974904	 1
1684.58	8.31327300896	 1
1686.05	8.31415248154	 1
1687.53	8.31499777368	 1
1688.98	8.30890170358	 1
1690.45	8.30955524208	 1
1691.93	8.306820721	 1
1693.4	8.31075171686	 1
1694.88	8.30325989616	 1
1696.35	8.30430352147	 1
1697.83	8.30876997236	 1
1699.28	8.32384797001	 1
1700.75	8.31482630697	 1
1702.25	8.32805203308	 1
1703.73	8.33444488228	 1
1705.18	8.32193607277	 1
1706.65	8.31552665467	 1
1708.13	8.32603977232	 1
1709.58	8.32402919985	 1
1711.08	8.31650758792	 1
1712.55	8.32750272206	 1
1714.03	8.31975415181	 1
1715.48	8.32731713083	 1
1716.95	8.33619450522	 1
1718.45	8.38426096909	 1
1719.93	8.35413029358	 1
1721.38	8.35071503659	 1
1722.85	8.35866944613	 1
1724.33	8.35353435343	 1
1725.8	8.35032522428	 1
1727.28	8.35367392092	 1
1728.75	8.35495168344	 1
1730.23	8.3607147672	 1
1731.68	8.3532141129	 1
1733.18	8.34803336391	 1
1734.65	8.35075303547	 1
1736.13	8.35808688679	 1
1737.58	8.35530763869	 1
1739.05	8.36527926431	 1
1740.55	8.36416986477	 1
1742.03	8.35973698919	 1
1743.48	8.36478287624	 1
1744.95	8.37117516492	 1
1746.43	8.37267732486	 1
1747.9	8.37851112478	 1
1749.38	8.37763808547	 1
1750.85	8.3802456109	 1
1752.33	8.37692023377	 1
1753.8	8.37114583066	 1
1755.28	8.37806965111	 1
1756.75	8.3780529065	 1
1758.23	8.37682530028	 1
1759.68	8.37592700966	 1
1761.18	8.37898422216	 1
1762.65	8.3825908704	 1
1764.13	8.38553346262	 1
1765.58	8.38643853112	 1
1767.05	8.39626477066	 1
1768.55	8.39300203954	 1
1770.03	8.39206592771	 1
1771.48	8.38624709117	 1
1772.95	8.39826044887	 1
1774.43	8.40492352587	 1
1775.93	8.40790231171	 1
1777.38	8.40329722107	 1
1778.85	8.40095948085	 1
1780.33	8.40726204943	 1
1781.83	8.40481410488	 1
1783.28	8.40328808258	 1
1784.75	8.40388323917	 1
1786.23	8.40409991394	 1
1787.7	8.40512558279	 1
1789.18	8.40907032184	 1
1790.65	8.41495052557	 1
1792.13	8.41709062529	 1
1793.6	8.41390298944	 1
1795.08	8.41480881491	 1
1796.55	8.42293747413	 1
1798.03	8.42559218452	 1
1799.5	8.42142420315	 1
1800.98	8.42939659374	 1
1802.45	8.42009444799	 1
1803.93	8.41579850107	 1
1805.38	8.41535894696	 1
1806.88	8.42349752158	 1
1808.35	8.44229661794	 1
1809.83	8.43594128857	 1
1811.28	8.4347358384	 1
1812.78	8.43807107244	 1
1814.25	8.43736839884	 1
1815.73	8.44634739207	 1
1817.18	8.44001965799	 1
1818.68	8.43954310658	 1
1820.15	8.4380471836	 1
1821.63	8.43901222618	 1
1823.08	8.44496197842	 1
1824.58	8.4463765821	 1
1826.05	8.45072214612	 1
1827.53	8.46027116372	 1
1828.98	8.45252727843	 1
1830.45	8.45924991208	 1
1831.95	8.46424727914	 1
1833.43	8.46337216671	 1
1834.88	8.46482553369	 1
1836.35	8.46401733581	 1
1837.85	8.46257926287	 1
1839.33	8.46261396154	 1
1840.78	8.46701709474	 1
1842.25	8.46939839215	 1
1843.75	8.47789060163	 1
1845.23	8.48692673248	 1
1846.68	8.47116987721	 1
1848.15	8.47119787447	 1
1849.65	8.47111145478	 1
1851.13	8.4742987388	 1
1852.58	8.47280797595	 1
1854.05	8.48159543639	 1
1855.53	8.48748001078	 1
1857.03	8.48353741873	 1
1858.48	8.48716246507	 1
1859.95	8.49392243744	 1
1861.43	8.48989789445	 1
1862.93	8.48311506526	 1
1864.38	8.48038230877	 1
1865.85	8.48828618896	 1
1867.33	8.4942750816	 1
1868.83	8.49064852044	 1
1870.28	8.48663472012	 1
1871.75	8.49632987515	 1
1873.23	8.5029243417	 1
1874.7	8.5043352094	 1
1876.18	8.49926071335	 1
1877.65	8.50609276743	 1
1879.13	8.51261539454	 1
1880.6	8.5080499262	 1
1882.08	8.50760028373	 1
1883.55	8.51168100299	 1
1885.03	8.50754484144	 1
1886.5	8.50784283815	 1
1887.98	8.50858399667	 1
1889.45	8.50996577482	 1
1890.93	8.51919987212	 1
1892.38	8.51848349105	 1
1893.88	8.52304680318	 1
1895.35	8.52430143296	 1
1896.83	8.52858333142	 1
1898.28	8.53448821599	 1
1899.78	8.5274493839	 1
1901.25	8.52565859397	 1
1902.73	8.51837671738	 1
1904.18	8.53275319628	 1
1905.65	8.53371928346	 1
1907.15	8.53177625745	 1
1908.63	8.53733651851	 1
1910.08	8.53824877434	 1
1911.55	8.53465905976	 1
1913.03	8.53168516589	 1
1914.53	8.53656956563	 1
1915.98	8.53477372813	 1
1917.45	8.53873183856	 1
1918.93	8.54009435062	 1
1920.43	8.5416167609	 1
1921.88	8.54686005174	 1
1923.35	8.55379865921	 1
1924.83	8.55965843831	 1
1926.3	8.56532679299	 1
1927.78	8.55796109532	 1
1929.25	8.56492841529	 1
1930.73	8.57048972467	 1
1932.18	8.58080683615	 1
1933.68	8.56596997807	 1
1935.15	8.56961541267	 1
1936.63	8.56371478902	 1
1938.08	8.56876212684	 1
1939.55	8.57856822617	 1
1941.03	8.57589977146	 1
1942.53	8.57083860965	 1
1943.98	8.56747502345	 1
1945.45	8.57985900413	 1
1946.93	8.57120274776	 1
1948.4	8.56658848657	 1
1949.88	8.57043117805	 1
1951.35	8.57959502356	 1
1952.83	8.58041368843	 1
1954.28	8.58848999327	 1
1955.75	8.58231229933	 1
1957.25	8.58879840039	 1
1958.73	8.59059749673	 1
1960.18	8.59138450001	 1
1961.65	8.58995551314	 1
1963.13	8.58203481899	 1
1964.63	8.58133410441	 1
1966.08	8.58746731621	 1
1967.55	8.58731400621	 1
1969.03	8.58310016343	 1
1970.48	8.5900869411	 1
1971.95	8.59930621185	 1
1973.45	8.59819931678	 1
1974.93	8.60979150981	 1
1976.38	8.60443339577	 1
1977.85	8.60352978117	 1
1979.33	8.60908352212	 1
1980.8	8.60366029699	 1
1982.28	8.60963057431	 1
1983.75	8.60746049443	 1
1985.23	8.61451734439	 1
1986.68	8.61190928598	 1
1988.15	8.61996914529	 1
1989.63	8.62170425662	 1
1991.13	8.62766030257	 1
1992.58	8.63054811037	 1
1994.05	8.62625040845	 1
1995.53	8.62371261054	 1
1996.98	8.6303005622	 1
1998.45	8.63038373529	 1
1999.93	8.63557185204	 1
2001.43	8.62108412986	 1
2002.88	8.62333734954	 1
2004.35	8.63231201892	 1
2005.83	8.62967684552	 1
2007.28	8.63599619686	 1
2008.75	8.63460551379	 1
2010.23	8.64220464332	 1
2011.73	8.63554250068	 1
2013.18	8.63755423442	 1
2014.65	8.63556731406	 1
2016.13	8.64477929583	 1
2017.58	8.63914971353	 1
2019.05	8.63851397403	 1
2020.53	8.63670484855	 1
2022.0	8.64524039619	 1
2023.48	8.65294284544	 1
2024.95	8.65047517441	 1
2026.43	8.66023952225	 1
2027.88	8.65916903405	 1
2029.35	8.65670410287	 1
2030.83	8.66069003233	 1
2032.28	8.66327775026	 1
2033.75	8.66379138763	 1
2035.23	8.6571153129	 1
2036.73	8.66191448505	 1
2038.18	8.66748788283	 1
2039.65	8.67731835028	 1
2041.13	8.67433501843	 1
2042.58	8.66907339562	 1
2044.05	8.67373845909	 1
2045.53	8.6698587483	 1
2046.98	8.67090920963	 1
2048.45	8.67660370421	 1
2049.93	8.67940306753	 1
2051.38	8.67541035962	 1
2052.88	8.67851562649	 1
2054.35	8.68855508316	 1
2055.83	8.69252280026	 1
2057.28	8.69327358581	 1
2058.75	8.70003645262	 1
2060.23	8.69502753463	 1
2061.68	8.69452412417	 1
2063.15	8.69789395742	 1
2064.62	8.69690633307	 1
2066.08	8.70623483707	 1
2067.55	8.710198268	 1
2069.03	8.70529181452	 1
2070.48	8.70740378492	 1
2071.95	8.70774954026	 1
2073.43	8.7085665036	 1
2074.88	8.70226018359	 1
2076.35	8.70107688518	 1
2077.83	8.70470056368	 1
2079.3	8.71451067969	 1
2080.78	8.71512960359	 1
2082.25	8.71638960875	 1
2083.73	8.70894919229	 1
2085.95	8.71782094696	 1
2087.4	8.70632528547	 1
2088.85	8.70623658652	 1
2090.25	8.7142097436	 1
2091.7	8.72180462782	 1
2093.12	8.71317886959	 1
2094.55	8.7220171397	 1
2096.0	8.72272417895	 1
2097.43	8.72960482222	 1
2098.85	8.72787665505	 1
2100.28	8.73421630933	 1
2101.73	8.74279002143	 1
2103.15	8.73724796186	 1
2104.58	8.74020020709	 1
2106.03	8.73881671341	 1
2107.45	8.73404403905	 1
2108.88	8.73822536594	 1
2110.3	8.73465928528	 1
2111.75	8.73344876641	 1
2113.18	8.74283134928	 1
2114.6	8.74402012897	 1
2116.05	8.7488113408	 1
2117.45	8.74983533859	 1
2118.9	8.74537277265	 1
2120.35	8.74423402357	 1
2121.75	8.75483798423	 1
2123.2	8.75018769233	 1
2124.62	8.74853409923	 1
2126.05	8.76482294704	 1
2127.5	8.75258624626	 1
2128.93	8.7502894453	 1
2130.35	8.76006581782	 1
2131.8	8.75231262726	 1
2133.23	8.76619999801	 1
2134.65	8.77245386598	 1
2136.08	8.76317709017	 1
2137.53	8.77291725581	 1
2138.95	8.76125045066	 1
2140.38	8.7663088182	 1
2141.8	8.76362042758	 1
2143.25	8.76819733798	 1
2144.68	8.78129173089	 1
2146.1	8.78423561927	 1
2147.55	8.77986467	 1
2148.95	8.78524738725	 1
2150.4	8.78191371937	 1
2151.85	8.77303596761	 1
2153.25	8.77470220672	 1
2154.7	8.77346023114	 1
2156.15	8.77826079936	 1
2157.55	8.77769240355	 1
2159.0	8.77852238649	 1
2160.43	8.79146244722	 1
2161.85	8.79519592511	 1
2163.3	8.79674967302	 1
2164.73	8.79413724117	 1
2166.15	8.79509269769	 1
2167.58	8.79383543206	 1
2169.03	8.79148931559	 1
2170.45	8.79171957162	 1
2171.88	8.80010754207	 1
2173.3	8.79990037604	 1
2174.75	8.79750159997	 1
2176.18	8.79683765774	 1
2177.6	8.81456303681	 1
2179.05	8.81155463488	 1
2180.48	8.81672053132	 1
2181.9	8.81483045801	 1
2183.35	8.81304702706	 1
2184.75	8.81742074511	 1
2186.2	8.83037462576	 1
2187.65	8.82099359624	 1
2189.05	8.81348092188	 1
2190.5	8.81773820898	 1
2191.93	8.81653844429	 1
2193.35	8.81713705461	 1
2194.8	8.81550198022	 1
2196.23	8.81115943216	 1
2197.65	8.81139619846	 1
2199.1	8.81443543375	 1
2200.53	8.81277154395	 1
2201.95	8.81633396895	 1
2203.38	8.82475366072	 1
2204.83	8.82276296188	 1
2206.25	8.83012870153	 1
2207.68	8.82920083377	 1
2209.12	8.82948837876	 1
2210.55	8.840394217	 1
2211.98	8.84736381664	 1
2213.4	8.85193323161	 1
2214.85	8.85654970029	 1
2216.28	8.8537333212	 1
2217.7	8.84419455563	 1
2219.15	8.84097605801	 1
2220.58	8.84829509732	 1
2222.0	8.83611484797	 1
2223.45	8.83047607965	 1
2224.85	8.83118381702	 1
2226.3	8.83421713253	 1
2227.75	8.8251803034	 1
2229.15	8.83145766968	 1
2230.6	8.82708829668	 1
2232.03	8.83018811128	 1
2233.45	8.83795524838	 1
2234.9	8.84065777933	 1
2236.33	8.83730404833	 1
2237.75	8.83726932327	 1
2239.2	8.82941434991	 1
2240.62	8.84015594397	 1
2242.05	8.83824104065	 1
2243.5	8.8413631994	 1
2244.93	8.8456967516	 1
2246.35	8.85275870235	 1
2247.78	8.86174217886	 1
2249.23	8.86996619215	 1
2250.65	8.88953759714	 1
2252.08	8.89819799864	 1
2253.53	8.88824146203	 1
2254.95	8.88199560624	 1
2256.38	8.8711327782	 1
2257.8	8.86795417912	 1
2259.25	8.85619538269	 1
2260.68	8.85209072563	 1
2262.1	8.85265441009	 1
2263.55	8.85182510828	 1
2264.98	8.85008481647	 1
2266.4	8.85416534477	 1
2267.85	8.84161020865	 1
2269.28	8.83827995515	 1
2270.7	8.85526571827	 1
2272.15	8.85418936415	 1
2273.55	8.8446538986	 1
2275.0	8.84102289872	 1
2276.45	8.84666789651	 1
2277.85	8.85482907672	 1
2279.3	8.84991344433	 1
2280.75	8.83802094107	 1
2282.15	8.85268450777	 1
2283.6	8.84579379387	 1
2285.05	8.85530145412	 1
2286.45	8.86059999692	 1
2287.9	8.85838071301	 1
2289.35	8.86013620089	 1
2290.93	8.863999489	 1
2292.95	8.86487857158	 1
2295.03	8.87056896866	 1
2297.05	8.87606215851	 1
2299.15	8.87637603045	 1
2301.18	8.88121764871	 1
2303.25	8.90143214633	 1
2305.28	8.93305388421	 1
2307.35	8.93707953767	 1
2309.4	8.92637646828	 1
2311.45	8.92432912772	 1
2313.53	8.92150229006	 1
2315.55	8.90960419246	 1
2317.62	8.90570789033	 1
2319.65	8.89164952908	 1
2321.75	8.89093557915	 1
2323.75	8.88081683964	 1
2325.85	8.88723396859	 1
2327.88	8.89467484662	 1
2329.95	8.88793690862	 1
2331.98	8.89462880932	 1
2334.05	8.89181534137	 1
2336.1	8.89562811944	 1
2338.15	8.89664462852	 1
2340.2	8.89572827155	 1
2342.25	8.90227588995	 1
2344.3	8.90531780825	 1
2346.35	8.90463768531	 1
2348.43	8.91830458897	 1
2350.45	8.91813798031	 1
2352.53	8.90423537804	 1
2354.55	8.89315518754	 1
2356.65	8.90403503934	 1
2358.65	8.91363155289	 1
2360.75	8.91820200471	 1
2362.75	8.91014771152	 1
2364.85	8.91427607889	 1
2366.85	8.92322763159	 1
2368.95	8.91964401893	 1
2370.98	8.93345913433	 1
2373.05	8.94562446663	 1
2375.08	8.93599912391	 1
2377.15	8.94385451821	 1
2379.18	8.9597446765	 1
2381.25	9.00039722507	 1
2383.28	9.03586515096	 1
2385.35	9.05666659472	 1
2387.4	9.0133832222	 1
2389.45	8.9871292036	 1
2391.5	8.96391252293	 1
2393.55	8.95609031771	 1
2395.6	8.94700016383	 1
2397.65	8.93885179617	 1
2399.7	8.93663808024	 1
2401.75	8.93846540775	 1
2403.8	8.9369805128	 1
2405.85	8.94615068656	 1
2407.9	8.93958802468	 1
2409.95	8.94414196905	 1
2412.0	8.95223373581	 1
2414.05	8.94727171182	 1
2416.1	8.95092552014	 1
2418.15	8.94761688509	 1
2420.2	8.94954224768	 1
2422.25	8.94608739021	 1
2424.3	8.95083937941	 1
2426.35	8.95117717446	 1
2428.4	8.95566901401	 1
2430.45	8.9643517437	 1
2432.5	8.95722586175	 1
2434.55	8.96276472218	 1
2436.6	8.95756045993	 1
2438.65	8.96310681611	 1
2440.7	8.96621828333	 1
2442.75	8.96958635156	 1
2444.8	8.97048510698	 1
2446.85	8.97607903903	 1
2448.9	8.9797872541	 1
2450.95	8.99293172404	 1
2453.0	8.97772097225	 1
2455.05	8.97641007269	 1
2457.08	8.98551518169	 1
2459.15	8.97306053956	 1
2461.18	8.97620537706	 1
2463.25	8.97780685417	 1
2465.28	8.97953878167	 1
2467.35	8.98778834248	 1
2469.38	8.99001353871	 1
2471.45	8.9907601367	 1
2473.45	8.99306075911	 1
2475.55	8.98559973552	 1
2477.55	9.00309463594	 1
2479.65	8.99702729723	 1
2481.65	8.99958473678	 1
2483.75	9.00359998588	 1
2485.75	9.00589762062	 1
2487.83	9.00307103872	 1
2489.85	9.00711226804	 1
2491.93	9.01128570701	 1
2493.95	9.01748073808	 1
2496.03	9.0185034441	 1
2498.05	9.03323776174	 1
2500.1	9.02662875676	 1
2502.15	9.03261951189	 1
2504.2	9.05334935345	 1
2506.25	9.0680464488	 1
2508.28	9.08681465528	 1
2510.35	9.14322227545	 1
2512.38	9.15557121231	 1
2514.45	9.10670564782	 1
2516.48	9.07973542937	 1
2518.55	9.06320562277	 1
2520.55	9.05197752772	 1
2522.65	9.04381653209	 1
2524.65	9.04684668011	 1
2526.75	9.04107134656	 1
2528.75	9.04852481174	 1
2530.83	9.0506071954	 1
2532.85	9.04112645082	 1
2534.9	9.03668131796	 1
2536.95	9.03549315222	 1
2539.0	9.03764916334	 1
2541.05	9.04544367311	 1
2543.08	9.04521756703	 1
2545.15	9.04465810069	 1
2547.18	9.03754034459	 1
2549.25	9.0412003748	 1
2551.25	9.03748498411	 1
2553.35	9.04370323212	 1
2555.35	9.04362836867	 1
2557.43	9.04424603041	 1
2559.45	9.04770192094	 1
2561.53	9.05255048378	 1
2563.55	9.05269323689	 1
2565.6	9.05428046943	 1
2567.65	9.05709190127	 1
2569.68	9.06086323022	 1
2571.75	9.05795963121	 1
2573.75	9.06235436504	 1
2575.85	9.07967620796	 1
2577.85	9.09145922151	 1
2579.95	9.08209234068	 1
2581.95	9.07609659059	 1
2584.03	9.0875657741	 1
2586.05	9.08918572603	 1
2588.1	9.09336415593	 1
2590.15	9.07824352445	 1
2592.18	9.08496686454	 1
2594.25	9.08963642931	 1
2596.25	9.08616615146	 1
2598.35	9.10458322923	 1
2600.35	9.11346282589	 1
2602.43	9.0877628462	 1
2604.45	9.08548957123	 1
2606.53	9.09057171647	 1
2608.55	9.0921561998	 1
2610.6	9.08986556925	 1
2612.65	9.08786144818	 1
2614.68	9.09528849495	 1
2616.75	9.09169389689	 1
2618.75	9.10077922104	 1
2620.85	9.09429511729	 1
2622.85	9.09262975513	 1
2624.93	9.09801039752	 1
2626.95	9.09763654764	 1
2629.0	9.08895125828	 1
2631.05	9.09452575356	 1
2633.08	9.09621571693	 1
2635.15	9.10737659654	 1
2637.15	9.09807201984	 1
2639.25	9.10609864153	 1
2641.25	9.10598792961	 1
2643.33	9.11210821874	 1
2645.35	9.12062687757	 1
2647.4	9.1141205909	 1
2649.45	9.11839412054	 1
2651.48	9.11258550828	 1
2653.55	9.11537504587	 1
2655.55	9.12063459318	 1
2657.65	9.11421236257	 1
2659.65	9.11957614444	 1
2661.7	9.12120178072	 1
2663.75	9.12263698393	 1
2665.78	9.12278745703	 1
2667.85	9.12825865568	 1
2669.85	9.12884591283	 1
2671.95	9.13500219984	 1
2673.95	9.13197314347	 1
2676.03	9.13707923661	 1
2678.05	9.14366762732	 1
2680.1	9.13548605429	 1
2682.15	9.13801566878	 1
2684.18	9.13985024425	 1
2686.25	9.13675278759	 1
2688.25	9.14358791238	 1
2690.33	9.14213101525	 1
2692.35	9.14086794437	 1
2694.4	9.1431095971	 1
2696.45	9.14777059275	 1
2698.48	9.15433298633	 1
2700.55	9.15990691736	 1
2702.55	9.15326768085	 1
2704.65	9.15326120906	 1
2706.65	9.16125924709	 1
2708.7	9.15412495369	 1
2710.75	9.15504889774	 1
2712.78	9.15078950705	 1
2714.85	9.15844404516	 1
2716.85	9.16652995109	 1
2718.95	9.16813517508	 1
2720.95	9.17722895886	 1
2723.03	9.18517232557	 1
2725.05	9.18495882148	 1
2727.08	9.20989049148	 1
2729.15	9.23287537223	 1
2731.15	9.28175124324	 1
2733.25	9.33253414587	 1
2735.25	9.30752187726	 1
2737.33	9.25337437937	 1
2739.35	9.2214540806	 1
2741.38	9.21008865771	 1
2743.45	9.2040002504	 1
2745.45	9.18870821641	 1
2747.55	9.18795578195	 1
2749.55	9.18636144874	 1
2751.6	9.18809632849	 1
2753.65	9.19304796424	 1
2755.68	9.19428751642	 1
2757.75	9.1970265003	 1
2759.75	9.19626309366	 1
2761.85	9.18911389996	 1
2763.85	9.19205494825	 1
2765.9	9.18636079345	 1
2767.95	9.19049434461	 1
2769.97	9.19700238613	 1
2772.05	9.19844684823	 1
2774.05	9.19941333293	 1
2776.13	9.20187752018	 1
2778.15	9.21153473628	 1
2780.2	9.21396350417	 1
2782.25	9.22627275579	 1
2784.25	9.1995280064	 1
2786.35	9.21826177357	 1
2788.35	9.21906052424	 1
2790.43	9.22376019274	 1
2792.45	9.23564133133	 1
2794.47	9.26683833706	 1
2796.55	9.26469580648	 1
2798.55	9.23399832526	 1
2800.65	9.23655292691	 1
2802.65	9.27544010127	 1
2804.7	9.24737548128	 1
2806.75	9.23480102735	 1
2808.78	9.22858009489	 1
2810.85	9.22719678614	 1
2812.85	9.22652999605	 1
2814.93	9.23082049711	 1
2816.95	9.23022387385	 1
2819.0	9.22709210954	 1
2821.05	9.22302476947	 1
2823.05	9.23445031964	 1
2825.15	9.23138831778	 1
2827.15	9.23798380387	 1
2829.23	9.23136730038	 1
2831.25	9.24495008477	 1
2833.28	9.23724080914	 1
2835.35	9.24240586672	 1
2837.35	9.24138131457	 1
2839.43	9.23773310753	 1
2841.45	9.24599818216	 1
2843.5	9.24974167978	 1
2845.55	9.24549453623	 1
2847.55	9.25482715174	 1
2849.65	9.25795245535	 1
2851.65	9.25988768211	 1
2853.73	9.265841105	 1
2855.75	9.25344809451	 1
2857.78	9.25503215586	 1
2859.85	9.25817155835	 1
2861.85	9.26035667847	 1
2863.93	9.26533792746	 1
2865.95	9.26771627611	 1
2868.0	9.2525644816	 1
2870.05	9.26047405806	 1
2872.05	9.25917747201	 1
2874.15	9.26033245764	 1
2876.15	9.26742191572	 1
2878.2	9.26880571786	 1
2880.25	9.27491658849	 1
2882.28	9.27154779996	 1
2884.35	9.27625972995	 1
2886.35	9.28009011351	 1
2888.43	9.27834614071	 1
2890.45	9.27810373478	 1
2892.5	9.27608458234	 1
2894.55	9.28520324774	 1
2896.55	9.28676448215	 1
2898.65	9.28839529137	 1
2900.65	9.28638452592	 1
2902.7	9.28965966388	 1
2904.75	9.28248748905	 1
2906.78	9.29090538729	 1
2908.85	9.29281902419	 1
2910.85	9.28890638452	 1
2912.93	9.29813133169	 1
2914.95	9.29583313975	 1
2916.97	9.29830799115	 1
2919.05	9.29465564057	 1
2921.05	9.29704306953	 1
2923.15	9.30111031356	 1
2925.15	9.3001801005	 1
2927.2	9.29823360856	 1
2929.25	9.30378913844	 1
2931.25	9.30370878674	 1
2933.35	9.3027581922	 1
2935.35	9.30502109537	 1
2937.43	9.30331539413	 1
2939.45	9.30767440489	 1
2941.47	9.31016845422	 1
2943.55	9.31379473667	 1
2945.55	9.31783788332	 1
2947.63	9.31494017423	 1
2949.65	9.31321298532	 1
2951.7	9.31693679266	 1
2953.75	9.31363910491	 1
2955.75	9.31880788278	 1
2957.85	9.325349625	 1
2959.85	9.32005638775	 1
2961.9	9.32601993618	 1
2963.95	9.32182274114	 1
2965.97	9.32216416834	 1
2968.05	9.32212707867	 1
2970.05	9.33224408481	 1
2972.13	9.33134678911	 1
2974.15	9.32150399761	 1
2976.18	9.33675037123	 1
2978.25	9.32874615118	 1
2980.25	9.32775068202	 1
2982.35	9.34180964093	 1
2984.35	9.34060539003	 1
2986.4	9.33952063603	 1
2988.45	9.33811764635	 1
2990.45	9.33781230257	 1
2992.55	9.3424183121	 1
2994.55	9.34545850197	 1
2996.63	9.35073203509	 1
2998.65	9.35174746939	 1
3000.68	9.34977484358	 1
3002.75	9.362902755	 1
3004.75	9.34918627526	 1
3006.83	9.35180308996	 1
3008.85	9.35445005727	 1
3010.9	9.35781195927	 1
3012.95	9.36026747175	 1
3014.95	9.35270449488	 1
3017.05	9.36213429016	 1
3019.05	9.37120864363	 1
3021.13	9.36445637398	 1
3023.15	9.36860286059	 1
3025.18	9.36087874134	 1
3027.25	9.36636804349	 1
3029.25	9.37501498396	 1
3031.33	9.36653098473	 1
3033.35	9.37103940832	 1
3035.4	9.37293322792	 1
3037.45	9.36836331081	 1
3039.45	9.36611702249	 1
3041.55	9.36545989857	 1
3043.55	9.37125785325	 1
3045.6	9.37446279067	 1
3047.65	9.38492068697	 1
3049.68	9.37757990486	 1
3051.75	9.37859677854	 1
3053.75	9.38841988745	 1
3055.83	9.37972035166	 1
3057.85	9.3915403903	 1
3059.9	9.38952115538	 1
3061.95	9.39045768982	 1
3063.95	9.40264865306	 1
3066.05	9.38209114976	 1
3068.05	9.39346906343	 1
3070.13	9.40282777768	 1
3072.15	9.41217476926	 1
3074.18	9.40249951855	 1
3076.25	9.3972953488	 1
3078.25	9.40462577744	 1
3080.35	9.39759703401	 1
3082.35	9.40033357237	 1
3084.4	9.40472203357	 1
3086.45	9.3997609157	 1
3088.47	9.39782135452	 1
3090.55	9.40260759275	 1
3092.55	9.40127970205	 1
3094.63	9.40677863046	 1
3096.65	9.41175927215	 1
3098.7	9.41074487866	 1
3100.75	9.40779686534	 1
3102.75	9.41457048713	 1
3104.85	9.41293900111	 1
3106.85	9.41859745689	 1
3108.93	9.4164628782	 1
3110.95	9.41506369872	 1
3112.97	9.41458895774	 1
3115.05	9.41584604149	 1
3117.05	9.42110871637	 1
3119.15	9.42508087463	 1
3121.15	9.42952981798	 1
3123.2	9.42392063549	 1
3125.25	9.42740290544	 1
3127.28	9.42617676177	 1
3129.35	9.42821637956	 1
3131.35	9.42852524112	 1
3133.43	9.44018822237	 1
3135.45	9.43534042314	 1
3137.5	9.44301792416	 1
3139.55	9.44318687635	 1
3141.58	9.4429664438	 1
3143.65	9.44477433813	 1
3145.65	9.44478235845	 1
3147.73	9.44939686384	 1
3149.75	9.44614373792	 1
3151.8	9.44496843597	 1
3153.85	9.4445725529	 1
3155.85	9.44403445566	 1
3157.95	9.45387431675	 1
3159.95	9.44761137847	 1
3162.02	9.45399686912	 1
3164.05	9.44626886206	 1
3166.1	9.45923692272	 1
3168.15	9.45335931202	 1
3170.18	9.45510538668	 1
3172.25	9.46159479927	 1
3174.25	9.45899895705	 1
3176.33	9.46769824609	 1
3178.35	9.45995533879	 1
3180.4	9.46886675023	 1
3182.45	9.46570715038	 1
3184.47	9.47071729934	 1
3186.55	9.46784147888	 1
3188.55	9.47896259869	 1
3190.63	9.47686941923	 1
3192.65	9.47777890634	 1
3194.7	9.49745947302	 1
3196.75	9.51598504181	 1
3198.78	9.54550208939	 1
3200.85	9.57519323299	 1
3202.85	9.64713705609	 1
3204.95	9.63698667723	 1
3206.95	9.5731672013	 1
3209.02	9.54165991314	 1
3211.05	9.52864593448	 1
3213.08	9.50441208057	 1
3215.15	9.50339829373	 1
3217.15	9.49173400472	 1
3219.25	9.49767411927	 1
3221.25	9.48914283568	 1
3223.33	9.49942086679	 1
3225.35	9.49145164263	 1
3227.4	9.48953326366	 1
3229.45	9.4958637062	 1
3231.47	9.49092441716	 1
3233.55	9.49764643554	 1
3235.55	9.49931321815	 1
3237.65	9.49731884343	 1
3239.65	9.50217738245	 1
3241.73	9.50092916731	 1
3243.75	9.50359922677	 1
3245.73	9.5088472297	 1
3248.6	9.50809089476	 1
3251.65	9.50825538756	 1
3254.65	9.51152563499	 1
3257.65	9.50996273125	 1
3260.68	9.51405035622	 1
3263.7	9.51434567351	 1
3266.7	9.51966580363	 1
3269.7	9.52366898621	 1
3272.75	9.52306781263	 1
3275.75	9.52050724334	 1
3278.75	9.52475455787	 1
3281.78	9.52810885194	 1
3284.8	9.52472908508	 1
3287.8	9.5276732016	 1
3290.8	9.53323685587	 1
3293.85	9.53624393838	 1
3296.85	9.53414010099	 1
3299.85	9.54136754764	 1
3301.45	9.53458164604	 1
3304.53	9.54549231524	 1
3307.62	9.54095189347	 1
3310.68	9.54055277761	 1
3313.75	9.54113359708	 1
3316.85	9.54854056534	 1
3319.93	9.54924906659	 1
3322.98	9.55055325508	 1
3326.08	9.55643684483	 1
3329.15	9.56078425297	 1
3332.23	9.55717031896	 1
3335.3	9.5613716273	 1
3338.38	9.56080447353	 1
3341.45	9.56023272595	 1
3344.55	9.56536097171	 1
3347.62	9.56399647625	 1
3350.68	9.57331513085	 1
3353.78	9.57262985562	 1
3356.85	9.56960732297	 1
3359.93	9.57736939155	 1
3363.0	9.57983275339	 1
3366.08	9.58069661769	 1
3369.15	9.57648565144	 1
3372.25	9.58371989812	 1
3375.32	9.58156627742	 1
3378.38	9.58372343506	 1
3381.48	9.58868584389	 1
3384.55	9.59164267516	 1
3387.62	9.60297953731	 1
3390.73	9.59617272883	 1
3393.78	9.58868039797	 1
3396.88	9.59703608201	 1
3399.95	9.60025283848	 1
3403.03	9.59445810358	 1
3406.1	9.59436880599	 1
3409.18	9.60472483265	 1
3412.25	9.61126390761	 1
3415.35	9.6092839259	 1
3418.43	9.59447067484	 1
3421.5	9.59971291334	 1
3424.58	9.59945526569	 1
3427.65	9.6010072017	 1
3430.75	9.60689828203	 1
3433.82	9.60704097256	 1
3436.9	9.61018019912	 1
3439.98	9.61580151568	 1
3443.05	9.62413883805	 1
3446.15	9.61824638641	 1
3449.23	9.6234005714	 1
3452.28	9.63154565923	 1
3455.38	9.63112920793	 1
3458.45	9.62592659887	 1
3461.53	9.6267171676	 1
3464.62	9.63148222128	 1
3467.68	9.63945220533	 1
3470.78	9.63343484984	 1
3473.85	9.63688262312	 1
3476.93	9.63874436285	 1
3480.03	9.64399510059	 1
3483.1	9.65904070876	 1
3486.18	9.64512961888	 1
3489.25	9.6452645667	 1
3492.35	9.64990350277	 1
3495.43	9.65069621152	 1
3498.5	9.65300034619	 1
3501.58	9.65904179448	 1
3504.65	9.66026805641	 1
3507.75	9.6557011053	 1
3510.82	9.66921051882	 1
3513.9	9.66106420862	 1
3516.98	9.66079330065	 1
3520.05	9.66118337596	 1
3523.15	9.66381044017	 1
3526.23	9.67071787057	 1
3529.3	9.67961677813	 1
3532.38	9.67860104149	 1
3535.45	9.67833472368	 1
3538.55	9.67885229428	 1
3541.62	9.67751713914	 1
3544.73	9.68297512758	 1
3547.78	9.68243649107	 1
3550.88	9.6858344622	 1
3553.95	9.67362748571	 1
3557.03	9.66943718692	 1
3560.12	9.67934464961	 1
3563.18	9.68338136715	 1
3566.28	9.69211472441	 1
3569.35	9.68816692056	 1
3572.45	9.68300875991	 1
3575.53	9.68922374554	 1
3578.6	9.70195839415	 1
3581.68	9.7032573863	 1
3584.75	9.70696659434	 1
3587.85	9.70305738221	 1
3590.93	9.70184825967	 1
3594.03	9.70129379766	 1
3597.08	9.70519733483	 1
3600.18	9.71005203251	 1
3603.25	9.71121238899	 1
3606.32	9.71594951391	 1
3609.43	9.709168888	 1
3612.48	9.70918414868	 1
3615.58	9.71274867458	 1
3618.65	9.71977295392	 1
3621.75	9.71605975296	 1
3624.82	9.71547886979	 1
3627.9	9.71665202249	 1
3630.98	9.73197264593	 1
3634.05	9.72651925344	 1
3637.15	9.72409480117	 1
3640.23	9.72695100266	 1
3643.32	9.73192976479	 1
3646.38	9.74104588514	 1
3649.48	9.73321349306	 1
3652.55	9.73895241373	 1
3655.62	9.73891753325	 1
3658.73	9.74063779476	 1
3661.8	9.73843827911	 1
3664.88	9.74354651747	 1
3667.95	9.74629422983	 1
3671.05	9.74742572291	 1
3674.12	9.75564193757	 1
3677.2	9.74146216386	 1
3680.28	9.74980402136	 1
3683.38	9.75564771567	 1
3686.45	9.75415180029	 1
3689.53	9.75398136667	 1
3692.62	9.76037051863	 1
3695.68	9.76095494894	 1
3698.78	9.76076748764	 1
3701.85	9.76232318215	 1
3704.95	9.76861155494	 1
3708.03	9.76778604539	 1
3711.1	9.75720142148	 1
3714.18	9.77241321071	 1
3717.25	9.76620690054	 1
3720.35	9.76497438416	 1
3723.43	9.76869701029	 1
3726.53	9.77879614925	 1
3729.58	9.78281490222	 1
3732.68	9.78536248939	 1
3735.75	9.78344392618	 1
3738.82	9.78724007858	 1
3741.93	9.78266045137	 1
3744.98	9.78741737974	 1
3748.08	9.79039881925	 1
3751.15	9.79327181591	 1
3754.25	9.79305946363	 1
3757.32	9.79431922302	 1
3760.4	9.80072353412	 1
3763.48	9.79683838056	 1
3766.55	9.79341454379	 1
3769.65	9.79483266835	 1
3772.73	9.80009388651	 1
3775.8	9.80529889714	 1
3778.88	9.79420507882	 1
3781.98	9.80003622125	 1
3785.05	9.80724117302	 1
3788.12	9.82147998121	 1
3791.23	9.81538644521	 1
3794.28	9.80910620679	 1
3797.38	9.8198432322	 1
3800.45	9.81659421255	 1
3803.53	9.81453966584	 1
3806.62	9.81959530524	 1
3809.68	9.81114689498	 1
3812.78	9.80441359565	 1
3815.85	9.81506454489	 1
3818.93	9.81671223104	 1
3822.03	9.81543785783	 1
3825.08	9.81327704928	 1
3828.18	9.8264418553	 1
3831.25	9.83313247462	 1
3834.35	9.83352255825	 1
3837.43	9.83677137621	 1
3840.5	9.84173660582	 1
3843.58	9.82673136586	 1
3846.65	9.82913437007	 1
3849.75	9.82698569982	 1
3852.82	9.83093564486	 1
3855.9	9.8241608965	 1
3858.98	9.83107901441	 1
3862.05	9.82965207572	 1
3865.15	9.82973627065	 1
3868.23	9.82285171817	 1
3871.3	9.84473931934	 1
3874.38	9.84037543459	 1
3875.1	9.85188310376	 1
3876.1	9.85393128522	 1
3877.1	9.85797969456	 1
3878.1	9.85903791069	 1
3879.1	9.86308540521	 1
3880.1	9.86614132608	 1
3881.1	9.87018957184	 1
3882.1	9.87324658197	 1
3883.1	9.87529834482	 1
3884.1	9.87535172291	 1
3885.1	9.87540424926	 1
3886.1	9.87545860628	 1
3887.1	9.87351429961	 1
3888.1	9.87356984917	 1
3889.1	9.87162145535	 1
3890.1	9.87067478689	 1
3891.1	9.86673414956	 1
3892.1	9.86679037742	 1
3893.1	9.86384171076	 1
3894.1	9.86389722073	 1
3895.1	9.86395455464	 1
3896.1	9.86401104515	 1
3897.1	9.86406802602	 1
3898.1	9.86512697536	 1
3899.1	9.86718701138	 1
3900.1	9.86724582858	 1
3901.1	9.8673037954	 1
3902.1	9.86736225308	 1
3903.11	9.86441198303	 1
3904.11	9.86447106437	 1
3905.11	9.86453063713	 1
3906.11	9.86459070164	 1
3907.11	9.86464991492	 1
3908.11	9.86471096313	 1
3909.11	9.86277323674	 1
3910.11	9.86083606909	 1
3911.11	9.85989073283	 1
3912.11	9.85795342383	 1
3913.11	9.85801429838	 1
3914.11	9.85807566429	 1
3915.11	9.860135728	 1
3916.11	9.86120363118	 1
3917.11	9.86126549167	 1
3918.11	9.8613278437	 1
3919.11	9.86138934008	 1
3920.11	9.86344996829	 1
3921.11	9.86551027934	 1
3922.11	9.86857646813	 1
3923.11	9.87063715295	 1
3924.11	9.87269746322	 1
3925.11	9.87276000148	 1
3926.11	9.87282303019	 1
3927.11	9.87288518225	 1
3928.11	9.87294782385	 1
3929.11	9.87301095532	 1
3930.11	9.87307320724	 1
3931.11	9.87413689464	 1
3932.11	9.87620237194	 1
3933.11	9.87826191083	 1
3934.11	9.88032236067	 1
3935.11	9.88038551714	 1
3936.11	9.88144836655	 1
3937.11	9.88151029739	 1
3938.11	9.88357615207	 1
3939.11	9.88563594296	 1
3940.12	9.8876896803	 1
3941.12	9.89075453882	 1
3942.12	9.89081702626	 1
3943.12	9.89087719691	 1
3944.12	9.89293673776	 1
3945.12	9.89499566636	 1
3946.12	9.89605770674	 1
3947.12	9.89611840546	 1
3948.12	9.89617817542	 1
3949.12	9.89623842742	 1
3950.12	9.89830132794	 1
3951.12	9.90035789285	 1
3952.12	9.90341748657	 1
3953.12	9.90747582015	 1
3954.12	9.91253698373	 1
3955.12	9.91759273998	 1
3956.12	9.92264721008	 1
3957.12	9.92870829504	 1
3958.12	9.93376782596	 1
3959.12	9.93882264683	 1
3960.12	9.94387550043	 1
3961.12	9.94893366436	 1
3962.12	9.95299111385	 1
3963.12	9.95604547783	 1
3964.12	9.95809874206	 1
3965.12	9.96015536956	 1
3966.12	9.96120577906	 1
3967.12	9.96326217854	 1
3968.12	9.9633156026	 1
3969.12	9.9633679789	 1
3970.12	9.96141749717	 1
3971.12	9.96047342139	 1
3972.12	9.95852099799	 1
3973.12	9.95657355338	 1
3974.12	9.95362445946	 1
3975.12	9.9496743384	 1
3976.12	9.94672331574	 1
3977.12	9.94476927968	 1
3978.12	9.94182246713	 1
3979.13	9.93986220298	 1
3980.13	9.9359084068	 1
3981.13	9.93495808926	 1
3982.13	9.93300004868	 1
3983.13	9.93104249658	 1
3984.13	9.92809133881	 1
3985.13	9.92412954958	 1
3986.13	9.9211782642	 1
3987.13	9.91721444056	 1
3988.13	9.91426164132	 1
3989.13	9.9093003682	 1
3990.13	9.90734170152	 1
3991.13	9.90537919023	 1
3992.13	9.9034143056	 1
3993.13	9.9024563021	 1
3994.13	9.90249385258	 1
3995.13	9.90053101522	 1
3996.13	9.90056693681	 1
3997.13	9.89859821529	 1
3998.13	9.89863250602	 1
3999.13	9.8986657878	 1
4000.13	9.89869805857	 1
4001.13	9.90073138464	 1
4002.13	9.90275929482	 1
4003.13	9.90278917035	 1
4004.13	9.90281802196	 1
4005.13	9.90284584762	 1
4006.13	9.90087475754	 1
4007.13	9.90090094202	 1
4008.13	9.90092609749	 1
4009.13	9.90095022193	 1
4010.13	9.89897055171	 1
4011.13	9.89899303047	 1
4012.13	9.89901301315	 1
4013.13	9.89903342104	 1
4014.13	9.89805218502	 1
4015.13	9.89607198257	 1
4016.13	9.89409090367	 1
4017.14	9.89209918009	 1
4018.14	9.89211372066	 1
4019.14	9.89112612341	 1
4020.14	9.89113953073	 1
4021.14	9.89115189684	 1
4022.14	9.89116176096	 1
4023.14	9.89117203788	 1
4024.14	9.88918259107	 1
4025.14	9.88918976393	 1
4026.14	9.88919588724	 1
4027.14	9.889200959	 1
4028.14	9.88920497724	 1
4029.14	9.88920793996	 1
4030.14	9.89120721892	 1
4031.14	9.89220888988	 1
4032.14	9.89421064915	 1
4033.14	9.89620671113	 1
4034.14	9.89620341013	 1
4035.14	9.89619903132	 1
4036.14	9.89819062291	 1
4037.14	9.89918545601	 1
4038.14	9.8991763359	 1
4039.14	9.89916760651	 1
4040.14	9.9011583332	 1
4041.14	9.90114690328	 1
4042.14	9.90113288748	 1
4043.14	9.90111776928	 1
4044.14	9.90309921923	 1
4045.14	9.90308135557	 1
4046.14	9.90405832417	 1
4047.14	9.9060417796	 1
4048.14	9.90802222562	 1
4049.14	9.90799927466	 1
4050.14	9.90797369458	 1
4051.14	9.90594543562	 1
4052.14	9.90391486265	 1
4053.14	9.90388551841	 1
4054.15	9.90285298615	 1
4055.15	9.9028209169	 1
4056.15	9.90278771379	 1
4057.15	9.9027518747	 1
4058.15	9.9007175661	 1
4059.15	9.90068003221	 1
4060.15	9.90063985918	 1
4061.15	9.90059854323	 1
4062.15	9.90255405071	 1
4063.15	9.90250984327	 1
4064.15	9.90246297892	 1
4065.15	9.90341215328	 1
4066.15	9.90536598725	 1
4067.15	9.90731809693	 1
4068.15	9.90926390414	 1
4069.15	9.91020611969	 1
4070.15	9.91215363523	 1
4071.15	9.91409780595	 1
4072.15	9.91703349251	 1
4073.15	9.91697205527	 1
4074.15	9.92091546708	 1
4075.15	9.92384617973	 1
4076.15	9.92578226356	 1
4077.15	9.92971491963	 1
4078.15	9.93264512969	 1
4079.15	9.93557248189	 1
4080.15	9.93950091478	 1
4081.15	9.94242555873	 1
4082.15	9.94835236508	 1
4083.15	9.95126772214	 1
4084.15	9.9551924825	 1
4085.15	9.9601086147	 1
4086.15	9.9650217297	 1
4087.15	9.96993650071	 1
4088.15	9.97684868635	 1
4089.15	9.98375983845	 1
4090.15	9.98866928751	 1
4091.15	9.99557678594	 1
4092.15	10.0004780974	 1
4093.16	10.0073753948	 1
4094.16	10.0132751233	 1
4095.16	10.0181758757	 1
4096.16	10.0210712193	 1
4097.16	10.0229687225	 1
4098.16	10.0228610116	 1
4099.16	10.0227518839	 1
4100.16	10.0206378434	 1
4101.16	10.0175256305	 1
4102.16	10.0134087692	 1
4103.16	10.0082955136	 1
4104.16	10.0051719975	 1
4105.16	9.9980499085	 1
4106.16	9.99393020355	 1
4107.16	9.98680329133	 1
4108.16	9.97967673676	 1
4109.16	9.97454487704	 1
4110.16	9.96940966088	 1
4111.16	9.96527914469	 1
4112.16	9.96213853063	 1
4113.16	9.9600018412	 1
4114.16	9.95686188012	 1
4115.16	9.95471549364	 1
4116.16	9.95257164493	 1
4117.16	9.95242414032	 1
4118.16	9.94927520924	 1
4119.16	9.94912394919	 1
4120.16	9.94696644614	 1
4121.16	9.94481151565	 1
4122.16	9.94465159444	 1
4123.16	9.94449031494	 1
4124.16	9.94432767554	 1
4125.16	9.94416206344	 1
4126.16	9.94399347546	 1
4127.16	9.94581972027	 1
4128.16	9.9456474343	 1
4129.16	9.94547215852	 1
4130.17	9.94528863222	 1
4131.17	9.94510736875	 1
4132.17	9.94492472401	 1
4133.17	9.94474069645	 1
4134.17	9.94655476351	 1
4135.17	9.94636534498	 1
4136.17	9.94817568852	 1
4137.17	9.94798084589	 1
4138.17	9.94778297691	 1
4139.17	9.94857843134	 1
4140.17	9.94837642454	 1
4141.17	9.95016964734	 1
4142.17	9.94996214636	 1
4143.17	9.94975159703	 1
4144.17	9.95154168476	 1
4145.17	9.95132559787	 1
4146.17	9.95110808656	 1
4147.17	9.95188421131	 1
4148.17	9.95166084395	 1
4149.17	9.95143440386	 1
4150.17	9.95320925623	 1
4151.17	9.95297719957	 1
4152.17	9.95474131331	 1
4153.17	9.95450525443	 1
4154.17	9.95626844536	 1
4155.17	9.95602836075	 1
4156.17	9.95679734883	 1
4157.17	9.95857570002	 1
4158.17	9.95838012747	 1
4159.17	9.95821630349	 1
4160.17	9.9580925584	 1
4161.17	9.95601651092	 1
4162.17	9.95499264041	 1
4163.17	9.95503440547	 1
4164.17	9.95514790211	 1
4165.17	9.95534155379	 1
4166.17	9.95562216176	 1
4167.17	9.9559982291	 1
4168.17	9.95647997421	 1
4169.18	9.95706081521	 1
4170.18	9.95773648251	 1
4171.18	9.95848703812	 1
4172.18	9.96029423953	 1
4173.18	9.96114138455	 1
4174.18	9.9620105035	 1
4175.18	9.96288824423	 1
4176.18	9.96575208323	 1
4177.18	9.96659070867	 1
4178.18	9.96738894413	 1
4179.18	9.9701230721	 1
4180.18	9.97078299137	 1
4181.18	9.97135605751	 1
4182.18	9.97184540402	 1
4183.18	9.97426066753	 1
4184.18	9.97459708466	 1
4185.18	9.97786421551	 1
4186.18	9.98006716022	 1
4187.18	9.98021240847	 1
4188.18	9.98230541259	 1
4189.18	9.98234792425	 1
4190.18	9.98234607937	 1
4191.18	9.98230325956	 1
4192.18	9.98222802738	 1
4193.18	9.98212206687	 1
4194.18	9.98299298345	 1
4195.18	9.98284132934	 1
4196.18	9.98467476454	 1
4197.18	9.98449830784	 1
4198.18	9.98631527945	 1
4199.18	9.98813740365	 1
4200.18	9.98796115616	 1
4201.18	9.98779383701	 1
4202.18	9.99063976317	 1
4203.18	9.99250419005	 1
4204.18	9.9923951916	 1
4205.18	9.99331607269	 1
4206.18	9.99326935295	 1
4207.18	9.99225903174	 1
4208.19	9.99029176017	 1
4209.19	9.98837887027	 1
4210.19	9.98751539873	 1
4211.19	9.98570792181	 1
4212.19	9.98397006315	 1
4213.19	9.98429662355	 1
4214.19	9.98269880853	 1
4215.19	9.98517392636	 1
4216.19	9.98573380508	 1
4217.19	9.98837823847	 1
4218.19	9.98911638514	 1
4219.19	9.98995103437	 1
4220.19	9.9888898006	 1
4221.19	9.98793259184	 1
4222.19	9.98608060915	 1
4223.19	9.98534885511	 1
4224.19	9.98673420121	 1
4225.19	9.98824269332	 1
4226.19	9.99187524872	 1
4227.19	9.99645016479	 1
4228.19	9.9993185323	 1
4229.19	10.0030679501	 1
4230.19	10.0029104136	 1
4231.19	10.0011459238	 1
4232.19	10.0010759039	 1
4233.19	10.0010026104	 1
4234.19	10.0002376448	 1
4235.19	10.0029703923	 1
4236.19	10.0041442928	 1
4237.19	10.0046701111	 1
4238.19	10.0064535064	 1
4239.19	10.0043951381	 1
4240.19	10.0044082699	 1
4241.19	10.0014248005	 1
4242.19	9.99943629859	 1
4243.19	9.99643519834	 1
4244.19	9.99443445401	 1
4245.19	9.99442674767	 1
4246.2	9.9924082023	 1
4247.2	9.99438760868	 1
4248.2	9.99636031207	 1
4249.2	9.99933303863	 1
4250.2	10.0032937551	 1
4251.2	10.006257958	 1
4252.2	10.0082087364	 1
4253.2	10.0111576486	 1
4254.2	10.0111027008	 1
4255.2	10.0110425942	 1
4256.2	10.0129819847	 1
4257.2	10.0129123533	 1
4258.2	10.0148383651	 1
4259.2	10.0167589561	 1
4260.2	10.0176788299	 1
4261.2	10.019597269	 1
4262.2	10.0215064936	 1
4263.2	10.0194171759	 1
4264.2	10.0173173817	 1
4265.2	10.0122211737	 1
4266.2	10.0071169906	 1
4267.2	10.0070117061	 1
4268.2	10.0069030359	 1
4269.2	10.0097896273	 1
4270.2	10.0116797015	 1
4271.2	10.0155582928	 1
4272.2	10.0164399035	 1
4273.2	10.0183207177	 1
4274.2	10.0201939328	 1
4275.2	10.0200681885	 1
4276.2	10.0229376544	 1
4277.2	10.0248098218	 1
4278.2	10.0266761171	 1
4279.2	10.0295413566	 1
4280.2	10.0294054039	 1
4281.2	10.0312704415	 1
4282.21	10.0291235319	 1
4283.21	10.0289845591	 1
4284.21	10.0288420719	 1
4285.21	10.0307032705	 1
4286.21	10.0305600547	 1
4287.21	10.0324142475	 1
4288.21	10.0352692215	 1
4289.21	10.0391247804	 1
4290.21	10.0419792331	 1
4291.21	10.0418336299	 1
4292.21	10.0436918894	 1
4293.21	10.0455439304	 1
4294.21	10.0463993768	 1
4295.21	10.0462525531	 1
4296.21	10.048106137	 1
4297.21	10.0479604481	 1
4298.21	10.0478169205	 1
4299.21	10.0496756386	 1
4300.21	10.0515299678	 1
4301.21	10.0523904961	 1
4302.21	10.0542473585	 1
4303.21	10.0541073664	 1
4304.21	10.0559704076	 1
4305.21	10.0588310413	 1
4306.21	10.0606912272	 1
4307.21	10.0625566909	 1
4308.21	10.0624209415	 1
4309.21	10.0622854342	 1
4310.21	10.0621521298	 1
4311.21	10.0620190688	 1
4312.21	10.0618862512	 1
4313.21	10.0617536771	 1
4314.21	10.0626252126	 1
4315.21	10.0644928605	 1
4316.21	10.0663618656	 1
4317.21	10.0692357098	 1
4318.21	10.0711076333	 1
4319.21	10.0729769236	 1
4320.21	10.0748535175	 1
4321.22	10.0777236882	 1
4322.22	10.0795971487	 1
4323.22	10.0844743066	 1
4324.22	10.0893540818	 1
4325.22	10.0942282431	 1
4326.22	10.1011075836	 1
4327.22	10.1069845219	 1
4328.22	10.1128640512	 1
4329.22	10.1217470881	 1
4330.22	10.1306319582	 1
4331.22	10.1405093184	 1
4332.22	10.1493937192	 1
4333.22	10.1592764938	 1
4334.22	10.1701616555	 1
4335.22	10.1800459099	 1
4336.22	10.1919345376	 1
4337.22	10.2038192311	 1
4338.22	10.2147078449	 1
4339.22	10.2215962107	 1
4340.22	10.2264861691	 1
4341.22	10.2243770891	 1
4342.22	10.2242673772	 1
4343.22	10.2161528046	 1
4344.22	10.2070460158	 1
4345.22	10.1949374931	 1
4346.22	10.1828315636	 1
4347.22	10.1707294542	 1
4348.22	10.1576207847	 1
4349.22	10.143515855	 1
4350.22	10.1334120497	 1
4351.22	10.1213098026	 1
4352.22	10.1142066312	 1
4353.22	10.1071059754	 1
4354.22	10.1020012251	 1
4355.22	10.0978984272	 1
4356.22	10.0948000742	 1
4357.22	10.0906994909	 1
4358.22	10.0875997382	 1
4359.23	10.0824945983	 1
4360.23	10.0803995128	 1
4361.23	10.0783028116	 1
4362.23	10.078206468	 1
4363.23	10.0761076848	 1
4364.23	10.0750118063	 1
4365.23	10.0749151404	 1
4366.23	10.0748207724	 1
4367.23	10.0727285658	 1
4368.23	10.0726360169	 1
4369.23	10.0705457843	 1
4370.23	10.0704530201	 1
4371.23	10.069361165	 1
4372.23	10.0672678055	 1
4373.23	10.0651789283	 1
4374.23	10.0650894123	 1
4375.23	10.0630004762	 1
4376.23	10.0629127658	 1
4377.23	10.0648224611	 1
4378.23	10.0647340099	 1
4379.23	10.0646478538	 1
4380.23	10.0645599361	 1
4381.23	10.0644743152	 1
4382.23	10.0643889624	 1
4383.23	10.0643038777	 1
4384.23	10.0662170284	 1
4385.23	10.0691361956	 1
4386.23	10.069053813	 1
4387.23	10.0709689012	 1
4388.23	10.07088577	 1
4389.23	10.0688041926	 1
4390.23	10.0687228882	 1
4391.23	10.070640042	 1
4392.23	10.0705600401	 1
4393.23	10.0704782561	 1
4394.23	10.0684003723	 1
4395.23	10.0683224698	 1
4396.23	10.0682427878	 1
4397.24	10.0681604904	 1
4398.24	10.0700787242	 1
4399.24	10.0700026774	 1
4400.24	10.0699248451	 1
4401.24	10.0698472842	 1
4402.24	10.0697720547	 1
4403.24	10.0716937451	 1
4404.24	10.0726178532	 1
4405.24	10.0765432818	 1
4406.24	10.0764676993	 1
4407.24	10.0783884041	 1
4408.24	10.0763131952	 1
4409.24	10.0762363494	 1
4410.24	10.0741630625	 1
4411.24	10.0720818217	 1
4412.24	10.0720042575	 1
4413.24	10.0739285122	 1
4414.24	10.075845771	 1
4415.24	10.0777643244	 1
4416.24	10.0806867459	 1
4417.24	10.0806035128	 1
4418.24	10.0825194973	 1
4419.24	10.0824354473	 1
4420.24	10.0823495603	 1
4421.24	10.0822618341	 1
4422.24	10.0821722663	 1
4423.24	10.0820829582	 1
4424.24	10.0819918055	 1
4425.24	10.0818967011	 1
4426.24	10.08379988	 1
4427.24	10.083703905	 1
4428.24	10.0846050806	 1
4429.24	10.0845036355	 1
4430.24	10.0844003258	 1
4431.24	10.0842951494	 1
4432.24	10.0861896101	 1
4433.24	10.0860792759	 1
4434.25	10.0879602676	 1
4435.25	10.0878447418	 1
4436.25	10.0877273286	 1
4437.25	10.0856078709	 1
4438.25	10.0834824854	 1
4439.25	10.0823552218	 1
4440.25	10.0822243215	 1
4441.25	10.082091529	 1
4442.25	10.0819568423	 1
4443.25	10.0828180283	 1
4444.25	10.0826756198	 1
4445.25	10.0845330012	 1
4446.25	10.0843831529	 1
4447.25	10.0842292591	 1
4448.25	10.0840734469	 1
4449.25	10.083911451	 1
4450.25	10.0837475304	 1
4451.25	10.083577417	 1
4452.25	10.0814015866	 1
4453.25	10.0812249005	 1
4454.25	10.080043074	 1
4455.25	10.0808593348	 1
4456.25	10.0826700788	 1
4457.25	10.0844751037	 1
4458.25	10.0842748535	 1
4459.25	10.0870708593	 1
4460.25	10.0868610316	 1
4461.25	10.0886515204	 1
4462.25	10.0884317976	 1
4463.25	10.0882079421	 1
4464.25	10.0899766025	 1
4465.25	10.0917414148	 1
4466.25	10.0925015802	 1
4467.25	10.0962587706	 1
4468.25	10.0990075772	 1
4469.25	10.1007520284	 1
4470.25	10.1034867253	 1
4471.25	10.1052206752	 1
4472.26	10.106945625	 1
4473.26	10.106669163	 1
4474.26	10.106388448	 1
4475.26	10.1061056787	 1
4476.26	10.1058208538	 1
4477.26	10.1055317701	 1
4478.26	10.1052450326	 1
4479.26	10.1049562366	 1
4480.26	10.1046675843	 1
4481.26	10.1043790756	 1
4482.26	10.1070902366	 1
4483.26	10.106806979	 1
4484.26	10.108528908	 1
4485.26	10.1082529595	 1
4486.26	10.1079793749	 1
4487.26	10.1077125882	 1
4488.26	10.1094540633	 1
4489.26	10.1091990885	 1
4490.26	10.1089531573	 1
4491.26	10.1107093913	 1
4492.26	10.1114757437	 1
4493.26	10.1132550466	 1
4494.26	10.1130421406	 1
4495.26	10.1128405835	 1
4496.26	10.1146507231	 1
4497.26	10.1164703122	 1
4498.26	10.1172990044	 1
4499.26	10.1191490117	 1
4500.26	10.1210109191	 1
4501.26	10.123880374	 1
4502.26	10.1237693274	 1
4503.26	10.1256764819	 1
4504.26	10.1276003861	 1
4505.26	10.1285362992	 1
4506.26	10.1304917419	 1
4507.26	10.1304665348	 1
4508.26	10.1304621878	 1
4509.27	10.1284735482	 1
4510.27	10.1285077672	 1
4511.27	10.1275676838	 1
4512.27	10.1276455141	 1
4513.27	10.1277442943	 1
4514.27	10.1258640677	 1
4515.27	10.1260082687	 1
4516.27	10.1241702811	 1
4517.27	10.1243507665	 1
4518.27	10.1245500192	 1
4519.27	10.1267681888	 1
4520.27	10.126997247	 1
4521.27	10.1272383302	 1
4522.27	10.1274914619	 1
4523.27	10.1277520776	 1
4524.27	10.1280247834	 1
4525.27	10.1262990403	 1
4526.27	10.1265830895	 1
4527.27	10.1268700788	 1
4528.27	10.1271600138	 1
4529.27	10.1294530399	 1
4530.27	10.1327445766	 1
4531.27	10.1370357522	 1
4532.27	10.1423187332	 1
4533.27	10.1496033308	 1
4534.27	10.1548809489	 1
4535.27	10.1621515032	 1
4536.27	10.164411416	 1
4537.27	10.1666663971	 1
4538.27	10.1699050467	 1
4539.27	10.1721308204	 1
4540.27	10.1723434497	 1
4541.27	10.1725421656	 1
4542.27	10.1707250511	 1
4543.27	10.1678885432	 1
4544.27	10.1660330143	 1
4545.27	10.1621689879	 1
4546.27	10.1592790108	 1
4547.27	10.1593813174	 1
4548.27	10.1574725651	 1
4549.28	10.1575412324	 1
4550.28	10.1576055132	 1
4551.28	10.1576582319	 1
4552.28	10.1567037877	 1
4553.28	10.1567376413	 1
4554.28	10.1577587982	 1
4555.28	10.1577770639	 1
4556.28	10.1577860882	 1
4557.28	10.1577906463	 1
4558.28	10.1577907321	 1
4559.28	10.1597841514	 1
4560.28	10.1617784939	 1
4561.28	10.1647677424	 1
4562.28	10.1647552578	 1
4563.28	10.1647406598	 1
4564.28	10.1647287789	 1
4565.28	10.1627170852	 1
4566.28	10.161705851	 1
4567.28	10.161693596	 1
4568.28	10.1616864714	 1
4569.28	10.161679653	 1
4570.28	10.159669429	 1
4571.28	10.1596647713	 1
4572.28	10.1596628355	 1
4573.28	10.1596587946	 1
4574.28	10.159659894	 1
4575.28	10.1596588887	 1
4576.28	10.1616647314	 1
4577.28	10.1616652243	 1
4578.28	10.1616708782	 1
4579.28	10.1616744222	 1
4580.28	10.161680707	 1
4581.28	10.1596860398	 1
4582.28	10.1616966545	 1
4583.28	10.1617063195	 1
4584.28	10.1647157582	 1
4585.28	10.1647274	 1
4586.29	10.1667349675	 1
4587.29	10.1667481469	 1
4588.29	10.1687650278	 1
4589.29	10.1697832789	 1
4590.29	10.1717972236	 1
4591.29	10.1738120493	 1
4592.29	10.1768366636	 1
4593.29	10.1768562972	 1
4594.29	10.1768762571	 1
4595.29	10.1788951267	 1
4596.29	10.1789166486	 1
4597.29	10.1789409823	 1
4598.29	10.1789656461	 1
4599.29	10.1789906402	 1
4600.29	10.1790159647	 1
4601.29	10.1810394234	 1
4602.29	10.165070489	 1
4603.29	10.1670964414	 1
4604.29	10.1741253213	 1
4605.29	10.1811540224	 1
4606.29	10.1811847548	 1
4607.29	10.1812158219	 1
4608.29	10.1792504499	 1
4609.29	10.17728474	 1
4610.29	10.1763151258	 1
4611.29	10.1723482426	 1
4612.29	10.1703854093	 1
4613.29	10.1704208586	 1
4614.29	10.1704566461	 1
4615.29	10.1694895919	 1
4616.29	10.1675235489	 1
4617.29	10.1695644064	 1
4618.29	10.1726001919	 1
4619.29	10.1746377385	 1
4620.29	10.1796774627	 1
4621.29	10.17971734	 1
4622.29	10.1797575584	 1
4623.3	10.1777963561	 1
4624.3	10.1748324199	 1
4625.3	10.1748738208	 1
4626.3	10.1779172705	 1
4627.3	10.1799590816	 1
4628.3	10.1800013519	 1
4629.3	10.1800439646	 1
4630.3	10.1780883034	 1
4631.3	10.1781306593	 1
4632.3	10.1771732279	 1
4633.3	10.175214843	 1
4634.3	10.1752593278	 1
4635.3	10.178308554	 1
4636.3	10.1783526247	 1
4637.3	10.1783970385	 1
4638.3	10.1784417955	 1
4639.3	10.1784868959	 1
4640.3	10.1785323398	 1
4641.3	10.1805770242	 1
4642.3	10.1806215662	 1
4643.3	10.1826658416	 1
4644.3	10.1847160431	 1
4645.3	10.1827585315	 1
4646.3	10.1808057044	 1
4647.3	10.1808519628	 1
4648.3	10.1808985647	 1
4649.3	10.1789466653	 1
4650.3	10.1779919531	 1
4651.3	10.1760353395	 1
4652.3	10.1810858628	 1
4653.3	10.1861339223	 1
4654.3	10.1881784177	 1
4655.3	10.1902211128	 1
4656.3	10.1932711603	 1
4657.3	10.1973124321	 1
4658.3	10.1973597591	 1
4659.3	10.1954082032	 1
4660.31	10.1954480193	 1
4661.31	10.197491347	 1
4662.31	10.2005409392	 1
4663.31	10.2025853834	 1
4664.31	10.2046278891	 1
4665.31	10.2006777151	 1
4666.31	10.1957194284	 1
4667.31	10.1987687158	 1
4668.31	10.2028083792	 1
4669.31	10.2028513772	 1
4670.31	10.2028947127	 1
4671.31	10.20493567	 1
4672.31	10.2059850555	 1
4673.31	10.2080249711	 1
4674.31	10.2100654916	 1
4675.31	10.2131110069	 1
4676.31	10.2191459331	 1
4677.31	10.2241874857	 1
4678.31	10.2272327982	 1
4679.31	10.2312694985	 1
4680.31	10.2393107767	 1
4681.31	10.2483525002	 1
4682.31	10.2643897763	 1
4683.31	10.2834287859	 1
4684.31	10.3054613883	 1
4685.31	10.3285029876	 1
4686.31	10.3455389226	 1
4687.31	10.3565750389	 1
4688.31	10.3616063916	 1
4689.31	10.3596433824	 1
4690.31	10.3546748417	 1
4691.31	10.3427118539	 1
4692.31	10.3287462639	 1
4693.31	10.3027751471	 1
4694.31	10.2748063606	 1
4695.31	10.2608365551	 1
4696.31	10.2508678918	 1
4697.31	10.2418993759	 1
4698.32	10.2329215607	 1
4699.32	10.22795046	 1
4700.32	10.2249740519	 1
4701.32	10.2230014125	 1
4703.32	10.1990486194	 1
4705.32	10.1990952916	 1
4707.32	10.1971417289	 1
4709.32	10.1951842437	 1
4711.32	10.1932175621	 1
4713.32	10.192251009	 1
4715.32	10.192281814	 1
4717.32	10.1903111514	 1
4719.32	10.1923338522	 1
4721.32	10.1923550644	 1
4723.32	10.1923721732	 1
4725.32	10.1923878232	 1
4727.32	10.1923993489	 1
4729.32	10.193408008	 1
4731.32	10.1954164467	 1
4733.32	10.1954180676	 1
4735.33	10.1954109178	 1
4737.33	10.1974038851	 1
4739.33	10.1973972708	 1
4741.33	10.1993824336	 1
4743.33	10.2023724137	 1
4745.33	10.2043522357	 1
4747.33	10.2043317025	 1
4749.33	10.2063034001	 1
4751.33	10.2072831469	 1
4753.33	10.2092492513	 1
4755.33	10.2092154715	 1
4757.33	10.2111759056	 1
4759.33	10.2111349711	 1
4761.33	10.2110896311	 1
4763.33	10.213038697	 1
4765.33	10.2139945671	 1
4767.33	10.2139410626	 1
4769.33	10.2158811579	 1
4771.33	10.2158175116	 1
4773.33	10.2177514555	 1
4775.33	10.2176831233	 1
4777.34	10.2196062564	 1
4779.34	10.2205370015	 1
4781.34	10.2204573502	 1
4783.34	10.2203759182	 1
4785.34	10.2222881195	 1
4787.34	10.2222018187	 1
4789.34	10.222108102	 1
4791.34	10.2240105464	 1
4793.34	10.2239118612	 1
4795.34	10.2238113382	 1
4797.34	10.2267068335	 1
4799.34	10.2265991755	 1
4801.34	10.2284844316	 1
4803.34	10.2303658786	 1
4805.34	10.2312490332	 1
4807.34	10.2331287289	 1
4809.34	10.2350045029	 1
4811.35	10.2368689202	 1
4813.35	10.2377444578	 1
4815.35	10.2396171484	 1
4817.35	10.2414828759	 1
4819.35	10.2443501158	 1
4821.35	10.2482176575	 1
4823.35	10.251086222	 1
4825.35	10.2529540955	 1
4827.35	10.2548206055	 1
4829.35	10.2576874116	 1
4831.35	10.2615560515	 1
4833.35	10.2624261764	 1
4835.35	10.2662976086	 1
4837.35	10.2691678354	 1
4839.35	10.2730447288	 1
4841.35	10.2759184041	 1
4843.35	10.2817962864	 1
4845.35	10.2876774245	 1
4847.35	10.2935646754	 1
4849.36	10.3014442462	 1
4851.36	10.3083370018	 1
4853.36	10.317234373	 1
4855.36	10.3221319964	 1
4857.36	10.3270388055	 1
4859.36	10.3329458426	 1
4861.36	10.3338641323	 1
4863.36	10.3357811111	 1
4865.36	10.3357076953	 1
4867.36	10.3336425869	 1
4869.36	10.3285809521	 1
4871.36	10.3255258513	 1
4873.36	10.318481118	 1
4875.36	10.3114398637	 1
4877.36	10.3044085085	 1
4879.36	10.295388413	 1
4881.36	10.2853752041	 1
4883.36	10.2743697531	 1
4885.36	10.2713709248	 1
4887.37	10.2663771011	 1
4889.37	10.2624013658	 1
4891.37	10.2604336043	 1
4893.37	10.2604769334	 1
4895.37	10.2595319548	 1
4897.37	10.2625961025	 1
4899.37	10.2626720947	 1
4901.37	10.2647612915	 1
4903.37	10.2678615261	 1
4905.37	10.2699675359	 1
4907.37	10.2720914244	 1
4909.37	10.2722217844	 1
4911.37	10.2743575832	 1
4913.37	10.2755061456	 1
4915.37	10.2756619044	 1
4917.37	10.2758252336	 1
4919.37	10.275996153	 1
4921.38	10.2781647227	 1
4923.38	10.2803498171	 1
4925.38	10.2805382005	 1
4927.38	10.2827263199	 1
4929.38	10.2839257619	 1
4931.38	10.2861229035	 1
4933.38	10.2863219278	 1
4935.38	10.2885316091	 1
4937.38	10.2887355025	 1
4939.38	10.289940915	 1
4941.38	10.29215044	 1
4943.38	10.2943563542	 1
4945.38	10.2965650053	 1
4947.38	10.2997727686	 1
4949.38	10.3019735975	 1
4951.38	10.3021771264	 1
4953.38	10.3053750361	 1
4955.38	10.3055714472	 1
4957.38	10.3077677081	 1
4959.38	10.3099534717	 1
4961.39	10.312134057	 1
4963.39	10.3133083834	 1
4965.39	10.3134794468	 1
4967.39	10.3156467104	 1
4969.39	10.3177997811	 1
4971.39	10.3179490643	 1
4973.39	10.3190882553	 1
4975.39	10.3192179304	 1
4977.39	10.3213423963	 1
4979.39	10.3214565371	 1
4981.39	10.321558621	 1
4983.39	10.3216486136	 1
4985.39	10.3237308015	 1
4987.39	10.3217955237	 1
4989.39	10.321849042	 1
4991.39	10.3218869942	 1
4993.39	10.3219126826	 1
4995.39	10.3219260751	 1
4997.4	10.3219194462	 1
4999.4	10.3239005989	 1
5001.4	10.3238683863	 1
5003.4	10.3238169906	 1
5005.4	10.3257469918	 1
5007.4	10.3256652778	 1
5009.4	10.3255709753	 1
5011.4	10.3254640559	 1
5013.4	10.3263456378	 1
5015.4	10.3282103257	 1
5017.4	10.3300686411	 1
5019.4	10.329914248	 1
5021.4	10.3317443685	 1
5023.4	10.3325730972	 1
5025.4	10.3343874334	 1
5027.4	10.334194974	 1
5029.4	10.3360011071	 1
5031.4	10.3357942155	 1
5033.4	10.3375816659	 1
5035.41	10.3383598514	 1
5037.41	10.3401377488	 1
5039.41	10.3399091413	 1
5041.41	10.3416852938	 1
5043.41	10.3414523368	 1
5045.41	10.3432127632	 1
5047.41	10.3439789216	 1
5049.41	10.3437428414	 1
5051.41	10.3435039708	 1
5053.41	10.3452650792	 1
5055.41	10.3450287467	 1
5057.41	10.3467983855	 1
5059.41	10.3465646013	 1
5061.41	10.3473331843	 1
5063.41	10.3491121718	 1
5065.41	10.3488892787	 1
5067.41	10.3506698396	 1
5069.41	10.3504601521	 1
5071.42	10.3502539861	 1
5073.42	10.350056378	 1
5075.42	10.3518672531	 1
5077.42	10.3516865513	 1
5079.42	10.351517271	 1
5081.42	10.3513523183	 1
5083.42	10.3521959496	 1
5085.42	10.3540600483	 1
5087.42	10.3539279498	 1
5089.42	10.3558085232	 1
5091.42	10.3577071107	 1
5093.42	10.3586123068	 1
5095.42	10.358537273	 1
5097.42	10.3604755839	 1
5099.42	10.3604290666	 1
5101.42	10.3603979421	 1
5103.42	10.3623848899	 1
5105.42	10.3623825955	 1
5107.42	10.3623994504	 1
5109.42	10.3644321035	 1
5111.42	10.3644744848	 1
5113.43	10.3655204867	 1
5115.43	10.3655914006	 1
5117.43	10.3676722712	 1
5119.43	10.3677617807	 1
5121.43	10.3678597703	 1
5123.43	10.3679699325	 1
5125.43	10.3700861758	 1
5127.43	10.3702115239	 1
5129.43	10.3703454517	 1
5131.43	10.3704842885	 1
5133.43	10.3706280456	 1
5135.43	10.3707804335	 1
5137.43	10.3709377717	 1
5139.43	10.3730992962	 1
5141.43	10.3732647204	 1
5143.43	10.3744286905	 1
5145.43	10.3745975857	 1
5147.44	10.3747635367	 1
5149.44	10.3749349837	 1
5151.44	10.375107708	 1
5153.44	10.3752779709	 1
5155.44	10.376449566	 1
5157.44	10.3766195621	 1
5159.44	10.3777861647	 1
5161.44	10.3779521127	 1
5163.44	10.3791098875	 1
5165.44	10.3792679676	 1
5167.44	10.3804130337	 1
5169.44	10.3805593882	 1
5171.44	10.3816991864	 1
5173.44	10.3818337222	 1
5175.44	10.3829567735	 1
5177.44	10.3840722843	 1
5179.44	10.3851802055	 1
5181.44	10.3852802175	 1
5183.44	10.3863672096	 1
5185.44	10.3874464553	 1
5187.45	10.3885060467	 1
5189.45	10.3895619542	 1
5191.45	10.3906060916	 1
5193.45	10.3906323629	 1
5195.45	10.3916433139	 1
5197.45	10.3926461366	 1
5199.45	10.3936330378	 1
5201.45	10.3946000514	 1
5203.45	10.3955509562	 1
5205.45	10.3974940254	 1
5207.45	10.3984101828	 1
5209.45	10.3993216714	 1
5211.45	10.4002206344	 1
5213.45	10.4001039255	 1
5215.45	10.4019728666	 1
5217.45	10.402833844	 1
5219.45	10.4046789177	 1
5221.45	10.4045173661	 1
5223.45	10.4063476298	 1
5225.46	10.4081607788	 1
5227.46	10.4089681279	 1
5229.46	10.4107687046	 1
5231.46	10.4125640236	 1
5233.46	10.412352509	 1
5235.46	10.4151290227	 1
5237.46	10.4169017885	 1
5239.46	10.4166710277	 1
5241.46	10.418436013	 1
5243.46	10.4191990617	 1
5245.46	10.4209504586	 1
5247.46	10.4207048154	 1
5249.46	10.4224522147	 1
5251.46	10.4222007868	 1
5253.46	10.4219459215	 1
5255.46	10.4216916725	 1
5257.46	10.4214380398	 1
5259.46	10.4211850234	 1
5261.47	10.4189297671	 1
5263.47	10.4186769303	 1
5265.47	10.4184287719	 1
5267.47	10.4201790733	 1
5269.47	10.4199332185	 1
5271.47	10.4196961389	 1
5273.47	10.4194596893	 1
5275.47	10.4212297156	 1
5277.47	10.4220066158	 1
5279.47	10.4237873139	 1
5281.47	10.4255704667	 1
5283.47	10.4273684483	 1
5285.47	10.4281729531	 1
5287.47	10.4299818369	 1
5289.47	10.4318015706	 1
5291.47	10.4326340092	 1
5293.47	10.4344773448	 1
5295.47	10.4363233648	 1
5297.47	10.4381846346	 1
5299.48	10.4390583715	 1
5301.48	10.4409437254	 1
5303.48	10.4408439929	 1
5305.48	10.4407534674	 1
5307.48	10.4426754519	 1
5309.48	10.4426089954	 1
5311.48	10.4425518221	 1
5313.48	10.4445066894	 1
5315.48	10.4444695759	 1
5317.48	10.444446063	 1
5319.48	10.4444276848	 1
5321.48	10.4444229521	 1
5323.84	10.4436684419	 1
5328.7	10.44662979	 1
5333.57	10.4430671419	 1
5338.44	10.4432196444	 1
5343.31	10.4500345266	 1
5348.18	10.4543637186	 1
5353.05	10.4596907752	 1
5357.92	10.4587198661	 1
5362.79	10.4620866609	 1
5367.66	10.4677326911	 1
5372.53	10.4685063156	 1
5377.4	10.4755683534	 1
5382.27	10.4761516066	 1
5387.14	10.4818255323	 1
5392.01	10.4861486258	 1
5396.88	10.4977410329	 1
5401.75	10.5110421843	 1
5406.62	10.5356249562	 1
5411.49	10.5690769398	 1
5416.36	10.5633339713	 1
5421.23	10.5368507254	 1
5426.1	10.5153367222	 1
5430.97	10.5097622457	 1
5435.84	10.5034052324	 1
5440.71	10.5046026353	 1
5445.58	10.5015802009	 1
5450.45	10.5027870627	 1
5455.32	10.5024486737	 1
5460.19	10.5032003281	 1
5465.06	10.5109918285	 1
5469.93	10.5056787828	 1
5474.8	10.5051727437	 1
5479.68	10.5093930599	 1
5484.55	10.5108666349	 1
5489.42	10.5067815269	 1
5494.29	10.510378878	 1
5499.16	10.5131837738	 1
5504.03	10.5150886183	 1
5508.9	10.5141391468	 1
5513.77	10.519139626	 1
5518.64	10.5174180831	 1
5523.52	10.5209884677	 1
5528.39	10.5229144171	 1
5533.26	10.5242619746	 1
5538.13	10.5241832635	 1
5543.0	10.5274893626	 1
5547.87	10.5271766292	 1
5552.74	10.5319226303	 1
5557.62	10.5340355852	 1
5562.49	10.5333426732	 1
5567.36	10.5356847114	 1
5572.23	10.5385531894	 1
5577.1	10.5440510375	 1
5581.98	10.543022104	 1
5586.85	10.5443597121	 1
5591.72	10.5435469215	 1
5596.59	10.5459842434	 1
5601.46	10.5517627303	 1
5606.34	10.5526306781	 1
5611.21	10.5528843009	 1
5616.08	10.5522545846	 1
5620.95	10.5548781901	 1
5625.83	10.5588899546	 1
5630.7	10.5597594657	 1
5635.57	10.5535512594	 1
5640.44	10.5508325386	 1
5645.32	10.5633228163	 1
5650.19	10.5656213558	 1
5655.06	10.5719789003	 1
5659.94	10.5734580577	 1
5664.81	10.574247122	 1
5669.68	10.5712959839	 1
5674.55	10.5744867152	 1
5679.43	10.5787393971	 1
5684.3	10.5794564303	 1
5689.17	10.5785308882	 1
5694.05	10.5824008811	 1
5698.92	10.5879189453	 1
5703.79	10.5902448481	 1
5708.67	10.589169983	 1
5713.54	10.587765534	 1
5718.41	10.5905662443	 1
5723.29	10.5924827815	 1
5728.16	10.5934004685	 1
5733.03	10.5985260499	 1
5737.91	10.6006086814	 1
5742.78	10.6012801213	 1
5747.65	10.6011566596	 1
5752.53	10.6008615862	 1
5757.4	10.6035079367	 1
5762.28	10.6057658329	 1
5767.15	10.608102619	 1
5772.02	10.612031459	 1
5776.9	10.612708476	 1
5781.77	10.6158029164	 1
5786.65	10.6171483191	 1
5791.52	10.618390147	 1
5796.4	10.6207056986	 1
5801.27	10.6194160566	 1
5806.14	10.6166447585	 1
5811.02	10.6224371524	 1
5815.89	10.6231290109	 1
5820.77	10.6285139749	 1
5825.64	10.6277830256	 1
5830.52	10.6311640553	 1
5835.39	10.633662322	 1
5840.27	10.6357480552	 1
5845.14	10.6397544969	 1
5850.01	10.6377005122	 1
5854.89	10.6414277668	 1
5859.76	10.6433919223	 1
5864.64	10.6422654346	 1
5869.51	10.6416405456	 1
5874.39	10.6503039117	 1
5879.26	10.6438811072	 1
5884.14	10.6483319108	 1
5889.01	10.6564250191	 1
5893.89	10.655639279	 1
5898.76	10.6566997246	 1
5903.64	10.6556027985	 1
5908.52	10.6604374958	 1
5913.39	10.6603120044	 1
5918.27	10.6625623096	 1
5923.14	10.6624485355	 1
5928.02	10.6627865287	 1
5932.89	10.6659809812	 1
5937.77	10.6693263573	 1
5942.64	10.6745997564	 1
5947.52	10.670853361	 1
5952.4	10.6741203396	 1
5957.27	10.675832719	 1
5962.15	10.6813967652	 1
5967.02	10.6814172412	 1
5971.9	10.6801740375	 1
5976.77	10.6796684115	 1
5981.65	10.6835040867	 1
5986.53	10.685353725	 1
5991.4	10.6886365016	 1
5996.28	10.6893002166	 1
6001.15	10.6861181965	 1
6006.03	10.6918753387	 1
6010.91	10.6933125528	 1
6015.78	10.6973668077	 1
6020.66	10.7027608186	 1
6025.54	10.6990705273	 1
6030.41	10.6980054201	 1
6035.29	10.7019864233	 1
6040.17	10.704189186	 1
6045.04	10.706062406	 1
6049.92	10.7066857797	 1
6054.79	10.7055682307	 1
6059.67	10.7108403217	 1
6064.55	10.7088809777	 1
6069.42	10.7127161357	 1
6074.3	10.7158665725	 1
6079.18	10.7169709529	 1
6084.06	10.7205174878	 1
6088.93	10.7196401256	 1
6093.81	10.722427238	 1
6098.69	10.726030345	 1
6103.56	10.7277032236	 1
6108.44	10.7270570837	 1
6113.32	10.7272137654	 1
6118.19	10.7300797886	 1
6123.07	10.7333302602	 1
6127.95	10.733290522	 1
6132.83	10.7322240572	 1
6137.7	10.7336693628	 1
6142.58	10.7377897988	 1
6147.46	10.7381450182	 1
6152.34	10.745155346	 1
6157.21	10.7444869013	 1
6162.09	10.7428415667	 1
6166.97	10.7433004299	 1
6171.85	10.7466311642	 1
6176.72	10.7493076688	 1
6181.6	10.7522282666	 1
6186.48	10.7529543829	 1
6191.36	10.7526169005	 1
6196.23	10.75611875	 1
6201.11	10.7538718261	 1
6205.99	10.7571640333	 1
6210.87	10.763739094	 1
6215.75	10.7628885985	 1
6220.62	10.7683653458	 1
6225.5	10.767680557	 1
6230.38	10.7690389161	 1
6235.26	10.7695409029	 1
6240.14	10.7700486953	 1
6245.01	10.7686702695	 1
6249.89	10.7726706002	 1
6254.77	10.775028933	 1
6259.65	10.775168271	 1
6264.53	10.778752843	 1
6269.41	10.779870684	 1
6274.28	10.7836623978	 1
6279.16	10.7809247582	 1
6284.04	10.7760153131	 1
6288.92	10.7842694887	 1
6293.8	10.7880380542	 1
6298.68	10.7901966022	 1
6303.56	10.7856528277	 1
6308.43	10.7856103705	 1
6313.31	10.7880283608	 1
6318.19	10.7999817853	 1
6323.07	10.8033048074	 1
6327.95	10.8143146193	 1
6332.83	10.8191667127	 1
6337.71	10.8187699334	 1
6342.59	10.8177796416	 1
6347.46	10.8160278111	 1
6352.34	10.8118073271	 1
6357.22	10.8033645102	 1
6362.1	10.8120475699	 1
6366.98	10.813113581	 1
6371.86	10.8139307855	 1
6376.74	10.8148407915	 1
6381.62	10.8167051792	 1
6386.5	10.8184959158	 1
6391.38	10.8214263287	 1
6396.26	10.8210712912	 1
6401.14	10.8237675587	 1
6406.01	10.8234252413	 1
6410.89	10.826585315	 1
6415.77	10.8285352927	 1
6420.65	10.8306751325	 1
6425.53	10.8305277192	 1
6430.41	10.8305607731	 1
6435.29	10.8336180637	 1
6440.17	10.8376803315	 1
6445.05	10.8376464193	 1
6449.93	10.8365403604	 1
6454.81	10.8371404748	 1
6459.69	10.8415320405	 1
6464.57	10.8433286611	 1
6469.45	10.8455918464	 1
6474.33	10.8463205248	 1
6479.21	10.8455046174	 1
6484.09	10.8460600002	 1
6488.97	10.8500132526	 1
6493.85	10.8510470101	 1
6498.73	10.849599921	 1
6503.61	10.8514741023	 1
6508.49	10.8510467371	 1
6513.37	10.8575868549	 1
6518.25	10.8654111369	 1
6523.13	10.8679289931	 1
6528.01	10.8681935081	 1
6532.89	10.8746333869	 1
6537.77	10.8808470707	 1
6542.65	10.8865394975	 1
6547.53	10.9065676405	 1
6552.41	10.9373383703	 1
6557.29	10.9739303779	 1
6562.17	10.9972999433	 1
6567.05	10.9989170741	 1
6571.93	10.9793310567	 1
6576.81	10.9461403092	 1
6581.69	10.919972065	 1
6586.57	10.9028568424	 1
6591.45	10.8955028931	 1
6596.33	10.8907387592	 1
6601.22	10.8813746558	 1
6606.1	10.8855563944	 1
6610.98	10.8863155467	 1
6615.86	10.8915346329	 1
6620.74	10.8867646203	 1
6625.62	10.8889287401	 1
6630.5	10.8899129223	 1
6635.38	10.8933998131	 1
6640.26	10.8977153061	 1
6645.14	10.9022664117	 1
6650.02	10.9021890746	 1
6654.9	10.9028245609	 1
6659.78	10.9016384714	 1
6664.67	10.9042113625	 1
6669.55	10.9103881906	 1
6674.43	10.9097233169	 1
6679.31	10.9089576665	 1
6684.19	10.9133458246	 1
6689.07	10.9148640444	 1
6693.95	10.9111074026	 1
6698.83	10.9148098512	 1
6703.71	10.9163493717	 1
6708.6	10.9177913293	 1
6713.48	10.9222884371	 1
6718.36	10.9202904406	 1
6723.24	10.923871627	 1
6728.12	10.9241969662	 1
6733.0	10.9319640878	 1
6737.88	10.9313507319	 1
6742.77	10.9263661205	 1
6747.65	10.9279909621	 1
6752.53	10.9298403967	 1
6757.41	10.9289139783	 1
6762.29	10.934329313	 1
6767.17	10.9333018514	 1
6772.05	10.9349762214	 1
6776.94	10.9396018969	 1
6781.82	10.9413177444	 1
6786.7	10.943821883	 1
6791.58	10.9432361057	 1
6796.46	10.9467080348	 1
6801.34	10.9480714436	 1
6806.23	10.9477038849	 1
6811.11	10.9478621564	 1
6815.99	10.9504220046	 1
6820.87	10.9521957358	 1
6825.75	10.9533548323	 1
6830.64	10.9538018978	 1
6835.52	10.9582010222	 1
6840.4	10.9599320907	 1
6845.28	10.9592871654	 1
6850.16	10.9638251029	 1
6855.04	10.9638139504	 1
6859.93	10.9644754964	 1
6864.81	10.9680520686	 1
6869.69	10.9699286229	 1
6874.57	10.9743103704	 1
6879.46	10.974860019	 1
6884.34	10.9756384053	 1
6889.22	10.9775862856	 1
6894.1	10.9810423307	 1
6898.98	10.9791784024	 1
6903.87	10.9804726729	 1
6908.75	10.9773921942	 1
6913.63	10.9779208921	 1
6918.51	10.9801242717	 1
6923.4	10.9817128471	 1
6928.28	10.9868354385	 1
6933.16	10.9867679347	 1
6938.04	10.9874538002	 1
6942.92	10.989124652	 1
6947.81	10.9911864684	 1
6952.69	10.9929998013	 1
6957.57	10.9958503203	 1
6962.45	10.9955600632	 1
6967.34	10.9960439386	 1
6972.22	10.997069693	 1
6977.1	10.9941553096	 1
6981.98	11.0004969747	 1
6986.87	11.0027932643	 1
6991.75	10.9996240616	 1
6996.63	11.0025227448	 1
7001.52	11.0039581271	 1
7006.4	11.005245148	 1
7011.28	11.0120149928	 1
7016.16	11.0128837765	 1
7021.05	11.0132308724	 1
7025.93	11.0089270662	 1
7030.81	11.0135052824	 1
7035.69	11.0159156134	 1
7040.58	11.0154513107	 1
7045.46	11.0148535367	 1
7050.34	11.0193641231	 1
7055.23	11.0209416758	 1
7060.11	11.0232331657	 1
7064.99	11.0234170874	 1
7069.87	11.0268325152	 1
7074.76	11.0271927523	 1
7079.64	11.0311317319	 1
7084.52	11.0351120795	 1
7089.41	11.0336137653	 1
7094.29	11.034770663	 1
7099.17	11.0375144822	 1
7104.06	11.034283344	 1
7108.94	11.0390571532	 1
7113.82	11.0420360126	 1
7118.7	11.0379815794	 1
7123.59	11.0402418449	 1
7128.47	11.038873468	 1
7133.35	11.0416552014	 1
7138.24	11.0437076955	 1
7143.12	11.0484576023	 1
7148.0	11.0484584352	 1
7152.89	11.0540729646	 1
7157.77	11.0555852772	 1
7162.65	11.0555104218	 1
7167.54	11.0600340814	 1
7172.42	11.0585833323	 1
7177.3	11.0643766315	 1
7182.19	11.0686610608	 1
7187.07	11.0703552863	 1
7191.95	11.0702621449	 1
7196.84	11.0660263944	 1
7201.72	11.069388752	 1
7206.6	11.0685270902	 1
7211.49	11.0708003191	 1
7216.37	11.0697901383	 1
7221.25	11.0698527755	 1
7226.14	11.0741627803	 1
7231.02	11.0768764054	 1
7235.9	11.0734879537	 1
7240.79	11.0720209746	 1
7245.67	11.0733530699	 1
7250.55	11.079427204	 1
7255.44	11.0842265355	 1
7260.32	11.0868907338	 1
7265.2	11.0837458388	 1
7270.09	11.0831988016	 1
7274.97	11.0870554205	 1
7279.86	11.0867886683	 1
7284.74	11.0849167722	 1
7289.62	11.0907572886	 1
7294.51	11.0919369272	 1
7299.39	11.0930542565	 1
7304.27	11.0953593785	 1
7309.16	11.0980414897	 1
7314.04	11.0949829213	 1
7318.92	11.0943389069	 1
7323.81	11.0977417929	 1
7328.69	11.0977658895	 1
7333.58	11.1013765127	 1
7338.46	11.1021666758	 1
7343.34	11.1027397583	 1
7348.23	11.1030618464	 1
7353.11	11.1038226342	 1
7357.99	11.1085965354	 1
7362.88	11.1084130794	 1
7367.76	11.1097076032	 1
7372.65	11.1070495671	 1
7377.53	11.1110636349	 1
7382.41	11.114635928	 1
7387.3	11.1155512374	 1
7392.18	11.1184116535	 1
7397.07	11.1215782382	 1
7401.95	11.1185689859	 1
7406.83	11.1227063957	 1
7411.72	11.1242147803	 1
7416.6	11.1268954084	 1
7421.49	11.1259286588	 1
7426.37	11.1223353112	 1
7431.25	11.1244695235	 1
7436.14	11.1301195905	 1
7441.02	11.1310387405	 1
7445.91	11.1355880842	 1
7450.79	11.1350307673	 1
7455.67	11.1329952882	 1
7460.56	11.1348328838	 1
7465.44	11.14048919	 1
7470.33	11.1397027738	 1
7475.21	11.1391909117	 1
7480.09	11.1435785945	 1
7484.98	11.1435835322	 1
7489.86	11.1440431555	 1
7494.75	11.1472871002	 1
7499.63	11.1519470979	 1
7504.51	11.1510530429	 1
7509.4	11.1497195863	 1
7514.28	11.1482764951	 1
7519.17	11.1511508054	 1
7524.05	11.1534906589	 1
7528.93	11.1532262091	 1
7533.82	11.1602827691	 1
7538.7	11.1586131422	 1
7543.59	11.1627359152	 1
7548.47	11.1623749135	 1
7553.36	11.1623280893	 1
7558.24	11.1661136965	 1
7563.12	11.1690210779	 1
7568.01	11.1710703448	 1
7572.89	11.1751572613	 1
7577.78	11.1798807697	 1
7582.66	11.183091003	 1
7587.54	11.1865613903	 1
7592.43	11.1885396871	 1
7597.31	11.189877964	 1
7602.2	11.1865029761	 1
7607.08	11.1832210964	 1
7611.97	11.1787083982	 1
7616.85	11.1811718071	 1
7621.73	11.1790260627	 1
7626.62	11.1837740006	 1
7631.5	11.185684664	 1
7636.39	11.1931014574	 1
7641.27	11.1923947192	 1
7646.16	11.1905169399	 1
7651.04	11.190353395	 1
7655.92	11.1898599391	 1
7660.81	11.1911336346	 1
7665.69	11.1943867569	 1
7670.58	11.1937413628	 1
7675.46	11.1939639993	 1
7680.35	11.1942753721	 1
7685.23	11.1962573341	 1
7690.11	11.2020429411	 1
7695.0	11.20359155	 1
7699.88	11.206515476	 1
7704.77	11.2069697878	 1
7709.65	11.200713938	 1
7714.54	11.2032113131	 1
7719.42	11.200599028	 1
7724.31	11.2034318434	 1
7729.19	11.2088199553	 1
7734.07	11.2124101991	 1
7738.96	11.2136817952	 1
7743.84	11.2158240575	 1
7748.73	11.2176450508	 1
7753.61	11.217785361	 1
7758.5	11.2195665959	 1
7763.38	11.2180351631	 1
7768.26	11.2174456595	 1
7773.15	11.2140689165	 1
7778.03	11.2220697709	 1
7782.92	11.2264070652	 1
7787.8	11.2302335652	 1
7792.69	11.2275197226	 1
7797.57	11.2295780633	 1
7802.46	11.2330990677	 1
7807.34	11.2296839488	 1
7812.22	11.2302333622	 1
7817.11	11.2349934383	 1
7821.99	11.234645599	 1
7826.88	11.2331744203	 1
7831.76	11.2346957081	 1
7836.65	11.2346564769	 1
7841.53	11.2401208381	 1
7846.42	11.2444286323	 1
7851.3	11.2429240812	 1
7856.18	11.2427530212	 1
7861.07	11.2460110311	 1
7865.95	11.2451875717	 1
7870.84	11.2489567573	 1
7875.72	11.2496220957	 1
7880.61	11.2501913437	 1
7885.49	11.2517290869	 1
7890.37	11.2541023648	 1
7895.26	11.2499830496	 1
7900.14	11.2454433044	 1
7905.03	11.2493823594	 1
7909.91	11.2509202652	 1
7914.8	11.2575223827	 1
7919.68	11.2626853721	 1
7924.57	11.265453365	 1
7929.45	11.264699009	 1
7934.33	11.2620981362	 1
7939.22	11.2650427629	 1
7944.1	11.2665930546	 1
7948.99	11.2663481072	 1
7953.87	11.2666746681	 1
7958.76	11.2663935906	 1
7963.64	11.2663402912	 1
7968.52	11.271176539	 1
7973.41	11.2757998136	 1
7978.29	11.2770805807	 1
7983.18	11.2739002528	 1
7988.06	11.27201894	 1
7992.95	11.2788280365	 1
7997.83	11.280215127	 1
8002.72	11.285333762	 1
8007.6	11.2878122918	 1
8012.48	11.2843985442	 1
8017.37	11.2822385056	 1
8022.25	11.2847434742	 1
8027.14	11.2848454823	 1
8032.02	11.2822681055	 1
8036.91	11.2895063163	 1
8041.79	11.2929070071	 1
8046.67	11.298311748	 1
8051.56	11.2977396326	 1
8056.44	11.3018611705	 1
8061.33	11.3012734487	 1
8066.21	11.3015496129	 1
8071.1	11.2988580747	 1
8075.98	11.2957857003	 1
8080.86	11.3014873398	 1
8085.75	11.3074064885	 1
8090.63	11.3099707016	 1
8095.52	11.308091872	 1
8100.4	11.3107569984	 1
8105.29	11.3110444754	 1
8110.17	11.3096936669	 1
8115.05	11.3068770711	 1
8119.94	11.3118211435	 1
8124.82	11.3112868019	 1
8129.71	11.3134865285	 1
8134.59	11.3111237698	 1
8139.48	11.3169474182	 1
8144.36	11.3215702671	 1
8149.24	11.3240951951	 1
8154.13	11.3234202907	 1
8159.01	11.319679575	 1
8163.9	11.3197442122	 1
8168.78	11.3191861284	 1
8173.67	11.3218393385	 1
8178.55	11.3300117314	 1
8183.43	11.3316937679	 1
8188.32	11.3325608457	 1
8193.2	11.3318829881	 1
8198.09	11.3379824613	 1
8202.97	11.3395196404	 1
8207.85	11.3434693545	 1
8212.74	11.3447481336	 1
8217.62	11.3466644899	 1
8222.51	11.3500830715	 1
8227.39	11.3536194742	 1
8232.27	11.3648920591	 1
8237.16	11.3729034272	 1
8242.04	11.3704443933	 1
8246.93	11.3675307653	 1
8251.81	11.3665329156	 1
8256.69	11.3563014112	 1
8261.58	11.3549209508	 1
8266.46	11.362896251	 1
8271.35	11.3657787142	 1
8276.23	11.360952919	 1
8281.11	11.3611805265	 1
8286.0	11.3582475575	 1
8290.88	11.3590991946	 1
8295.77	11.3661882609	 1
8300.65	11.3734917129	 1
8305.53	11.3735303304	 1
8310.42	11.3596321684	 1
8315.3	11.3553272575	 1
8320.19	11.3626097645	 1
8325.07	11.3653620758	 1
8329.95	11.3663027059	 1
8334.84	11.3670020764	 1
8339.72	11.3719682034	 1
8344.61	11.3751689523	 1
8349.49	11.376562844	 1
8354.37	11.3813852333	 1
8359.26	11.3843689246	 1
8364.14	11.3750548657	 1
8369.02	11.3739615254	 1
8373.91	11.3740550932	 1
8378.79	11.3753452384	 1
8383.68	11.3808801357	 1
8388.56	11.3814425751	 1
8393.44	11.3798793164	 1
8398.33	11.3834558671	 1
8403.21	11.3901933436	 1
8408.09	11.3903518664	 1
8412.98	11.3862528013	 1
8417.86	11.3885150511	 1
8422.75	11.3866705154	 1
8427.63	11.3877485561	 1
8432.51	11.3895967665	 1
8437.4	11.391861112	 1
8442.28	11.3964002541	 1
8447.16	11.4007386153	 1
8452.05	11.4101290332	 1
8456.93	11.40819735	 1
8461.81	11.3943689966	 1
8466.7	11.3962383142	 1
8471.58	11.4014698914	 1
8476.46	11.4010519885	 1
8481.35	11.3980311329	 1
8486.23	11.3994619702	 1
8491.11	11.4049031406	 1
8496.0	11.4029716699	 1
8500.88	11.4059503904	 1
8505.76	11.4090519428	 1
8510.65	11.4130177639	 1
8515.53	11.4174119573	 1
8520.42	11.4215925132	 1
8525.3	11.4177525207	 1
8530.18	11.4196963483	 1
8535.06	11.4219461544	 1
8539.95	11.4247183162	 1
8544.83	11.4232348282	 1
8549.71	11.4182759333	 1
8554.6	11.4221311091	 1
8559.48	11.4230031715	 1
8564.36	11.4194388511	 1
8569.25	11.4217996678	 1
8574.13	11.4190460383	 1
8579.01	11.4185147198	 1
8583.9	11.4213491631	 1
8588.78	11.42783902	 1
8593.66	11.434578051	 1
8598.55	11.4365205624	 1
8603.43	11.4385866528	 1
8608.31	11.4374941055	 1
8613.2	11.439680933	 1
8618.08	11.4376158465	 1
8622.96	11.4359136348	 1
8627.84	11.4386420307	 1
8632.73	11.4392557213	 1
8637.61	11.4510820785	 1
8642.49	11.4500254334	 1
8647.38	11.4468739827	 1
8652.26	11.449810599	 1
8657.14	11.4447636322	 1
8662.03	11.4485519828	 1
8666.91	11.45322299	 1
8671.79	11.4528861034	 1
8676.67	11.4467892268	 1
8681.56	11.4521568199	 1
8686.44	11.4576830431	 1
8691.32	11.4557725347	 1
8696.2	11.4489847184	 1
8701.09	11.451550066	 1
8705.97	11.4490403544	 1
8710.85	11.4595959378	 1
8715.74	11.4599450074	 1
8720.62	11.4638257263	 1
8725.5	11.4653289567	 1
8730.38	11.4643782313	 1
8735.27	11.466416127	 1
8740.15	11.4662019836	 1
8745.03	11.4698787506	 1
8749.91	11.4673103899	 1
8754.8	11.4628297628	 1
8759.68	11.4625900685	 1
8764.56	11.467280315	 1
8769.44	11.4657758579	 1
8774.33	11.468030603	 1
8779.21	11.4763876801	 1
8784.09	11.4759893244	 1
8788.97	11.4814827058	 1
8793.85	11.47774895	 1
8798.74	11.479160602	 1
8803.62	11.4773238786	 1
8808.5	11.4803757771	 1
8813.38	11.4839916576	 1
8818.27	11.4871391957	 1
8823.15	11.4885941355	 1
8828.03	11.4912213719	 1
8832.91	11.4945711286	 1
8837.79	11.4897119951	 1
8842.68	11.48412922	 1
8847.56	11.4806706949	 1
8852.44	11.4869139861	 1
8857.32	11.4961833933	 1
8862.2	11.5012720971	 1
8867.09	11.4974252362	 1
8871.97	11.4996286364	 1
8876.85	11.4953477257	 1
8881.73	11.4993038971	 1
8886.61	11.4980172781	 1
8891.5	11.5015250546	 1
8896.38	11.5039840822	 1
8901.26	11.5092430234	 1
8906.14	11.5141584213	 1
8911.02	11.5086088453	 1
8915.91	11.5038344236	 1
8920.79	11.5004640925	 1
8925.67	11.5032329074	 1
8930.55	11.5091401631	 1
8935.43	11.5132008776	 1
8940.31	11.5157097313	 1
8945.19	11.5218220224	 1
8950.08	11.5157220035	 1
8954.96	11.5081071855	 1
8959.84	11.509492057	 1
8964.72	11.5114958783	 1
8969.6	11.5126695677	 1
8974.48	11.5193661499	 1
8979.37	11.5286451409	 1
8984.25	11.5312827924	 1
8989.13	11.5213042177	 1
8994.01	11.524056913	 1
8998.89	11.528637693	 1
9003.77	11.5378370214	 1
9008.65	11.5394287454	 1
9013.53	11.5391882638	 1
9018.42	11.532842006	 1
9023.3	11.533865088	 1
9028.18	11.5316581805	 1
9033.06	11.5359934884	 1
9037.94	11.5421083302	 1
9042.82	11.5469168983	 1
9047.7	11.5432747475	 1
9052.58	11.5449811399	 1
9057.46	11.5467297947	 1
9062.34	11.538952915	 1
9067.23	11.5345097483	 1
9072.11	11.5273630404	 1
9076.99	11.5301547764	 1
9081.87	11.5393571922	 1
9086.75	11.5433616912	 1
9091.63	11.5501361806	 1
9096.51	11.5507242619	 1
9101.39	11.5495940528	 1
9106.27	11.5492217273	 1
9111.15	11.549505502	 1
9116.03	11.5555728375	 1
9120.91	11.5581657861	 1
9125.79	11.564693914	 1
9130.67	11.566237322	 1
9135.55	11.5635660441	 1
9140.44	11.5577436821	 1
9145.32	11.5512133449	 1
9150.2	11.5513778651	 1
9155.08	11.5567538392	 1
9159.96	11.5647115388	 1
9164.84	11.569188746	 1
9169.72	11.5744818655	 1
9174.6	11.5782693699	 1
9179.48	11.5788391953	 1
9184.36	11.5758169836	 1
9189.24	11.5758127354	 1
9194.12	11.5712516365	 1
9199.0	11.5728969324	 1
9203.88	11.5734704478	 1
9208.76	11.5810228292	 1
9213.64	11.5910979752	 1
9218.52	11.6005508496	 1
9223.4	11.6046677171	 1
9228.28	11.5934542845	 1
9233.16	11.5913122821	 1
9238.04	11.5912694105	 1
9242.92	11.5978487456	 1
9247.8	11.5994885605	 1
9252.68	11.6022554247	 1
9257.56	11.5983144272	 1
9262.44	11.5955330717	 1
9267.32	11.6003538876	 1
9272.2	11.5975298801	 1
9277.08	11.5993024563	 1
9281.96	11.6005582643	 1
9286.83	11.5988942856	 1
9291.71	11.5928163168	 1
9296.59	11.5854618362	 1
9301.47	11.5871087431	 1
9306.35	11.60378543	 1
9311.23	11.6127148503	 1
9316.11	11.6161286413	 1
9320.99	11.6186772715	 1
9325.87	11.6246790265	 1
9330.75	11.6306896497	 1
9335.63	11.6321292246	 1
9340.51	11.6420658558	 1
9345.39	11.6490514932	 1
9350.27	11.6461302713	 1
9355.14	11.6415914136	 1
9360.02	11.6322992219	 1
9364.9	11.6277952863	 1
9369.78	11.6257639703	 1
9374.66	11.6226401661	 1
9379.54	11.6186245716	 1
9384.42	11.6269994235	 1
9389.3	11.6244964514	 1
9394.18	11.6211340761	 1
9399.05	11.6203219392	 1
9403.93	11.6230790897	 1
9408.81	11.6250227023	 1
9413.69	11.6307373457	 1
9418.57	11.6366556296	 1
9423.45	11.6326202706	 1
9428.33	11.6291891027	 1
9433.2	11.6314104537	 1
9438.08	11.6242858719	 1
9442.96	11.6256235812	 1
9447.84	11.6275648586	 1
9452.72	11.6352835568	 1
9457.6	11.6433183936	 1
9462.47	11.6487004998	 1
9467.35	11.645748859	 1
9472.23	11.6435320989	 1
9477.11	11.6396944027	 1
9481.99	11.6445516355	 1
9486.87	11.6471906646	 1
9491.74	11.6518996595	 1
9496.62	11.6529238803	 1
9501.5	11.6546549357	 1
9506.38	11.6538291517	 1
9511.25	11.650570478	 1
9516.13	11.6509422462	 1
9521.01	11.6505725414	 1
9525.89	11.6590894894	 1
9530.77	11.6736408163	 1
9535.64	11.6793628823	 1
9540.52	11.6737917816	 1
9545.4	11.674930352	 1
9550.28	11.6801682231	 1
9555.15	11.6772254916	 1
9560.03	11.6746248679	 1
9564.91	11.6733889226	 1
9569.79	11.6722813238	 1
9574.66	11.6687940634	 1
9579.54	11.6758351843	 1
9584.42	11.6710531583	 1
9589.29	11.6651811596	 1
9594.17	11.6698272237	 1
9599.05	11.6632695988	 1
9603.93	11.6639097516	 1
9608.8	11.6631069159	 1
9613.68	11.6703389719	 1
9618.56	11.676944456	 1
9623.43	11.671790973	 1
9628.31	11.66768074	 1
9633.19	11.6681700591	 1
9638.07	11.6701272068	 1
9642.94	11.6778181942	 1
9647.82	11.6811621603	 1
9652.7	11.6780582991	 1
9657.57	11.6735703631	 1
9662.45	11.6633055293	 1
9667.33	11.6681680638	 1
9672.2	11.6751581765	 1
9677.08	11.6793979696	 1
9681.95	11.692425028	 1
9686.83	11.6936871976	 1
9691.71	11.6845672681	 1
9696.58	11.674194099	 1
9701.46	11.6737149715	 1
9706.34	11.6854084028	 1
9711.21	11.6916614217	 1
9716.09	11.6995823037	 1
9720.96	11.7043175185	 1
9725.84	11.6990714165	 1
9730.72	11.6910603011	 1
9735.59	11.6877359075	 1
9740.47	11.6852178866	 1
9745.34	11.6872626877	 1
9750.22	11.6950788031	 1
9755.1	11.6906562365	 1
9759.97	11.6907884581	 1
9764.85	11.6861937909	 1
9769.72	11.6942677632	 1
9774.6	11.6928663416	 1
9779.47	11.6998753925	 1
9784.35	11.7032723736	 1
9789.23	11.7030145325	 1
9794.1	11.6937588652	 1
9798.98	11.680775481	 1
9803.85	11.6928730649	 1
9808.73	11.7012637373	 1
9813.6	11.7066387341	 1
9818.48	11.701775014	 1
9823.35	11.710137053	 1
9828.23	11.7079902913	 1
9833.1	11.7121266334	 1
9837.98	11.7098836576	 1
9842.85	11.7087624035	 1
9847.73	11.7006727589	 1
9852.6	11.7031698306	 1
9857.48	11.7132998542	 1
9862.35	11.7111015753	 1
9867.23	11.7131730072	 1
9872.1	11.7119604907	 1
9876.98	11.7144661327	 1
9881.85	11.714103453	 1
9886.73	11.7169558638	 1
9891.6	11.7118204261	 1
9896.47	11.721517275	 1
9901.35	11.7242186024	 1
9906.22	11.7288572857	 1
9911.1	11.7289423657	 1
9915.97	11.7269134442	 1
9920.85	11.7296024251	 1
9925.72	11.7303719806	 1
9930.59	11.7350741643	 1
9935.47	11.7238983979	 1
9940.34	11.7283365812	 1
9945.22	11.7312459111	 1
9950.09	11.7242256234	 1
9954.96	11.7286347387	 1
9959.84	11.7383521165	 1
9964.71	11.7308380543	 1
9969.58	11.7394703247	 1
9974.46	11.7414608155	 1
9979.33	11.7382824452	 1
9984.21	11.7407702809	 1
9989.08	11.7344898061	 1
9993.95	11.7410257171	 1
9998.83	11.7428892986	 1
10003.7	11.7461076572	 1
10008.6	11.7410663188	 1
10013.4	11.7450497651	 1
10018.3	11.7444362951	 1
10023.2	11.7588486526	 1
10028.1	11.7741014879	 1
10032.9	11.7760457094	 1
10037.8	11.7688220084	 1
10042.7	11.7704801199	 1
10047.6	11.7688049185	 1
10052.4	11.7795312585	 1
10057.3	11.7793552685	 1
10062.2	11.7858517226	 1
10067.0	11.7800690835	 1
10071.9	11.7806793183	 1
10076.8	11.7738000998	 1
10081.7	11.7672619614	 1
10086.5	11.7701045963	 1
10091.4	11.7752288113	 1
10096.3	11.7727176678	 1
10101.2	11.7705206234	 1
10106.0	11.7692293021	 1
10110.9	11.775419654	 1
10115.8	11.7869882595	 1
10120.6	11.795307449	 1
10125.5	11.8064349752	 1
10130.4	11.7986075986	 1
10135.3	11.782013284	 1
10140.1	11.7934240602	 1
10145.0	11.7836421978	 1
10149.9	11.7725108802	 1
10154.8	11.7838816421	 1
10159.6	11.7706468507	 1
10164.5	11.7589311406	 1
10169.4	11.7636765896	 1
10174.2	11.7616582697	 1
10179.1	11.7728608584	 1
10184.0	11.7606136076	 1
10188.9	11.7597783703	 1
10193.7	11.7660542817	 1
10198.6	11.7531686941	 1
10203.5	11.7393292721	 1
10208.3	11.7582150575	 1
10213.2	11.7613776158	 1
10218.1	11.7799434428	 1
10222.9	11.7782803826	 1
10227.8	11.7801911301	 1
10232.7	11.7792585284	 1
10237.6	11.7885318637	 1
10242.4	11.7901211881	 1
