1140.6	7.25410101258	 1
1141.6	7.20856373542	 1
1142.6	7.23554947276	 1
1143.6	7.27650985254	 1
1144.6	7.30580416595	 1
1145.6	7.27758629681	 1
1146.6	7.18407072768	 1
1147.6	7.23504027388	 1
1148.6	7.22288185069	 1
1149.65	7.29587998075	 1
1150.65	7.23094419697	 1
1151.65	7.26194672363	 1
1152.65	7.27104277162	 1
1153.65	7.27950524739	 1
1154.65	7.25407009251	 1
1155.65	7.26167237459	 1
1156.68	7.26603032383	 1
1157.7	7.29545567877	 1
1158.7	7.30862990915	 1
1159.7	7.27529897112	 1
1160.7	7.22535738831	 1
1161.7	7.18616908241	 1
1162.7	7.21432331219	 1
1163.7	7.18015922054	 1
1164.73	7.2144472972	 1
1165.75	7.253842425	 1
1166.75	7.25217488263	 1
1167.75	7.28792070517	 1
1168.75	7.37818185913	 1
1169.75	7.4034723475	 1
1170.75	7.32377730473	 1
1171.8	7.32583614373	 1
1172.8	7.33447104465	 1
1173.8	7.3319577604	 1
1174.8	7.43287867182	 1
1175.8	7.49979413521	 1
1176.8	7.43424308649	 1
1177.8	7.3351891894	 1
1178.83	7.34105389077	 1
1179.85	7.36341096783	 1
1180.85	7.31550955301	 1
1181.85	7.30527675647	 1
1182.85	7.37160823091	 1
1183.85	7.36754512063	 1
1184.88	7.40926877601	 1
1185.9	7.39357871633	 1
1186.9	7.38036712342	 1
1187.9	7.40039825114	 1
1188.9	7.38152117186	 1
1189.9	7.41282138326	 1
1190.9	7.4335508151	 1
1191.93	7.37444636639	 1
1192.95	7.45957880653	 1
1193.95	7.48924133825	 1
1194.95	7.46585278927	 1
1195.95	7.51403854218	 1
1196.95	7.4486369823	 1
1197.98	7.46358725857	 1
1199.0	7.52975863288	 1
1200.0	7.61540430657	 1
1201.0	7.62455850085	 1
1202.0	7.51829872744	 1
1203.0	7.45399938354	 1
1204.0	7.43314070189	 1
1205.05	7.42117937065	 1
1206.05	7.42205888753	 1
1207.05	7.44611648549	 1
1208.05	7.43172847813	 1
1209.05	7.45582399496	 1
1210.08	7.47598324791	 1
1211.1	7.44548686048	 1
1212.1	7.52880999365	 1
1213.1	7.68292890303	 1
1214.1	8.01043598916	 1
1215.1	8.59289901439	 1
1216.12	8.85989905335	 1
1217.15	8.18945722166	 1
1218.15	7.72148834272	 1
1219.15	7.51166791269	 1
1220.15	7.43339688124	 1
1221.15	7.42111194566	 1
1222.2	7.44463346504	 1
1223.2	7.40490748098	 1
1224.2	7.37792768008	 1
1225.2	7.39628215211	 1
1226.2	7.35444615784	 1
1227.2	7.36098742344	 1
1228.25	7.41629424651	 1
1229.25	7.42392018283	 1
1230.25	7.43051808249	 1
1231.25	7.42510740677	 1
1232.25	7.46686225554	 1
1233.28	7.56293637233	 1
1234.3	7.54143964145	 1
1235.3	7.45127186535	 1
1236.3	7.50234640615	 1
1237.3	7.62422238703	 1
1238.3	7.81506064692	 1
1239.33	7.80287520294	 1
1240.35	7.62579338818	 1
1241.35	7.66906370252	 1
1242.35	7.83501508505	 1
1243.35	7.79807330766	 1
1244.38	7.64025064928	 1
1245.4	7.57987742856	 1
1246.4	7.47961216863	 1
1247.4	7.50229312999	 1
1248.4	7.51903608562	 1
1249.4	7.51305916133	 1
1250.45	7.55878932398	 1
1251.45	7.51717034795	 1
1252.45	7.56718052425	 1
1253.45	7.61233352637	 1
1254.45	7.54173341413	 1
1255.48	7.45779450648	 1
1256.5	7.48388113614	 1
1257.5	7.4989763078	 1
1258.5	7.49061562685	 1
1259.5	7.51044260331	 1
1260.5	7.57808484084	 1
1261.55	7.54832752581	 1
1262.55	7.43414687205	 1
1263.55	7.42703367723	 1
1264.55	7.44391341295	 1
1265.55	7.4597732253	 1
1266.6	7.50328320528	 1
1267.6	7.53126348597	 1
1268.6	7.50149276183	 1
1269.6	7.49758641492	 1
1270.6	7.51215458897	 1
1271.62	7.49999990841	 1
1272.65	7.51658855364	 1
1273.65	7.49452646232	 1
1274.65	7.43428400872	 1
1275.65	7.39187784161	 1
1276.68	7.47670360537	 1
1277.7	7.41723543967	 1
1278.7	7.41451626019	 1
1279.7	7.46498265875	 1
1280.7	7.44372252438	 1
1281.7	7.4514178852	 1
1282.75	7.46120676367	 1
1283.75	7.48601142678	 1
1284.75	7.46982257349	 1
1285.75	7.41546829057	 1
1286.75	7.4468099854	 1
1287.8	7.48666203601	 1
1288.8	7.40355319752	 1
1289.8	7.37898328596	 1
1290.8	7.35372968294	 1
1291.8	7.33843177713	 1
1292.8	7.33864519494	 1
1293.85	7.31408851981	 1
1294.85	7.32272682668	 1
1295.85	7.40586069351	 1
1296.85	7.42704316121	 1
1297.85	7.38128995207	 1
1298.9	7.34915332658	 1
1299.9	7.36748062471	 1
1300.9	7.47449030977	 1
1301.9	7.47943607988	 1
1302.9	7.46841444157	 1
1303.93	7.4421405251	 1
1304.95	7.47988942045	 1
1305.95	7.52017124975	 1
1306.95	7.49098590469	 1
1307.95	7.43476548738	 1
1308.98	7.46766081776	 1
1310.0	7.52415308888	 1
1311.0	7.50590246242	 1
1312.0	7.50415717727	 1
1313.0	7.49684905451	 1
1314.0	7.48740879262	 1
1315.05	7.54104343879	 1
1316.05	7.5084692753	 1
1317.05	7.51133574564	 1
1318.05	7.58222695514	 1
1319.05	7.51526318852	 1
1320.1	7.48144718073	 1
1321.1	7.5005773897	 1
1322.1	7.44149950234	 1
1323.1	7.44497608663	 1
1324.1	7.47367419094	 1
1325.1	7.42327540576	 1
1326.15	7.35730692325	 1
1327.15	7.38304116823	 1
1328.15	7.38782461267	 1
1329.15	7.42893454693	 1
1330.15	7.46378014208	 1
1331.2	7.47772357563	 1
1332.2	7.4473317191	 1
1333.2	7.47733661189	 1
1334.2	7.51660401606	 1
1335.2	7.5208122771	 1
1336.23	7.50034837827	 1
1337.25	7.47461065025	 1
1338.25	7.46014500207	 1
1339.25	7.48538943917	 1
1340.25	7.47810357485	 1
1341.25	7.41738473795	 1
1342.3	7.39784887479	 1
1343.3	7.51446748888	 1
1344.3	7.48628405254	 1
1345.3	7.46334857153	 1
1346.3	7.48543123402	 1
1347.3	7.49283891036	 1
1348.35	7.48965457159	 1
1349.35	7.49723632526	 1
1350.35	7.54643045401	 1
1351.35	7.50479577307	 1
1352.35	7.4656501223	 1
1353.38	7.45188143823	 1
1354.4	7.4366083965	 1
1355.4	7.49175361495	 1
1356.4	7.51156865953	 1
1357.4	7.5432172288	 1
1358.4	7.52324159868	 1
1359.43	7.53972186636	 1
1360.45	7.50640404109	 1
1361.45	7.57862257343	 1
1362.45	7.61917772545	 1
1363.45	7.60894401308	 1
1364.45	7.52854694345	 1
1365.5	7.58099789663	 1
1366.5	7.47168284818	 1
1367.5	7.43017348993	 1
1368.5	7.42432082611	 1
1369.5	7.43486442211	 1
1370.5	7.51033972625	 1
1371.55	7.59958449148	 1
1372.55	7.53331651215	 1
1373.55	7.58936715461	 1
1374.55	7.62977808103	 1
1375.55	7.55505997724	 1
1376.55	7.54226401932	 1
1377.6	7.51099363027	 1
1378.6	7.55403895055	 1
1379.6	7.5352255607	 1
1380.6	7.44340763759	 1
1381.6	7.41305496198	 1
1382.6	7.42603850487	 1
1383.62	7.44230285552	 1
1384.65	7.51607127972	 1
1385.65	7.53952937815	 1
1386.65	7.57593381011	 1
1387.65	7.64923548672	 1
1388.65	7.60980086276	 1
1389.65	7.48031929161	 1
1390.7	7.44035439787	 1
1391.7	7.43479913781	 1
1392.7	7.49428038476	 1
1393.7	7.57184380911	 1
1394.7	7.58747739945	 1
1395.7	7.48713741407	 1
1396.73	7.51619395671	 1
1397.75	7.55431266445	 1
1398.75	7.46176164919	 1
1399.75	7.44188256605	 1
1400.75	7.50797320779	 1
1401.75	7.51677498267	 1
1402.75	7.59227898536	 1
1403.78	7.50066388153	 1
1404.8	7.47747464875	 1
1405.8	7.47374672499	 1
1406.8	7.60031253245	 1
1407.8	7.62616251202	 1
1408.8	7.65432237077	 1
1409.8	7.67991601013	 1
1410.8	7.51193497188	 1
1411.85	7.49523408745	 1
1412.85	7.38864172523	 1
1413.85	7.42550196871	 1
1414.85	7.51825913248	 1
1415.85	7.5251666921	 1
1416.85	7.52819129262	 1
1417.85	7.51673830795	 1
1418.9	7.55598709873	 1
1419.9	7.63488612234	 1
1420.9	7.62933266505	 1
1421.9	7.51498572008	 1
1422.9	7.50605896144	 1
1423.9	7.46418817945	 1
1424.9	7.48885294047	 1
1425.9	7.5347490539	 1
1426.93	7.54232634541	 1
1427.95	7.56725825467	 1
1428.95	7.53468275815	 1
1429.95	7.6332156269	 1
1430.95	7.62476094057	 1
1431.95	7.5382176075	 1
1432.95	7.51662548369	 1
1433.95	7.48453643562	 1
1434.97	7.49331821253	 1
1436.0	7.48573053214	 1
1437.0	7.4981061095	 1
1438.0	7.57382675575	 1
1439.0	7.58994168902	 1
1440.0	7.60212796183	 1
1441.0	7.64311985007	 1
1442.0	7.55446534757	 1
1443.0	7.56886062856	 1
1444.0	7.52080452803	 1
1445.05	7.55864289736	 1
1446.05	7.6244106049	 1
1447.05	7.61372270525	 1
1448.05	7.57344357041	 1
1449.05	7.64239119684	 1
1450.05	7.62431386111	 1
1451.05	7.58670544764	 1
1452.05	7.62911367021	 1
1453.05	7.67533055461	 1
1454.05	7.62344151279	 1
1455.1	7.63246842777	 1
1456.1	7.6387680645	 1
1457.1	7.56241773696	 1
1458.1	7.55518687735	 1
1459.1	7.58146929868	 1
1460.1	7.63966750076	 1
1461.1	7.60782434531	 1
1462.1	7.54780972406	 1
1463.1	7.54584862752	 1
1464.1	7.5416417613	 1
1465.1	7.60764668204	 1
1466.1	7.58498640837	 1
1467.15	7.5909532538	 1
1468.15	7.58154914781	 1
1469.15	7.5792463672	 1
1470.15	7.51390961562	 1
1471.15	7.523425613	 1
1472.15	7.60225732002	 1
1473.15	7.58475632937	 1
1474.15	7.49859286627	 1
1475.15	7.54679561544	 1
1476.15	7.59809692724	 1
1477.15	7.58320837107	 1
1478.15	7.57238175526	 1
1479.15	7.58183295476	 1
1480.15	7.56444720068	 1
1481.18	7.54189402023	 1
1482.2	7.55742630215	 1
1483.2	7.61519719737	 1
1484.2	7.59809079066	 1
1485.2	7.6219304469	 1
1486.2	7.60216861602	 1
1487.2	7.59586402703	 1
1488.2	7.5481114122	 1
1489.2	7.56983896006	 1
1490.2	7.64063406689	 1
1491.2	7.61137886076	 1
1492.2	7.57400338255	 1
1493.2	7.55733252885	 1
1494.2	7.54404574435	 1
1495.2	7.56001434421	 1
1496.2	7.57762855405	 1
1497.2	7.56776165799	 1
1498.2	7.63008938074	 1
1499.2	7.66750632908	 1
1500.2	7.61458942589	 1
1501.2	7.57219272857	 1
1502.2	7.63933200606	 1
1503.2	7.61580521225	 1
1504.2	7.62120362253	 1
1505.2	7.54816412143	 1
1506.2	7.49827103968	 1
1507.25	7.51305632916	 1
1508.25	7.50775426636	 1
1509.25	7.47040270541	 1
1510.25	7.48770232748	 1
1511.25	7.5305124376	 1
1512.25	7.53536455947	 1
1513.25	7.51926491817	 1
1514.25	7.51451529805	 1
1515.25	7.51114468959	 1
1516.25	7.5345096096	 1
1517.25	7.53621220861	 1
1518.25	7.51015426862	 1
1519.25	7.56819427951	 1
1520.25	7.57652280736	 1
1521.25	7.52021169239	 1
1522.25	7.47798966834	 1
1523.25	7.48630839472	 1
1524.25	7.55711261285	 1
1525.25	7.58857048526	 1
1526.25	7.58514636528	 1
1527.25	7.64529092079	 1
1528.25	7.60273809985	 1
1529.25	7.54893013285	 1
1530.25	7.59329280719	 1
1531.25	7.56839581197	 1
1532.25	7.63498477666	 1
1533.23	7.68553885029	 1
1534.2	7.62355229186	 1
1535.2	7.56361079187	 1
1536.2	7.51508732205	 1
1537.2	7.52637575472	 1
1538.2	7.55286215291	 1
1539.2	7.57086043398	 1
1540.2	7.51559278597	 1
1541.2	7.51234745025	 1
1542.2	7.55717266946	 1
1543.2	7.6487524631	 1
1544.2	7.63334542084	 1
1545.2	7.59300814625	 1
1546.2	7.55889950566	 1
1547.2	7.58436045564	 1
1548.2	7.67755402867	 1
1549.2	7.6275761267	 1
1550.2	7.61171283741	 1
1551.2	7.66715820469	 1
1552.2	7.5969074657	 1
1553.2	7.60311093207	 1
1554.2	7.5808379928	 1
1555.2	7.5823867445	 1
1556.18	7.56063534403	 1
1557.15	7.58237408421	 1
1558.15	7.61799857015	 1
1559.15	7.58620115058	 1
1560.15	7.59968513089	 1
1561.15	7.6013298809	 1
1562.15	7.58015288983	 1
1563.15	7.6180190968	 1
1564.15	7.63367135853	 1
1565.15	7.61546521823	 1
1566.15	7.61745112299	 1
1567.15	7.64617883945	 1
1568.15	7.60460070078	 1
1569.12	7.62989000034	 1
1570.1	7.61694538353	 1
1571.1	7.60705753509	 1
1572.1	7.58702467135	 1
1573.1	7.5553822864	 1
1574.1	7.54081313131	 1
1575.1	7.59455009747	 1
1576.1	7.62983446352	 1
1577.1	7.58465765514	 1
1578.1	7.58561827582	 1
1579.07	7.59745006486	 1
1580.05	7.59286949135	 1
1581.05	7.56268625976	 1
1582.43	7.59568209154	 1
1583.88	7.64364757701	 1
1585.35	7.60604956351	 1
1586.83	7.5638493791	 1
1588.28	7.57103523108	 1
1589.75	7.58647856848	 1
1591.23	7.62628316167	 1
1592.68	7.61505392758	 1
1594.15	7.59076101193	 1
1595.63	7.60075072971	 1
1597.08	7.61764569773	 1
1598.58	7.62544684701	 1
1600.05	7.59823589236	 1
1601.53	7.63778037656	 1
1602.98	7.62875881778	 1
1604.45	7.64253844023	 1
1605.93	7.67119335806	 1
1607.38	7.66807847454	 1
1608.85	7.70077207417	 1
1610.33	7.71766932936	 1
1611.78	7.67495662976	 1
1613.25	7.68972549231	 1
1614.73	7.70608288151	 1
1616.18	7.68151459026	 1
1617.65	7.67780613516	 1
1619.13	7.67852137623	 1
1620.58	7.67728010685	 1
1622.05	7.65561113338	 1
1623.53	7.65494513274	 1
1625.03	7.67883497519	 1
1626.48	7.6910994979	 1
1627.95	7.67585251554	 1
1629.43	7.68433202749	 1
1630.88	7.70660398741	 1
1632.35	7.67097340391	 1
1633.83	7.6527925261	 1
1635.28	7.65933750183	 1
1636.75	7.70458691265	 1
1638.23	7.80643006615	 1
1639.7	7.93790491412	 1
1641.18	7.90054711983	 1
1642.65	7.77961838573	 1
1644.13	7.70231059853	 1
1645.58	7.65219572549	 1
1647.05	7.62428873715	 1
1648.53	7.62022408945	 1
1649.98	7.61972302299	 1
1651.45	7.64309805817	 1
1652.93	7.66548186054	 1
1654.43	7.64662124978	 1
1655.88	7.67479866545	 1
1657.35	7.68684701791	 1
1658.83	7.66954428242	 1
1660.28	7.6510780887	 1
1661.75	7.6459841347	 1
1663.23	7.64365121436	 1
1664.7	7.6309559208	 1
1666.18	7.61416640625	 1
1667.65	7.6267872191	 1
1669.13	7.64583641319	 1
1670.58	7.69159279881	 1
1672.05	7.69957789445	 1
1673.53	7.66086718697	 1
1675.0	7.6176178588	 1
1676.48	7.61851484263	 1
1677.95	7.57665693392	 1
1679.43	7.57712137926	 1
1680.88	7.61197984131	 1
1682.35	7.59836789643	 1
1683.83	7.58500726897	 1
1685.33	7.6026695225	 1
1686.78	7.65171012688	 1
1688.25	7.64283232716	 1
1689.73	7.62652437719	 1
1691.18	7.61136091185	 1
1692.65	7.60214213786	 1
1694.15	7.63518553027	 1
1695.63	7.65479271784	 1
1697.08	7.66748008831	 1
1698.55	7.69993866485	 1
1700.03	7.69918545957	 1
1701.5	7.67993273359	 1
1702.98	7.65716726925	 1
1704.45	7.65695547476	 1
1705.93	7.64819270784	 1
1707.38	7.65500750132	 1
1708.85	7.64317969744	 1
1710.33	7.65291253472	 1
1711.83	7.66228917749	 1
1713.28	7.66003688739	 1
1714.75	7.66921257599	 1
1716.23	7.73638345715	 1
1717.7	7.89353374212	 1
1719.18	7.86289828823	 1
1720.65	7.76072919463	 1
1722.13	7.7431979914	 1
1723.58	7.73144870142	 1
1725.05	7.71565503657	 1
1726.55	7.69384633742	 1
1728.03	7.68438931822	 1
1729.48	7.7182386956	 1
1730.95	7.71201011272	 1
1732.43	7.67130956854	 1
1733.93	7.6457646568	 1
1735.38	7.6444431866	 1
1736.85	7.65034393715	 1
1738.33	7.65943489012	 1
1739.8	7.66471832551	 1
1741.28	7.66977275426	 1
1742.75	7.65208366302	 1
1744.23	7.63134190421	 1
1745.68	7.64675860965	 1
1747.15	7.68749526055	 1
1748.65	7.67557819405	 1
1750.13	7.68400082377	 1
1751.58	7.71627528387	 1
1753.05	7.66292184418	 1
1754.55	7.6573657271	 1
1756.03	7.65955408526	 1
1757.48	7.65858452812	 1
1758.95	7.66290401104	 1
1760.43	7.67581463401	 1
1761.93	7.67496449427	 1
1763.38	7.66566058025	 1
1764.85	7.68130633076	 1
1766.33	7.68442470906	 1
1767.8	7.6775072526	 1
1769.28	7.65842173468	 1
1770.75	7.66123147157	 1
1772.23	7.64902833713	 1
1773.68	7.65338572754	 1
1775.18	7.65682145618	 1
1776.65	7.66598873032	 1
1778.13	7.65446870367	 1
1779.58	7.66389265903	 1
1781.08	7.66521747953	 1
1782.55	7.67376564173	 1
1784.03	7.67338058074	 1
1785.27	7.68057480188	 1
1786.64	7.6705001483	 1
1788.01	7.66827740981	 1
1789.39	7.67448182747	 1
1790.76	7.68723273819	 1
1792.13	7.69541580282	 1
1793.5	7.69149748733	 1
1794.88	7.69101362595	 1
1796.25	7.69534646029	 1
1797.62	7.69708431982	 1
1798.99	7.6996092181	 1
1800.36	7.69768482641	 1
1801.74	7.70975134941	 1
1803.11	7.71994147838	 1
1804.48	7.72789863126	 1
1805.85	7.72673118427	 1
1807.23	7.72531277333	 1
1808.6	7.73146765963	 1
1809.97	7.7233860603	 1
1811.34	7.72074065713	 1
1812.72	7.71277308249	 1
1814.09	7.70556855014	 1
1815.46	7.69658091126	 1
1816.83	7.69932219845	 1
1818.21	7.70947871982	 1
1819.58	7.7060861079	 1
1820.95	7.7002702716	 1
1822.32	7.70661586576	 1
1823.7	7.70621404647	 1
1825.07	7.71712235745	 1
1826.44	7.72114433467	 1
1827.81	7.71337823038	 1
1829.19	7.70305942234	 1
1830.56	7.68895978373	 1
1831.93	7.67961122366	 1
1833.3	7.6837658482	 1
1834.68	7.69093689068	 1
1836.05	7.69988824331	 1
1837.42	7.71565570159	 1
1838.79	7.72505248987	 1
1840.17	7.72724498122	 1
1841.54	7.7290464734	 1
1842.91	7.73090183452	 1
1844.28	7.74553160218	 1
1845.66	7.75634818161	 1
1847.03	7.73349030618	 1
1848.4	7.72783998759	 1
1849.78	7.73808824663	 1
1851.15	7.74274164155	 1
1852.52	7.74558667056	 1
1853.89	7.74299534903	 1
1855.27	7.73190788173	 1
1856.64	7.73136748775	 1
1858.01	7.73189391037	 1
1859.39	7.73382364584	 1
1860.76	7.74728866123	 1
1862.13	7.74002760332	 1
1863.5	7.72284888175	 1
1864.88	7.7069702021	 1
1866.25	7.70537555526	 1
1867.62	7.72030819154	 1
1869.0	7.72716992054	 1
1870.37	7.72065383437	 1
1871.74	7.73291042661	 1
1873.11	7.74062264961	 1
1874.49	7.74304661571	 1
1875.86	7.7285687777	 1
1877.23	7.714756961	 1
1878.61	7.71629084677	 1
1879.98	7.72056251434	 1
1881.35	7.7271697133	 1
1882.72	7.75646846299	 1
1884.1	7.77789580207	 1
1885.47	7.75558349837	 1
1886.84	7.73718728987	 1
1888.22	7.72117007502	 1
1889.59	7.72199406827	 1
1890.96	7.72002735086	 1
1892.34	7.71687297037	 1
1893.71	7.72133309579	 1
1895.08	7.72323075453	 1
1896.45	7.7347105844	 1
1897.83	7.73179682111	 1
1899.2	7.73718572014	 1
1900.57	7.72742022371	 1
1901.95	7.73038190421	 1
1903.32	7.73261437676	 1
1904.69	7.74482865908	 1
1906.07	7.75688851535	 1
1907.44	7.76227859829	 1
1908.81	7.74754723644	 1
1910.19	7.73906584346	 1
1911.56	7.73542584334	 1
1912.93	7.74409777017	 1
1914.31	7.74339991635	 1
1915.68	7.74440907315	 1
1917.05	7.75515887581	 1
1918.43	7.7815232649	 1
1919.8	7.78803808855	 1
1921.17	7.76322153131	 1
1922.55	7.7494476931	 1
1923.92	7.75273297346	 1
1925.29	7.75342472349	 1
1926.67	7.75284917239	 1
1928.04	7.76498239795	 1
1929.41	7.77070054311	 1
1930.79	7.75495698731	 1
1932.16	7.75285295733	 1
1933.53	7.74845235717	 1
1934.91	7.74957667864	 1
1936.28	7.7517090289	 1
1937.65	7.75754918151	 1
1939.03	7.75576601319	 1
1940.4	7.74983001438	 1
1941.77	7.74476011452	 1
1943.15	7.76514453813	 1
1944.52	7.78202752742	 1
1945.89	7.78466005185	 1
1947.27	7.77588430514	 1
1948.64	7.76610420781	 1
1950.01	7.76792022618	 1
1951.39	7.76900683038	 1
1952.76	7.7689913951	 1
1954.13	7.78059820669	 1
1955.51	7.77793220782	 1
1956.88	7.77700245143	 1
1958.25	7.77789938732	 1
1959.63	7.77321431393	 1
1961.0	7.77475335137	 1
1962.37	7.7746695033	 1
1963.75	7.77220413773	 1
1965.12	7.78146107956	 1
1966.49	7.78324512588	 1
1967.87	7.78072154853	 1
1969.24	7.77452139461	 1
1970.62	7.77584108059	 1
1971.99	7.78405699106	 1
1973.36	7.77722446547	 1
1974.74	7.78987884695	 1
1976.11	7.7863948059	 1
1977.48	7.78549814201	 1
1978.86	7.786521364	 1
1980.23	7.78970414759	 1
1981.6	7.79244701648	 1
1982.98	7.79839073395	 1
1984.35	7.7983366098	 1
1985.73	7.79280479717	 1
1987.1	7.79068968552	 1
1988.47	7.79729967899	 1
1989.85	7.79984329455	 1
1991.22	7.80121371017	 1
1992.59	7.80306350775	 1
1993.97	7.79696575069	 1
1995.34	7.79240482778	 1
1996.72	7.7935563007	 1
1998.09	7.79050567236	 1
1999.46	7.78776992669	 1
2000.84	7.78429963818	 1
2002.21	7.79145468799	 1
2003.58	7.79190487835	 1
2004.96	7.79439622933	 1
2006.33	7.80151257948	 1
2007.71	7.80453113722	 1
2009.08	7.80182724997	 1
2010.45	7.80465898678	 1
2011.83	7.80236916444	 1
2013.2	7.80297167727	 1
2014.57	7.8018683594	 1
2015.95	7.7936710737	 1
2017.32	7.79719806028	 1
2018.7	7.79800905039	 1
2020.07	7.79541399377	 1
2021.44	7.79538443869	 1
2022.82	7.80001482895	 1
2024.19	7.80962340985	 1
2025.57	7.81162552313	 1
2026.94	7.82199228672	 1
2028.31	7.81755424028	 1
2029.69	7.81432066189	 1
2031.06	7.81400795497	 1
2032.43	7.81166553175	 1
2033.81	7.81640921019	 1
2035.18	7.83392856519	 1
2036.56	7.83577479496	 1
2037.93	7.8281923108	 1
2039.3	7.82942479755	 1
2040.68	7.8247041363	 1
2042.05	7.82285502784	 1
2043.43	7.82368484913	 1
2044.8	7.82279042207	 1
2046.17	7.83233250112	 1
2047.55	7.83262694831	 1
2048.92	7.83566867821	 1
2050.3	7.82999635847	 1
2051.67	7.83264214009	 1
2053.04	7.83793954717	 1
2054.42	7.83917948239	 1
2055.79	7.841937402	 1
2057.17	7.83898052078	 1
2058.54	7.83920777391	 1
2059.91	7.83280959575	 1
2061.29	7.84640069509	 1
2062.66	7.86869823197	 1
2064.04	7.88853672466	 1
2065.41	7.88904122341	 1
2066.78	7.88008253813	 1
2068.16	7.87368944998	 1
2069.53	7.85981149827	 1
2070.91	7.85456481363	 1
2072.28	7.85093840445	 1
2073.66	7.84795629929	 1
2075.03	7.84363227912	 1
2076.4	7.84196350917	 1
2077.78	7.84962729734	 1
2079.15	7.87634851384	 1
2080.53	7.88200005869	 1
2081.9	7.87159075175	 1
2083.27	7.86627575272	 1
2084.65	7.85999912771	 1
2086.02	7.86189680883	 1
2087.4	7.86367379977	 1
2088.77	7.86230980396	 1
2090.14	7.85803608558	 1
2091.52	7.86505315737	 1
2092.89	7.86332614146	 1
2094.27	7.86104094408	 1
2095.64	7.86359091808	 1
2097.02	7.86497979738	 1
2098.39	7.87348384219	 1
2099.76	7.87920982208	 1
2101.14	7.88968896878	 1
2102.51	7.89073362848	 1
2103.89	7.89697698471	 1
2105.26	7.88732708381	 1
2106.64	7.88609351492	 1
2108.01	7.8859451038	 1
2109.38	7.87942703861	 1
2110.76	7.86948536193	 1
2112.13	7.87515208603	 1
2113.51	7.88484696325	 1
2114.88	7.89453971491	 1
2116.25	7.89114762175	 1
2117.63	7.88704729549	 1
2119.0	7.88826369329	 1
2120.38	7.88966957718	 1
2121.75	7.89425082419	 1
2123.13	7.89148487615	 1
2124.5	7.90057379481	 1
2125.87	7.89618509282	 1
2127.25	7.8853436922	 1
2128.62	7.88981504365	 1
2130.0	7.89145162861	 1
2131.37	7.90159583926	 1
2132.75	7.91976797433	 1
2134.12	7.92171571742	 1
2135.49	7.91878351058	 1
2136.87	7.90633968182	 1
2138.24	7.89310127704	 1
2139.62	7.88862814998	 1
2140.99	7.88280874431	 1
2142.37	7.88668787203	 1
2143.74	7.90301538307	 1
2145.12	7.91861536898	 1
2146.49	7.95385573376	 1
2147.86	7.96517068603	 1
2149.24	7.96681516413	 1
2150.61	7.94871558367	 1
2151.99	7.91687784129	 1
2153.36	7.89389047752	 1
2154.74	7.87981826939	 1
2156.11	7.8794891847	 1
2157.48	7.88404142045	 1
2158.86	7.90178738103	 1
2160.23	7.92304217311	 1
2161.61	7.94042863998	 1
2162.98	7.96114736477	 1
2164.36	7.98501320557	 1
2165.73	7.98130594572	 1
2167.11	7.95886081847	 1
2168.48	7.93039835521	 1
2169.85	7.90368478694	 1
2171.23	7.8933563268	 1
2172.6	7.8809044848	 1
2173.98	7.87259821875	 1
2175.35	7.86791540722	 1
2176.73	7.87031801045	 1
2178.1	7.88400146802	 1
2179.48	7.89087446533	 1
2180.85	7.91172455269	 1
2182.22	7.93580158679	 1
2183.6	7.96923126524	 1
2184.97	8.00837513294	 1
2186.35	8.04466435104	 1
2187.72	8.04306806154	 1
2189.1	8.00283137831	 1
2190.47	7.96629786496	 1
2191.85	7.93406859058	 1
2193.22	7.90960334302	 1
2194.59	7.89497387225	 1
2195.97	7.87838221858	 1
2197.34	7.87396730717	 1
2198.72	7.86894259262	 1
2200.09	7.86387344899	 1
2201.47	7.86914291682	 1
2202.84	7.87412244935	 1
2204.22	7.88188036423	 1
2205.59	7.8982997668	 1
2206.97	7.91892633593	 1
2208.34	7.93224529434	 1
2209.71	7.95601401179	 1
2211.09	7.99772474819	 1
2212.46	8.05309748041	 1
2213.84	8.10355202188	 1
2215.21	8.11635441841	 1
2216.59	8.071032301	 1
2217.96	8.0123931648	 1
2219.34	7.97935859235	 1
2220.71	7.94397260881	 1
2222.08	7.90969444421	 1
2223.46	7.89798783939	 1
2224.83	7.89373917572	 1
2226.21	7.89473516334	 1
2227.58	7.89717202323	 1
2228.96	7.90348409481	 1
2230.33	7.89935274954	 1
2231.71	7.8912261639	 1
2233.08	7.88329374248	 1
2234.46	7.88393505093	 1
2235.83	7.88985799208	 1
2237.21	7.88709196736	 1
2238.58	7.88918856887	 1
2239.95	7.88972028528	 1
2241.33	7.89664931357	 1
2242.7	7.90780478553	 1
2244.08	7.92286918593	 1
2245.45	7.94642864706	 1
2246.83	7.97476255127	 1
2248.2	8.01748813583	 1
2249.58	8.06562902067	 1
2250.95	8.12769565794	 1
2252.33	8.17903196219	 1
2253.7	8.16316036968	 1
2255.07	8.10047623008	 1
2256.45	8.03856353113	 1
2257.82	7.99162753244	 1
2259.2	7.9565469847	 1
2260.57	7.94129836118	 1
2261.95	7.93007576627	 1
2263.32	7.91745189512	 1
2264.7	7.90857935189	 1
2266.07	7.9097268656	 1
2267.45	7.90922635731	 1
2268.82	7.8993570991	 1
2270.19	7.89723124314	 1
2271.57	7.90200213013	 1
2272.94	7.90517108685	 1
2274.32	7.90669886406	 1
2275.69	7.90351815355	 1
2277.07	7.90986421244	 1
2278.44	7.91794671053	 1
2279.82	7.91298797354	 1
2281.19	7.90654209537	 1
2282.57	7.90613440075	 1
2283.94	7.91484252275	 1
2285.32	7.92525128554	 1
2286.69	7.93618762887	 1
2288.06	7.9333303246	 1
2289.44	7.93062189221	 1
2290.81	7.92382153911	 1
2292.19	7.9273162594	 1
2293.56	7.93435716814	 1
2294.94	7.94295285122	 1
2296.31	7.96077110944	 1
2297.69	7.9748408965	 1
2299.06	7.98988605516	 1
2300.44	8.00803206332	 1
2301.81	8.04348640708	 1
2303.19	8.09933508157	 1
2304.56	8.18172442922	 1
2305.93	8.24922363587	 1
2307.31	8.22409336026	 1
2308.68	8.15187355195	 1
2310.06	8.08764573458	 1
2311.43	8.03164565439	 1
2312.81	8.00009904427	 1
2314.18	7.98245696746	 1
2315.56	7.97916630833	 1
2316.93	7.98312966587	 1
2318.31	7.99494128378	 1
2319.68	7.97738550916	 1
2321.06	7.96647911395	 1
2322.43	7.96058638502	 1
2323.8	7.95054883786	 1
2325.18	7.94089626771	 1
2326.55	7.93775841743	 1
2327.93	7.94433171866	 1
2329.3	7.94704690095	 1
2330.68	7.9451079092	 1
2332.05	7.94114288829	 1
2333.43	7.95188805183	 1
2334.8	7.95696841725	 1
2336.18	7.94530568106	 1
2337.55	7.94002275945	 1
2338.93	7.9452134276	 1
2340.3	7.94673932873	 1
2341.67	7.95806364359	 1
2343.05	7.98438605235	 1
2344.42	7.98989163173	 1
2345.8	7.96596865576	 1
2347.17	7.95739567449	 1
2348.55	7.95586832206	 1
2349.92	7.96680187181	 1
2351.3	7.9698508304	 1
2352.67	7.96595573869	 1
2354.05	7.96003146932	 1
2355.42	7.9618947041	 1
2356.8	7.96562722706	 1
2358.17	7.97324315998	 1
2359.54	7.97215343098	 1
2360.92	7.97251383702	 1
2362.29	7.97607275397	 1
2363.67	7.984506468	 1
2365.04	7.99180907322	 1
2366.42	8.00262437734	 1
2367.79	8.00252108395	 1
2369.17	7.99620736772	 1
2370.54	7.99663227896	 1
2371.92	7.99953609117	 1
2373.29	8.01565581282	 1
2374.67	8.02902594833	 1
2376.04	8.02813959954	 1
2377.41	8.03977841854	 1
2378.79	8.06752307295	 1
2380.16	8.10146494115	 1
2381.54	8.17326293172	 1
2382.91	8.26009107813	 1
2384.29	8.31600711797	 1
2385.66	8.33764760754	 1
2387.04	8.28530180349	 1
2388.41	8.19911465424	 1
2389.79	8.14617152308	 1
2391.16	8.10033263401	 1
2392.53	8.08286372575	 1
2393.91	8.06495233301	 1
2395.28	8.05824510091	 1
2396.66	8.05977134702	 1
2398.03	8.05996956694	 1
2399.41	8.05939255676	 1
2400.78	8.05020872699	 1
2402.16	8.04943782684	 1
2403.53	8.04715077112	 1
2404.91	8.032359128	 1
2406.28	8.03187579169	 1
2407.66	8.03364936677	 1
2409.03	8.03790672826	 1
2410.4	8.03914343243	 1
2411.78	8.04553991516	 1
2413.15	8.06257111002	 1
2414.53	8.05637085418	 1
2415.9	8.04442404874	 1
2417.28	8.03381097856	 1
2418.65	8.03134333294	 1
2420.03	8.03975492017	 1
2421.4	8.04603775453	 1
2422.78	8.05441018156	 1
2424.15	8.05552510837	 1
2425.52	8.0478685735	 1
2426.9	8.04488650396	 1
2428.27	8.04424304843	 1
2429.65	8.04670265296	 1
2431.02	8.06067491517	 1
2432.4	8.0590477514	 1
2433.77	8.05005606859	 1
2435.15	8.04227954408	 1
2436.52	8.03746033776	 1
2437.89	8.03429985677	 1
2439.27	8.03705145228	 1
2440.64	8.0398272864	 1
2442.02	8.04516018716	 1
2443.39	8.04070613304	 1
2444.77	8.04045969647	 1
2446.14	8.0526548137	 1
2447.52	8.05162858509	 1
2448.89	8.05061195026	 1
2450.27	8.04760336408	 1
2451.64	8.0473810347	 1
2453.01	8.05054109924	 1
2454.39	8.04663420783	 1
2455.76	8.04990219805	 1
2457.14	8.05508547538	 1
2458.51	8.0584000441	 1
2459.89	8.05758463709	 1
2461.26	8.05174859418	 1
2462.64	8.04772459932	 1
2464.01	8.04761872843	 1
2465.38	8.05455967971	 1
2466.76	8.0626737911	 1
2468.13	8.07406749678	 1
2469.51	8.08102378367	 1
2470.88	8.07484803565	 1
2472.26	8.06488749538	 1
2473.63	8.0594899053	 1
2475.01	8.05705418241	 1
2476.38	8.06116926679	 1
2477.75	8.0764926943	 1
2479.13	8.06822998665	 1
2480.5	8.06331452981	 1
2481.88	8.06344714157	 1
2483.25	8.06348753554	 1
2484.63	8.06455579286	 1
2486.0	8.06646830394	 1
2487.37	8.06703798165	 1
2488.75	8.06833167655	 1
2490.12	8.06838786817	 1
2491.5	8.06530852015	 1
2492.87	8.07531617201	 1
2494.25	8.08298970076	 1
2495.62	8.07946581923	 1
2497.0	8.080384732	 1
2498.37	8.08121087175	 1
2499.74	8.08951970663	 1
2501.12	8.09207980851	 1
2502.49	8.10768297721	 1
2503.87	8.12619758227	 1
2505.24	8.14867308735	 1
2506.62	8.19049050077	 1
2507.99	8.24594178181	 1
2509.36	8.32507671676	 1
2510.74	8.40885175296	 1
2512.11	8.42520883308	 1
2513.49	8.33842561555	 1
2514.86	8.25984903445	 1
2516.24	8.21069903014	 1
2517.61	8.18348968362	 1
2518.98	8.14922655174	 1
2520.36	8.1234183957	 1
2521.73	8.10491636248	 1
2523.11	8.10013805421	 1
2524.48	8.09774680921	 1
2525.86	8.08989356615	 1
2527.23	8.09074357981	 1
2528.6	8.0907850601	 1
2529.98	8.09487340093	 1
2531.35	8.09807667495	 1
2532.73	8.08591325817	 1
2534.1	8.08489255605	 1
2535.48	8.08261390617	 1
2536.85	8.08581135502	 1
2538.22	8.0898781082	 1
2539.6	8.08681986632	 1
2540.97	8.08591369723	 1
2542.35	8.08614872706	 1
2543.72	8.0910202957	 1
2545.09	8.0921656962	 1
2546.47	8.09711041028	 1
2547.84	8.10181737325	 1
2549.22	8.09996594437	 1
2550.59	8.09626949956	 1
2551.97	8.09492649759	 1
2553.34	8.10046272147	 1
2554.71	8.10021345787	 1
2556.09	8.10016082443	 1
2557.46	8.09741373456	 1
2558.84	8.09933238765	 1
2560.21	8.1018602402	 1
2561.58	8.100323305	 1
2562.96	8.11604337855	 1
2564.33	8.11749592722	 1
2565.71	8.11620033293	 1
2567.08	8.10852123341	 1
2568.46	8.10920811895	 1
2569.83	8.11608957801	 1
2571.2	8.10970854446	 1
2572.58	8.11431293337	 1
2573.95	8.11544766335	 1
2575.33	8.11724455331	 1
2576.7	8.11711737362	 1
2578.07	8.11557764373	 1
2579.45	8.11108039633	 1
2580.82	8.11420904191	 1
2582.2	8.12024952014	 1
2583.57	8.13434907471	 1
2584.94	8.15227987557	 1
2586.32	8.18119290632	 1
2587.69	8.1691470542	 1
2589.07	8.14406261428	 1
2590.44	8.14761594162	 1
2591.81	8.14062967156	 1
2593.19	8.14782886284	 1
2594.56	8.15961352298	 1
2595.94	8.15067656611	 1
2597.31	8.14791758335	 1
2598.68	8.1748056674	 1
2600.06	8.21506229279	 1
2601.43	8.1630756431	 1
2602.81	8.13604534658	 1
2604.18	8.12643179687	 1
2605.55	8.12411075055	 1
2606.93	8.13281708151	 1
2608.3	8.13250162045	 1
2609.67	8.14434649788	 1
2611.05	8.15321083923	 1
2612.42	8.16155153402	 1
2613.8	8.15769315717	 1
2615.17	8.14884495361	 1
2616.54	8.1483770633	 1
2617.92	8.14015025978	 1
2619.29	8.14387876282	 1
2620.67	8.14022591359	 1
2622.04	8.14277632209	 1
2623.41	8.14881339707	 1
2624.79	8.15592030999	 1
2626.16	8.15297936823	 1
2627.53	8.14772769937	 1
2628.91	8.14568814618	 1
2630.28	8.14157672014	 1
2631.66	8.14401734335	 1
2633.03	8.15096270576	 1
2634.4	8.16071173161	 1
2635.78	8.17276148542	 1
2637.15	8.16921653612	 1
2638.53	8.1989058739	 1
2639.9	8.20428403714	 1
2641.27	8.18532468738	 1
2642.65	8.17493545432	 1
2644.02	8.18926596572	 1
2645.39	8.22627295403	 1
2646.77	8.23783768608	 1
2648.14	8.19667982734	 1
2649.51	8.17950249332	 1
2650.89	8.17086151789	 1
2652.26	8.16723469213	 1
2653.64	8.16833719499	 1
2655.01	8.17132915456	 1
2656.38	8.17163120828	 1
2657.76	8.1732226243	 1
2659.13	8.17551219972	 1
2660.5	8.19419034938	 1
2661.88	8.21254765588	 1
2663.25	8.19749727699	 1
2664.63	8.2011408972	 1
2666.0	8.19070932541	 1
2667.37	8.18663975314	 1
2668.75	8.18446260019	 1
2670.12	8.18029865828	 1
2671.49	8.17334941258	 1
2672.87	8.17226767479	 1
2674.24	8.18388769318	 1
2675.61	8.19510425764	 1
2676.99	8.20536004672	 1
2678.36	8.22208106272	 1
2679.73	8.19904276505	 1
2681.11	8.1875903127	 1
2682.48	8.18684551829	 1
2683.85	8.1900933183	 1
2685.23	8.19404555783	 1
2686.6	8.20276158778	 1
2687.98	8.20351727209	 1
2689.35	8.20084241898	 1
2690.72	8.19052341529	 1
2692.1	8.18732636262	 1
2693.47	8.19284041297	 1
2694.84	8.19174989018	 1
2696.22	8.19498626652	 1
2697.59	8.19259202752	 1
2698.96	8.19124243485	 1
2700.34	8.19464338396	 1
2701.71	8.1972140696	 1
2703.08	8.19629300657	 1
2704.46	8.20362637045	 1
2705.83	8.20509435501	 1
2707.2	8.20461010444	 1
2708.58	8.20728448203	 1
2709.95	8.20933328884	 1
2711.32	8.21509487739	 1
2712.7	8.21904191975	 1
2714.07	8.2149483991	 1
2715.44	8.21780313116	 1
2716.82	8.22309663948	 1
2718.19	8.23059963073	 1
2719.56	8.23526565298	 1
2720.94	8.23947364104	 1
2722.31	8.2459166288	 1
2723.68	8.25834381367	 1
2725.06	8.2654222707	 1
2726.43	8.28104213576	 1
2727.8	8.31625593296	 1
2729.18	8.36115349534	 1
2730.55	8.42973300103	 1
2731.92	8.52277799459	 1
2733.29	8.58885547537	 1
2734.67	8.5230577729	 1
2736.04	8.43593921419	 1
2737.41	8.37370357886	 1
2738.79	8.32241275891	 1
2740.16	8.2955145063	 1
2741.53	8.27816911028	 1
2742.91	8.26481161794	 1
2744.28	8.25880860729	 1
2745.65	8.2497210898	 1
2747.03	8.25224840163	 1
2748.4	8.25107548153	 1
2749.77	8.24907639622	 1
2751.14	8.23952353817	 1
2752.52	8.24049392178	 1
2753.89	8.23546230213	 1
2755.26	8.2442045271	 1
2756.64	8.24680283654	 1
2758.01	8.25028432306	 1
2759.38	8.24999311587	 1
2760.76	8.24830184017	 1
2762.13	8.24359820928	 1
2763.5	8.2394635979	 1
2764.87	8.24723798706	 1
2766.25	8.24406365259	 1
2767.62	8.24608063042	 1
2768.99	8.24341335054	 1
2770.37	8.25048606937	 1
2771.74	8.24266835058	 1
2773.11	8.24579216377	 1
2774.48	8.25138269764	 1
2775.86	8.25668322254	 1
2777.23	8.26229353702	 1
2778.6	8.25847997975	 1
2779.98	8.25222979584	 1
2781.35	8.25242364028	 1
2782.72	8.25831556852	 1
2784.09	8.26200604338	 1
2785.47	8.26781015175	 1
2786.84	8.26544120804	 1
2788.21	8.27133702786	 1
2789.59	8.269663507	 1
2790.96	8.26664488153	 1
2792.33	8.28022919918	 1
2793.7	8.29592353539	 1
2795.08	8.35787165864	 1
2796.45	8.39365241028	 1
2797.82	8.32847738669	 1
2799.19	8.2983526547	 1
2800.57	8.3092915388	 1
2801.94	8.33733117051	 1
2803.31	8.37632647612	 1
2804.69	8.32199778608	 1
2806.06	8.28431534694	 1
2807.43	8.27967315055	 1
2808.8	8.28164662526	 1
2810.18	8.28758144262	 1
2811.55	8.27500768508	 1
2812.92	8.2732422027	 1
2814.29	8.26782061124	 1
2815.67	8.26961011837	 1
2817.04	8.27886174718	 1
2818.41	8.27617016867	 1
2819.78	8.28660117502	 1
2821.16	8.28648777251	 1
2822.53	8.28736692939	 1
2823.9	8.28367610328	 1
2825.27	8.28622796653	 1
2826.65	8.29150542064	 1
2828.02	8.28672833996	 1
2829.39	8.29221188201	 1
2830.76	8.29116070235	 1
2832.14	8.29038379941	 1
2833.51	8.28660513899	 1
2834.88	8.29233147217	 1
2836.25	8.28551426288	 1
2837.62	8.28747843408	 1
2839.0	8.28838049024	 1
2840.37	8.2880638133	 1
2841.74	8.28902933696	 1
2843.11	8.29232006996	 1
2844.49	8.29610787545	 1
2845.86	8.2925131639	 1
2847.23	8.29531079035	 1
2848.6	8.29398045999	 1
2849.97	8.29404611463	 1
2851.35	8.30320381432	 1
2852.72	8.30911153556	 1
2854.09	8.30189959092	 1
2855.46	8.29854876476	 1
2856.84	8.29734696767	 1
2858.21	8.30415069952	 1
2859.58	8.30846891318	 1
2860.95	8.31947523783	 1
2862.32	8.32935432615	 1
2863.7	8.31110747869	 1
2865.07	8.30872387663	 1
2866.44	8.31823178731	 1
2867.81	8.31677664067	 1
2869.18	8.3025994787	 1
2870.56	8.31092728813	 1
2871.93	8.30800338045	 1
2873.3	8.30871690228	 1
2874.67	8.31096250594	 1
2876.04	8.30992787987	 1
2877.42	8.31707033336	 1
2878.79	8.31559888135	 1
2880.16	8.32074648047	 1
2881.53	8.32626650173	 1
2882.9	8.32849891229	 1
2884.28	8.34239909524	 1
2885.65	8.33470478777	 1
2887.02	8.33201021595	 1
2888.39	8.32937223091	 1
2889.76	8.3376109559	 1
2891.14	8.34648555912	 1
2892.51	8.3411773421	 1
2893.88	8.34157975737	 1
2895.25	8.34627535322	 1
2896.62	8.34422838678	 1
2897.99	8.34185561483	 1
2899.37	8.34667260251	 1
2900.74	8.33725410781	 1
2902.11	8.3350868613	 1
2903.48	8.33368164331	 1
2904.85	8.33663058624	 1
2906.23	8.33975133434	 1
2907.6	8.33666811772	 1
2908.97	8.33956770115	 1
2910.34	8.33924002578	 1
2911.71	8.33968217257	 1
2913.08	8.34512628222	 1
2914.46	8.34174226788	 1
2915.83	8.33659344944	 1
2917.2	8.33988558464	 1
2918.57	8.3424941565	 1
2919.94	8.34668982843	 1
2921.31	8.33953450924	 1
2922.68	8.34209810437	 1
2924.06	8.34661654623	 1
2925.43	8.34772044343	 1
2926.8	8.34330092934	 1
2928.17	8.34622779039	 1
2929.54	8.34700232285	 1
2930.91	8.35071934042	 1
2932.28	8.34829956376	 1
2933.66	8.35632030734	 1
2935.03	8.36881223038	 1
2936.4	8.36160450964	 1
2937.77	8.35645635299	 1
2939.14	8.3542707277	 1
2940.51	8.35769339009	 1
2941.88	8.35613135323	 1
2943.26	8.36886560685	 1
2944.63	8.37128206787	 1
2946.0	8.37492922389	 1
2947.37	8.37242948287	 1
2948.74	8.37354979763	 1
2950.11	8.38430865593	 1
2951.48	8.39015850915	 1
2952.85	8.38252786253	 1
2954.23	8.37822665802	 1
2955.6	8.37645834553	 1
2956.97	8.38604429256	 1
2958.34	8.39317016394	 1
2959.71	8.39061685973	 1
2961.08	8.39685459985	 1
2962.45	8.39043351494	 1
2963.82	8.38417815554	 1
2965.19	8.38121930432	 1
2966.57	8.38469762069	 1
2967.94	8.38254638356	 1
2969.31	8.3801991109	 1
2970.68	8.37979069803	 1
2972.05	8.38082877899	 1
2973.42	8.37998659572	 1
2974.79	8.38045401637	 1
2976.16	8.38327155198	 1
2977.53	8.38686280398	 1
2978.9	8.38716478153	 1
2980.28	8.38796284393	 1
2981.65	8.39330181374	 1
2983.02	8.39910472146	 1
2984.39	8.39603874714	 1
2985.76	8.38417431336	 1
2987.13	8.38476425982	 1
2988.5	8.38346724269	 1
2989.87	8.38788867667	 1
2991.24	8.39245946068	 1
2992.61	8.39435020356	 1
2993.98	8.39608591165	 1
2995.35	8.39922024159	 1
2996.73	8.3941738936	 1
2998.1	8.39189714354	 1
2999.47	8.39468065743	 1
3000.84	8.39555106286	 1
3002.21	8.39971236796	 1
3003.58	8.4014618056	 1
3004.95	8.39972920464	 1
3006.32	8.40109200539	 1
3007.69	8.39919405863	 1
3009.06	8.39814325664	 1
3010.43	8.39961384078	 1
3011.8	8.40187864983	 1
3013.17	8.39931530572	 1
3014.54	8.39969656533	 1
3015.91	8.40455512332	 1
3017.28	8.40691127579	 1
3018.65	8.40439932228	 1
3020.03	8.40581213137	 1
3021.4	8.40874991339	 1
3022.77	8.40457600344	 1
3024.14	8.40730706497	 1
3025.51	8.4105366668	 1
3026.88	8.41130686048	 1
3028.25	8.41388168346	 1
3029.62	8.41315406633	 1
3030.99	8.41508268285	 1
3032.36	8.41667835331	 1
3033.73	8.41576148719	 1
3035.1	8.41770637189	 1
3036.47	8.41766760161	 1
3037.84	8.41250182942	 1
3039.21	8.41789399602	 1
3040.58	8.42114784727	 1
3041.95	8.42098798152	 1
3043.32	8.42662243192	 1
3044.69	8.42864032438	 1
3046.06	8.4282069535	 1
3047.43	8.42897153726	 1
3048.8	8.42464659172	 1
3050.17	8.42364933152	 1
3051.54	8.42408645616	 1
3052.91	8.42432995314	 1
3054.28	8.42710580536	 1
3055.65	8.43294574709	 1
3057.02	8.43865223276	 1
3058.39	8.44004805096	 1
3059.76	8.43900907799	 1
3061.13	8.43088062813	 1
3062.5	8.43489583607	 1
3063.87	8.43545175383	 1
3067.52	8.45061799132	 1
3070.26	8.45138410825	 1
3073.01	8.45278533317	 1
3075.76	8.46021027835	 1
3078.5	8.46319726906	 1
3081.25	8.45862367613	 1
3083.99	8.45461322614	 1
3086.74	8.45347743691	 1
3089.49	8.45280150764	 1
3092.23	8.45445203031	 1
3094.98	8.45929235837	 1
3097.72	8.46760654821	 1
3100.47	8.45498199856	 1
3103.22	8.44814946931	 1
3105.96	8.45915955258	 1
3108.71	8.46611377077	 1
3111.45	8.47085842162	 1
3114.2	8.46754867169	 1
3116.95	8.47586123882	 1
3119.69	8.47635873669	 1
3122.44	8.47156419823	 1
3125.18	8.47504721431	 1
3127.93	8.47215786912	 1
3130.68	8.47565926479	 1
3133.42	8.47356764993	 1
3136.17	8.47729142952	 1
3138.91	8.47590166198	 1
3141.66	8.47651228417	 1
3144.41	8.48060226918	 1
3147.15	8.4893655193	 1
3149.9	8.49661817529	 1
3152.65	8.49175543421	 1
3155.39	8.48972082904	 1
3158.14	8.49305221102	 1
3160.89	8.49815724755	 1
3163.63	8.50165842301	 1
3166.38	8.50397114483	 1
3169.12	8.50522159901	 1
3171.87	8.51130137444	 1
3174.62	8.51821117249	 1
3177.36	8.52114700717	 1
3180.11	8.51569161984	 1
3182.86	8.51950703541	 1
3185.6	8.53141277917	 1
3188.35	8.54240464492	 1
3191.1	8.54988894007	 1
3193.84	8.56831542352	 1
3196.59	8.60873833206	 1
3199.34	8.68510095584	 1
3202.08	8.77344481722	 1
3204.83	8.75831985604	 1
3207.58	8.66125215771	 1
3210.32	8.6019228481	 1
3213.07	8.57484855531	 1
3215.82	8.556009543	 1
3218.56	8.54525417308	 1
3221.31	8.5404021716	 1
3224.06	8.5373633081	 1
3226.81	8.53753409665	 1
3229.55	8.53747364509	 1
3232.3	8.53149737441	 1
3235.05	8.53667499433	 1
3237.79	8.53703424935	 1
3240.54	8.53638635846	 1
3243.29	8.54226624259	 1
3246.03	8.53622369646	 1
3248.78	8.54265391061	 1
3251.53	8.54271476315	 1
3254.28	8.5460953835	 1
3257.02	8.54498740437	 1
3259.77	8.54703752251	 1
3262.52	8.55276204684	 1
3265.26	8.5546665637	 1
3268.01	8.55708600112	 1
3270.76	8.55297898004	 1
3273.51	8.55936937799	 1
3276.25	8.55701426834	 1
3279.0	8.55800011142	 1
3281.75	8.56338826622	 1
3284.49	8.56650415634	 1
3287.24	8.56213399298	 1
3289.99	8.56399153159	 1
3292.74	8.56580537012	 1
3295.48	8.5675526611	 1
3298.23	8.57052659685	 1
3300.98	8.57542251583	 1
3303.73	8.5819224061	 1
3306.47	8.58133115356	 1
3309.22	8.58162261385	 1
3311.97	8.58008491656	 1
3314.71	8.58124994607	 1
3317.46	8.58838016848	 1
3320.21	8.58640153567	 1
3322.96	8.57956439943	 1
3325.7	8.59097403489	 1
3328.45	8.59570324192	 1
3331.2	8.60151013484	 1
3333.95	8.59788934555	 1
3336.69	8.59178925608	 1
3339.44	8.60174274992	 1
3342.19	8.6065067358	 1
3344.94	8.60364150763	 1
3347.69	8.60862769747	 1
3350.43	8.61113938851	 1
3353.18	8.62292399681	 1
3355.93	8.62196388385	 1
3358.68	8.61467776115	 1
3361.42	8.61970881858	 1
3364.17	8.62115988963	 1
3366.92	8.6351829021	 1
3369.67	8.62853463525	 1
3372.41	8.62153379164	 1
3375.16	8.62237857963	 1
3377.91	8.61818637431	 1
3380.66	8.61855563644	 1
3383.41	8.62190881012	 1
3386.15	8.62532629995	 1
3388.9	8.62076383471	 1
3391.65	8.62693746438	 1
3394.4	8.63375814298	 1
3397.15	8.6408130736	 1
3399.89	8.63929266433	 1
3402.64	8.63146672392	 1
3405.39	8.63069452057	 1
3408.14	8.63258304709	 1
3410.88	8.64007805981	 1
3413.63	8.63769853082	 1
3416.38	8.637341922	 1
3419.13	8.63367287454	 1
3421.88	8.63933486138	 1
3424.62	8.64636519526	 1
3427.37	8.64270851822	 1
3430.12	8.64601012509	 1
3432.87	8.64545003691	 1
3435.62	8.64675173519	 1
3438.36	8.65214845972	 1
3441.11	8.65882212209	 1
3443.86	8.66152360393	 1
3446.61	8.66275785738	 1
3449.36	8.66469481169	 1
3452.11	8.66918809077	 1
3454.85	8.6679186389	 1
3457.6	8.66333412871	 1
3460.35	8.67125319632	 1
3463.1	8.67582986681	 1
3465.85	8.66478985296	 1
3468.59	8.66897076783	 1
3471.34	8.67218854357	 1
3474.09	8.68077117232	 1
3476.84	8.69599630315	 1
3479.59	8.71009258417	 1
3482.34	8.7091499027	 1
3485.08	8.72107454283	 1
3487.83	8.6923748082	 1
3490.58	8.69302956539	 1
3493.33	8.70182922398	 1
3496.08	8.69967900609	 1
3498.83	8.6949229713	 1
3501.57	8.69943963591	 1
3504.32	8.70380173449	 1
3507.07	8.69507282048	 1
3509.82	8.69473533984	 1
3512.57	8.69669422424	 1
3515.32	8.70007956751	 1
3518.07	8.6983071091	 1
3520.81	8.70236040623	 1
3523.56	8.69875944105	 1
3526.31	8.69994365579	 1
3529.06	8.69993655297	 1
3531.81	8.69495113553	 1
3534.56	8.69779279153	 1
3537.3	8.70519298582	 1
3540.05	8.70862679304	 1
3542.8	8.71044456852	 1
3545.55	8.70799698102	 1
3548.3	8.71055314112	 1
3551.05	8.7082969536	 1
3553.8	8.71263794977	 1
3556.54	8.71640126354	 1
3559.29	8.71522552574	 1
3562.04	8.71374182513	 1
3564.79	8.7224823381	 1
3567.54	8.72636769494	 1
3570.29	8.72551913805	 1
3573.04	8.72730973816	 1
3575.79	8.72780879923	 1
3578.53	8.73144990957	 1
3581.28	8.73331927942	 1
3584.03	8.73412360109	 1
3586.78	8.7317400847	 1
3589.53	8.7335505874	 1
3592.28	8.73537352074	 1
3595.03	8.73495663942	 1
3597.78	8.73845124912	 1
3600.52	8.73687886883	 1
3603.27	8.73877957855	 1
3606.02	8.74288994955	 1
3608.77	8.74135675521	 1
3611.52	8.74296557401	 1
3614.27	8.74799143172	 1
3617.02	8.74901463142	 1
3619.77	8.74855979557	 1
3622.51	8.74989054174	 1
3625.26	8.75550490994	 1
3628.01	8.75452473111	 1
3630.76	8.75885360405	 1
3633.51	8.76304828952	 1
3636.26	8.76342902827	 1
3639.01	8.7635188948	 1
3641.76	8.76568902872	 1
3644.51	8.75918330685	 1
3647.25	8.7696949651	 1
3650.0	8.76635171154	 1
3652.75	8.7715588252	 1
3655.5	8.77082592421	 1
3658.25	8.77237492091	 1
3661.0	8.7726395905	 1
3663.75	8.7725199527	 1
3666.5	8.77786789722	 1
3669.25	8.78094546336	 1
3672.0	8.77944961886	 1
3674.74	8.78146061392	 1
3677.49	8.78330325141	 1
3680.24	8.78110875735	 1
3682.99	8.78534574209	 1
3685.74	8.78792938641	 1
3688.49	8.78613245693	 1
3691.24	8.78606695002	 1
3693.99	8.79421699952	 1
3696.74	8.79152636685	 1
3699.49	8.79210687455	 1
3702.24	8.7985055048	 1
3704.98	8.79952254462	 1
3707.73	8.808606581	 1
3710.48	8.80557970736	 1
3713.23	8.8088693747	 1
3715.98	8.80236334305	 1
3718.73	8.80556362796	 1
3721.48	8.80726677081	 1
3724.23	8.8055707117	 1
3726.98	8.80871784529	 1
3729.73	8.80725484802	 1
3732.48	8.80838496884	 1
3735.22	8.81558517843	 1
3737.97	8.81221327841	 1
3740.72	8.81206313618	 1
3743.47	8.8186711863	 1
3746.22	8.82061157217	 1
3748.97	8.82550525204	 1
3751.72	8.82125663262	 1
3754.47	8.82312956578	 1
3757.22	8.82377576144	 1
3759.97	8.82285396241	 1
3762.72	8.8273834614	 1
3765.47	8.82254300626	 1
3768.22	8.82358887549	 1
3770.96	8.8360388536	 1
3773.71	8.83849053139	 1
3776.46	8.83394200609	 1
3779.21	8.82809573763	 1
3781.96	8.82995645413	 1
3784.71	8.83304707532	 1
3787.46	8.83259144259	 1
3790.21	8.83184510782	 1
3792.96	8.84997910911	 1
3795.71	8.85104378792	 1
3798.46	8.84315940595	 1
3801.21	8.84124105217	 1
3803.96	8.84165401215	 1
3806.71	8.83716057834	 1
3809.45	8.84120561654	 1
3812.2	8.84128167609	 1
3814.95	8.83221784162	 1
3817.7	8.84615284843	 1
3820.45	8.8579732927	 1
3823.2	8.85296063933	 1
3825.95	8.85038660447	 1
3828.7	8.85756636607	 1
3831.45	8.85851006083	 1
3834.2	8.86398049824	 1
3836.95	8.85923722234	 1
3839.7	8.86102226122	 1
3842.45	8.85864429835	 1
3845.2	8.85781111441	 1
3847.95	8.86224583306	 1
3850.7	8.85810979111	 1
3853.44	8.85728831104	 1
3856.19	8.85672131902	 1
3858.94	8.86139679602	 1
3861.69	8.86391436958	 1
3864.44	8.86221195564	 1
3867.19	8.86380370646	 1
3869.94	8.86351722234	 1
3872.69	8.86491367337	 1
3875.44	8.8711780298	 1
3878.19	8.87451838149	 1
3880.94	8.8757475284	 1
3883.69	8.88293321584	 1
3886.44	8.8970925233	 1
3889.19	8.91048779313	 1
3891.94	8.90173613046	 1
3894.69	8.8901461137	 1
3897.44	8.88318687901	 1
3900.18	8.87890369689	 1
3902.93	8.87888598557	 1
3905.68	8.87870904536	 1
3908.43	8.87826388852	 1
3911.18	8.88102597611	 1
3913.93	8.88320549687	 1
3916.68	8.88984481429	 1
3919.43	8.89444313692	 1
3922.18	8.90297816822	 1
3924.93	8.90834480216	 1
3927.68	8.90401837251	 1
3930.43	8.90025931959	 1
3933.18	8.90479703468	 1
3935.93	8.90159356394	 1
3938.68	8.89604174785	 1
3941.43	8.89212339518	 1
3944.18	8.88676435037	 1
3946.93	8.89172189851	 1
3949.68	8.89587531029	 1
3952.42	8.89780574595	 1
3955.17	8.90445079021	 1
3957.92	8.91644116633	 1
3960.67	8.92354327981	 1
3963.42	8.94206156212	 1
3966.17	8.95573079988	 1
3968.92	8.97357441026	 1
3971.67	8.97469681566	 1
3974.42	8.96321050809	 1
3977.17	8.94421712278	 1
3979.92	8.92985375749	 1
3982.67	8.92095468423	 1
3985.42	8.91647519219	 1
3988.17	8.91789946386	 1
3990.92	8.91494062934	 1
3993.67	8.90930338475	 1
3996.42	8.9123592932	 1
3999.17	8.92564013411	 1
4001.92	8.93068625899	 1
4004.67	8.92508838278	 1
4007.41	8.92384078483	 1
4010.16	8.92580248732	 1
4012.91	8.93383191681	 1
4015.66	8.95194048167	 1
4018.41	8.96078790398	 1
4021.16	8.97192192482	 1
4023.91	8.99407839666	 1
4026.66	9.0153907926	 1
4029.41	8.99675059381	 1
4032.16	8.97635636055	 1
4034.91	8.96014127225	 1
4037.66	8.9525757547	 1
4040.41	8.94862296374	 1
4043.16	8.9467748464	 1
4045.91	8.9408602735	 1
4048.66	8.93803234493	 1
4051.41	8.93643503155	 1
4054.16	8.9400106739	 1
4056.91	8.95232672438	 1
4059.65	8.95123572996	 1
4062.4	8.94055034775	 1
4065.15	8.9384610705	 1
4067.9	8.93773643035	 1
4070.65	8.94454732022	 1
4073.4	8.9469616018	 1
4076.15	8.95241565732	 1
4078.9	8.95449084541	 1
4081.65	8.96071522612	 1
4084.4	8.97079091459	 1
4087.15	8.97501521716	 1
4089.9	8.99237385562	 1
4092.65	9.01040092061	 1
4095.4	9.0427486509	 1
4098.15	9.08055364489	 1
4100.9	9.0969728814	 1
4103.65	9.09442319933	 1
4106.4	9.05860031258	 1
4109.15	9.02068693021	 1
4111.9	9.00411047074	 1
4114.64	8.99334256508	 1
4117.39	8.98609795321	 1
4120.14	8.9779605267	 1
4122.89	8.97637964187	 1
4125.64	8.9701899467	 1
4128.39	8.96736387539	 1
4131.14	8.97653626776	 1
4133.89	8.97165034938	 1
4136.64	8.96848992397	 1
4139.39	8.97386227182	 1
4142.14	8.97507848544	 1
4144.89	8.97523544588	 1
4147.64	8.97760025929	 1
4150.39	8.97689683306	 1
4153.14	8.97619485921	 1
4155.89	8.97368661757	 1
4158.64	8.97560021098	 1
4161.38	8.97611771607	 1
4164.13	8.97798218457	 1
4166.88	8.98378755777	 1
4169.63	8.98527769067	 1
4172.38	8.98998899806	 1
4175.13	8.98842137105	 1
4177.88	8.99744465213	 1
4180.63	9.00510615433	 1
4183.38	9.00842707662	 1
4186.13	9.02059266756	 1
4188.88	9.03343406296	 1
4191.63	9.04967301261	 1
4194.38	9.07215755231	 1
4197.13	9.10514726592	 1
4199.88	9.12644905513	 1
4202.62	9.12110783528	 1
4205.37	9.09896467784	 1
4208.12	9.07074112175	 1
4210.87	9.05398091806	 1
4213.62	9.04189308421	 1
4216.37	9.0415753053	 1
4219.12	9.03307246124	 1
4221.87	9.02744195833	 1
4224.62	9.02327488378	 1
4227.37	9.02236845834	 1
4230.12	9.02037734346	 1
4232.87	9.01362512988	 1
4235.62	9.01914877431	 1
4238.37	9.01629116338	 1
4241.12	9.01749089686	 1
4243.86	9.02424316699	 1
4246.61	9.01722358354	 1
4249.36	9.01567244202	 1
4252.11	9.01274204068	 1
4254.86	9.01876821372	 1
4257.61	9.01926730715	 1
4260.36	9.02580211932	 1
4263.11	9.02617258462	 1
4265.86	9.02595500602	 1
4268.61	9.0201270407	 1
4271.36	9.02508178728	 1
4274.11	9.02858527456	 1
4276.86	9.02964744153	 1
4279.6	9.02922689179	 1
4282.35	9.0333710883	 1
4285.1	9.0426859629	 1
4287.85	9.04638254319	 1
4290.6	9.05716521304	 1
4293.35	9.06009461368	 1
4296.1	9.04495320246	 1
4298.85	9.03899308871	 1
4301.6	9.04829916602	 1
4304.35	9.04300324496	 1
4307.1	9.04898459571	 1
4309.85	9.05145611419	 1
4312.59	9.0590006864	 1
4315.34	9.05902001565	 1
4318.09	9.06798529694	 1
4320.84	9.08023712806	 1
4323.59	9.09468486331	 1
4326.34	9.10151007209	 1
4329.09	9.11639932593	 1
4331.84	9.14558048627	 1
4334.59	9.18127189195	 1
4337.34	9.21891380866	 1
4340.08	9.25621661666	 1
4342.83	9.23533188363	 1
4345.58	9.19291238722	 1
4348.33	9.15138507733	 1
4351.08	9.12595579256	 1
4353.83	9.10892044558	 1
4356.58	9.09424244478	 1
4359.33	9.09410508463	 1
4362.08	9.08928707549	 1
4364.83	9.08178742146	 1
4367.57	9.07781927582	 1
4370.32	9.0755582798	 1
4373.07	9.08054882359	 1
4375.82	9.08377042657	 1
4378.57	9.09911396648	 1
4381.32	9.10075538884	 1
4384.07	9.08957465569	 1
4386.82	9.08655764269	 1
4389.57	9.08842707221	 1
4392.31	9.08856617959	 1
4395.06	9.08513242927	 1
4397.81	9.09051039336	 1
4400.56	9.09224397818	 1
4403.31	9.09005112914	 1
4406.06	9.09028487663	 1
4408.81	9.09354426623	 1
4411.56	9.08900009603	 1
4414.31	9.09268825107	 1
4417.05	9.09547535341	 1
4419.8	9.09683247097	 1
4422.55	9.09904716133	 1
4425.3	9.09795244792	 1
4428.05	9.0983909566	 1
4430.8	9.09755405757	 1
4433.55	9.10210354636	 1
4436.3	9.10479214543	 1
4439.04	9.10379549366	 1
4441.79	9.10753892819	 1
4444.54	9.11000515502	 1
4447.29	9.11161544141	 1
4450.04	9.11349631077	 1
4452.79	9.12153015373	 1
4455.54	9.12982403962	 1
4458.29	9.14197399975	 1
4461.03	9.13767740727	 1
4463.78	9.13124122419	 1
4466.53	9.14291974239	 1
4469.28	9.1620943371	 1
4472.03	9.18919607858	 1
4474.78	9.18427726477	 1
4477.53	9.14919949908	 1
4480.27	9.14413517544	 1
4483.02	9.14790865329	 1
4485.77	9.1432918898	 1
4488.52	9.14341991003	 1
4491.27	9.14519645596	 1
4494.02	9.13921078417	 1
4496.77	9.14492050624	 1
4499.51	9.14313936737	 1
4502.26	9.14282136763	 1
4505.01	9.14553982735	 1
4507.76	9.1435702608	 1
4510.51	9.15241727666	 1
4513.26	9.16323858816	 1
4516.0	9.16813890891	 1
4518.75	9.16182076839	 1
4521.5	9.16587390824	 1
4524.25	9.16995458549	 1
4527.0	9.17664371625	 1
4529.75	9.1959014458	 1
4532.49	9.21536343336	 1
4535.24	9.24122387039	 1
4537.99	9.28156988035	 1
4540.74	9.32731146508	 1
4543.49	9.34021389516	 1
4546.24	9.30421567088	 1
4548.98	9.26535774163	 1
4551.73	9.23191672531	 1
4554.48	9.20594775083	 1
4557.23	9.19660659924	 1
4559.98	9.1880117828	 1
4562.73	9.1805389302	 1
4565.47	9.18021134448	 1
4568.22	9.17335209982	 1
4570.97	9.17360079552	 1
4573.72	9.17248937474	 1
4576.47	9.16923977465	 1
4579.21	9.16998175167	 1
4581.96	9.17062612001	 1
4584.71	9.17313198496	 1
4587.46	9.17173205591	 1
4590.21	9.17611933827	 1
4592.95	9.1828181634	 1
4595.7	9.17539376564	 1
4598.45	9.18002129914	 1
4601.2	9.17852501403	 1
4603.95	9.18418171725	 1
4606.69	9.19602484577	 1
4609.44	9.19877154063	 1
4612.19	9.19091484319	 1
4614.94	9.19345168104	 1
4617.69	9.19094679747	 1
4620.43	9.19623617217	 1
4623.18	9.19677265706	 1
4625.93	9.19609157973	 1
4628.68	9.20471374531	 1
4631.43	9.21301365002	 1
4634.17	9.21546434296	 1
4636.92	9.21023403404	 1
4639.67	9.21413654263	 1
4642.42	9.21785566503	 1
4645.17	9.2065811095	 1
4647.91	9.20675158737	 1
4650.66	9.20557090031	 1
4653.41	9.20948566011	 1
4656.16	9.21436907615	 1
4658.9	9.22066434359	 1
4661.65	9.21780095659	 1
4664.4	9.22774963641	 1
4667.15	9.22593747224	 1
4669.89	9.22722044645	 1
4672.64	9.24746982957	 1
4675.39	9.2591427649	 1
4678.14	9.2824922897	 1
4680.88	9.32977409116	 1
4683.63	9.39912122933	 1
4686.38	9.4881895761	 1
4689.13	9.44714169312	 1
4691.88	9.35534710396	 1
4694.62	9.29746294342	 1
4697.37	9.26735015269	 1
4700.12	9.25625585777	 1
4702.87	9.24905235695	 1
4705.61	9.24872634011	 1
4708.36	9.25091047526	 1
4711.11	9.24552702547	 1
4713.85	9.24081369882	 1
4716.6	9.23649153877	 1
4719.35	9.22978425233	 1
4722.1	9.22942614861	 1
4724.84	9.22815558594	 1
4727.59	9.23061483139	 1
4730.34	9.22518127307	 1
4733.09	9.23175956055	 1
4735.83	9.22976575683	 1
4738.58	9.23420594003	 1
4741.33	9.23278028638	 1
4744.08	9.23320267866	 1
4746.82	9.23366624852	 1
4749.57	9.23517317008	 1
4752.32	9.24099848667	 1
4755.06	9.24021692636	 1
4757.81	9.23874878565	 1
4760.56	9.24461320904	 1
4763.31	9.24430593673	 1
4766.05	9.24371138631	 1
4768.8	9.2450908199	 1
4771.55	9.25178488278	 1
4774.29	9.24910373827	 1
4777.04	9.25037075856	 1
4779.79	9.2578116279	 1
4782.53	9.26675427558	 1
4785.28	9.26842261873	 1
4788.03	9.27025121566	 1
4790.77	9.27379188425	 1
4793.52	9.27135098206	 1
4796.27	9.27052712531	 1
4799.02	9.26978616321	 1
4801.76	9.27642573689	 1
4804.51	9.2745925111	 1
4807.26	9.26890016873	 1
4810.0	9.26464783738	 1
4812.75	9.26665669533	 1
4815.5	9.2698906285	 1
4818.24	9.27035579549	 1
4820.99	9.27512480422	 1
4823.74	9.26878880479	 1
4826.48	9.27165569099	 1
4829.23	9.27171362324	 1
4831.98	9.28136015101	 1
4834.72	9.28383330631	 1
4837.47	9.28954773774	 1
4840.22	9.29402710662	 1
4842.96	9.30422988637	 1
4845.71	9.31394069086	 1
4848.46	9.33504656084	 1
4851.2	9.35841824144	 1
4853.95	9.39897047752	 1
4856.69	9.45247288543	 1
4859.44	9.50250227519	 1
4862.19	9.5003809778	 1
4864.93	9.44811046262	 1
4867.68	9.39730152934	 1
4870.43	9.36367382238	 1
4873.17	9.34047799305	 1
4875.92	9.32779845092	 1
4878.67	9.31144508101	 1
4881.41	9.30877978176	 1
4884.16	9.30814757583	 1
4886.9	9.30788570271	 1
4889.65	9.29985230982	 1
4892.4	9.2963453	 1
4895.14	9.30418962668	 1
4897.89	9.30377573289	 1
4900.64	9.30670790975	 1
4903.38	9.30373843495	 1
4906.13	9.30755569758	 1
4908.87	9.30861531429	 1
4911.62	9.29973906879	 1
4914.37	9.29983654639	 1
4917.11	9.30969757545	 1
4919.86	9.31438252298	 1
4922.6	9.32680833505	 1
4925.35	9.3230259786	 1
4928.1	9.32151581001	 1
4930.84	9.31666054147	 1
4933.59	9.31534649925	 1
4936.33	9.31959138914	 1
4939.08	9.31964172475	 1
4941.82	9.31949046085	 1
4944.57	9.31359706735	 1
4947.32	9.31364666642	 1
4950.06	9.31722631767	 1
4952.81	9.3178711512	 1
4955.55	9.32063012434	 1
4958.3	9.31904580576	 1
4961.04	9.32065070195	 1
4963.79	9.32573797758	 1
4966.54	9.33090240711	 1
4969.28	9.32734416833	 1
4972.03	9.32791939983	 1
4974.77	9.3249067351	 1
4977.52	9.32548322694	 1
4980.26	9.33222519076	 1
4983.01	9.33314034166	 1
4985.75	9.33348780929	 1
4988.5	9.32787380156	 1
4991.25	9.33332218423	 1
4993.99	9.33638534864	 1
4996.74	9.3348392145	 1
4999.48	9.33894857767	 1
5002.23	9.33745634919	 1
5004.97	9.33450727263	 1
5007.72	9.34054853715	 1
5010.46	9.34338539021	 1
5013.21	9.34724923002	 1
5015.95	9.35860354923	 1
5018.7	9.35310166228	 1
5021.44	9.34448407728	 1
5024.19	9.34574404653	 1
5026.93	9.34702832623	 1
5029.68	9.34544048316	 1
5032.42	9.35155460443	 1
5035.17	9.35487882081	 1
5037.91	9.34840928071	 1
5040.66	9.3551243288	 1
5043.4	9.35666054849	 1
5046.15	9.35918415207	 1
5048.89	9.35862450628	 1
5051.64	9.35954126836	 1
5054.38	9.36121615657	 1
5057.13	9.36718467102	 1
5059.87	9.37236053131	 1
5062.62	9.36849256925	 1
5065.36	9.37044963451	 1
5068.11	9.36858381688	 1
5070.85	9.37080763452	 1
5073.6	9.37404714456	 1
5076.34	9.36927664542	 1
5079.09	9.36981182846	 1
5081.83	9.37405089664	 1
5084.58	9.3684593997	 1
5087.32	9.37740523792	 1
5090.06	9.37585805495	 1
5092.81	9.38025151415	 1
5095.55	9.37860155914	 1
5098.3	9.37548956938	 1
5101.04	9.37920231852	 1
5103.79	9.38099370774	 1
5106.53	9.38332821124	 1
5109.28	9.38468079095	 1
5112.02	9.38822161979	 1
5114.76	9.38325396713	 1
5117.51	9.38581670474	 1
5120.25	9.38866500519	 1
5123.0	9.38674035748	 1
5125.74	9.39106573587	 1
5128.49	9.39467950253	 1
5131.23	9.39599955652	 1
5133.97	9.39414839725	 1
5136.72	9.39476141383	 1
5139.46	9.39551797499	 1
5142.21	9.39343637684	 1
5144.95	9.40710939576	 1
5147.69	9.40861576909	 1
5150.44	9.40868237012	 1
5153.18	9.40700610641	 1
5155.93	9.40732033267	 1
5158.67	9.40131117072	 1
5161.41	9.40573535157	 1
5164.16	9.40289024626	 1
5166.9	9.41158366685	 1
5169.65	9.40926806152	 1
5172.39	9.40909191907	 1
5175.13	9.41082403398	 1
5177.88	9.41285586171	 1
5180.62	9.41366959086	 1
5183.36	9.41167990419	 1
5186.11	9.41055930371	 1
5188.85	9.4117983891	 1
5191.59	9.40931021273	 1
5194.34	9.41479189905	 1
5197.08	9.41220437469	 1
5199.82	9.42506261022	 1
5202.57	9.42521670312	 1
5205.31	9.43477225334	 1
5208.06	9.42451664022	 1
5210.8	9.42159367828	 1
5213.54	9.4236980015	 1
5216.29	9.42250510761	 1
5219.03	9.42591553431	 1
5221.77	9.42870316182	 1
5224.51	9.43426523369	 1
5227.26	9.43044354851	 1
5230.0	9.42711568827	 1
5232.74	9.4305080006	 1
5235.49	9.42859202304	 1
5238.23	9.43399686708	 1
5240.97	9.43347858979	 1
5243.72	9.43526819818	 1
5246.46	9.43711947527	 1
5249.2	9.44120989152	 1
5251.95	9.4331506274	 1
5254.69	9.43716848637	 1
5257.43	9.4387112653	 1
5260.17	9.44306484359	 1
5262.92	9.4418143159	 1
5265.66	9.44513475063	 1
5268.4	9.44440308598	 1
5271.15	9.44794040003	 1
5273.89	9.44742841309	 1
5276.63	9.44259032214	 1
5279.37	9.45157524008	 1
5282.12	9.45358396949	 1
5284.86	9.45158391103	 1
5287.6	9.44812571461	 1
5290.34	9.45421632484	 1
5293.09	9.4518229277	 1
5295.83	9.4545998439	 1
5298.57	9.45158364097	 1
5301.31	9.4534202815	 1
5304.06	9.45978745925	 1
5306.8	9.45521026944	 1
5309.54	9.45947352371	 1
5312.28	9.46192897254	 1
5315.02	9.46556662195	 1
5317.77	9.45669116027	 1
5320.51	9.46584073046	 1
5323.25	9.46829983867	 1
5325.99	9.46510730071	 1
5328.74	9.4697372625	 1
5331.48	9.47030698748	 1
5334.22	9.47225711567	 1
5336.96	9.46960799977	 1
5339.7	9.46718777747	 1
5342.45	9.4703931603	 1
5345.19	9.47556891979	 1
5347.93	9.47366575038	 1
5350.67	9.48303252291	 1
5353.41	9.48075148377	 1
5356.16	9.47832671647	 1
5358.9	9.48201980148	 1
5361.64	9.48103417492	 1
5364.38	9.48635763015	 1
5367.12	9.48453411139	 1
5369.86	9.48222981287	 1
5372.61	9.48632225243	 1
5375.35	9.48532266245	 1
5378.09	9.49511739946	 1
5380.83	9.49421059388	 1
5383.57	9.49838879208	 1
5386.31	9.5014599784	 1
5389.05	9.50825927099	 1
5391.8	9.51089408261	 1
5394.54	9.52163807951	 1
5397.28	9.53430823955	 1
5400.02	9.54991758202	 1
5402.76	9.57126396104	 1
5405.5	9.60851077445	 1
5408.24	9.6584276187	 1
5410.98	9.7061083935	 1
5413.73	9.70741222664	 1
5416.47	9.65518954665	 1
5419.21	9.61153256734	 1
5421.95	9.58187137633	 1
5424.69	9.55812437347	 1
5427.43	9.55097232481	 1
5430.17	9.5326549217	 1
5432.91	9.52959280946	 1
5435.65	9.52334039889	 1
5438.39	9.51686729302	 1
5441.14	9.51832302954	 1
5443.88	9.52005510599	 1
5446.62	9.51564489787	 1
5449.36	9.5127938615	 1
5451.18	9.52761908994	 1
5456.05	9.52994419329	 1
5460.92	9.52991384385	 1
5465.79	9.53284759392	 1
5470.67	9.52976769724	 1
5475.54	9.52582538652	 1
5480.41	9.52898541727	 1
5485.28	9.53394641667	 1
5490.15	9.52940624039	 1
5495.02	9.52985976782	 1
5499.89	9.53039847988	 1
5504.76	9.53377188006	 1
5509.64	9.53797932351	 1
5514.51	9.53847561076	 1
5519.38	9.53645970264	 1
5524.25	9.54200027005	 1
5529.12	9.54032624377	 1
5533.99	9.53725771468	 1
5538.86	9.54331027248	 1
5543.74	9.55028962062	 1
5548.61	9.54763406975	 1
5553.48	9.54994530934	 1
5558.35	9.55103161372	 1
5563.22	9.55568716477	 1
5568.1	9.55906180697	 1
5572.97	9.55858500559	 1
5577.84	9.56071590702	 1
5582.71	9.5618877042	 1
5587.58	9.56311146278	 1
5592.46	9.56620108327	 1
5597.33	9.56722090735	 1
5602.2	9.56867066479	 1
5607.07	9.56537588873	 1
5611.95	9.56864411496	 1
5616.82	9.57285449945	 1
5621.69	9.57488390618	 1
5626.56	9.57468726024	 1
5631.44	9.57855735233	 1
5636.31	9.5747522358	 1
5641.18	9.5739046813	 1
5646.06	9.58192716076	 1
5650.93	9.58608215388	 1
5655.8	9.58808835171	 1
5660.67	9.58978164782	 1
5665.55	9.594057098	 1
5670.42	9.5939980395	 1
5675.29	9.5930383631	 1
5680.17	9.59827954196	 1
5685.04	9.60120525164	 1
5689.91	9.59923433248	 1
5694.79	9.60182162312	 1
5699.66	9.60670693539	 1
5704.53	9.60595743944	 1
5709.41	9.60389756316	 1
5714.28	9.60561652378	 1
5719.15	9.6121055095	 1
5724.03	9.61620006191	 1
5728.9	9.61238279361	 1
5733.78	9.61894513143	 1
5738.65	9.62056771982	 1
5743.52	9.62306241015	 1
5748.4	9.62089292263	 1
5753.27	9.61891467419	 1
5758.15	9.62420449843	 1
5763.02	9.62764209689	 1
5767.89	9.62672454369	 1
5772.77	9.63220204196	 1
5777.64	9.63297807809	 1
5782.52	9.63549602223	 1
5787.39	9.63490760775	 1
5792.26	9.63927652268	 1
5797.14	9.6447891886	 1
5802.01	9.63915650059	 1
5806.89	9.64184075854	 1
5811.76	9.6454959712	 1
5816.64	9.64639722798	 1
5821.51	9.64973004909	 1
5826.39	9.64781267002	 1
5831.26	9.65223010078	 1
5836.14	9.6519155545	 1
5841.01	9.65551367695	 1
5845.89	9.65734634869	 1
5850.76	9.65834927268	 1
5855.64	9.66033172818	 1
5860.51	9.65980210156	 1
5865.39	9.6661840312	 1
5870.26	9.67474432006	 1
5875.14	9.70183335293	 1
5880.01	9.70210147623	 1
5884.89	9.67838881631	 1
5889.76	9.6717516453	 1
5894.64	9.66691624733	 1
5899.51	9.66956643847	 1
5904.39	9.66951244725	 1
5909.26	9.67378785805	 1
5914.14	9.67806923107	 1
5919.01	9.68035875496	 1
5923.89	9.67932392919	 1
5928.77	9.68003802137	 1
5933.64	9.68259540237	 1
5938.52	9.68614170562	 1
5943.39	9.6893226383	 1
5948.27	9.68912848595	 1
5953.14	9.68849092038	 1
5958.02	9.6915481028	 1
5962.9	9.69444112932	 1
5967.77	9.69400660978	 1
5972.65	9.69510104172	 1
5977.52	9.69790565391	 1
5982.4	9.70224495966	 1
5987.28	9.70126105154	 1
5992.15	9.69903427714	 1
5997.03	9.70237821166	 1
6001.91	9.70192089497	 1
6006.78	9.70450692908	 1
6011.66	9.70570632928	 1
6016.53	9.71260828894	 1
6021.41	9.71573231041	 1
6026.29	9.71700934126	 1
6031.16	9.715450501	 1
6036.04	9.71853145109	 1
6040.92	9.72067882283	 1
6045.79	9.72106850401	 1
6050.67	9.72109323157	 1
6055.55	9.72267836804	 1
6060.42	9.72581346812	 1
6065.3	9.72902556938	 1
6070.18	9.73048377627	 1
6075.06	9.73350593846	 1
6079.93	9.73568719563	 1
6084.81	9.73834443127	 1
6089.69	9.73889723016	 1
6094.56	9.74123794584	 1
6099.44	9.74338688817	 1
6104.32	9.74652126271	 1
6109.19	9.7477934725	 1
6114.07	9.74653155683	 1
6118.95	9.74837489771	 1
6123.83	9.74999386947	 1
6128.7	9.74841615643	 1
6133.58	9.75049563166	 1
6138.46	9.75229086456	 1
6143.34	9.75433892149	 1
6148.21	9.7529482859	 1
6153.09	9.75633929961	 1
6157.97	9.76039227548	 1
6162.85	9.76240710154	 1
6167.72	9.76041811431	 1
6172.6	9.76357726038	 1
6177.48	9.76519594461	 1
6182.36	9.76904148176	 1
6187.24	9.7692084523	 1
6192.11	9.76638985369	 1
6196.99	9.76711672583	 1
6201.87	9.76930648362	 1
6206.75	9.76877717664	 1
6211.63	9.77613930753	 1
6216.5	9.77945623519	 1
6221.38	9.78491263684	 1
6226.26	9.78419154009	 1
6231.14	9.78388490808	 1
6236.02	9.78628417732	 1
6240.9	9.7857004214	 1
6245.77	9.78754991356	 1
6250.65	9.78892777928	 1
6255.53	9.79018708058	 1
6260.41	9.78875099953	 1
6265.29	9.7898282364	 1
6270.17	9.79191638352	 1
6275.04	9.79636266417	 1
6279.92	9.79620493024	 1
6284.8	9.79058275583	 1
6289.68	9.79655358382	 1
6294.56	9.80086918302	 1
6299.44	9.80740354052	 1
6304.32	9.80638473406	 1
6309.2	9.8038099293	 1
6314.07	9.81124714894	 1
6318.95	9.81822057899	 1
6323.83	9.81812765927	 1
6328.71	9.82647820091	 1
6333.59	9.82944202095	 1
6338.47	9.83016428695	 1
6343.35	9.82558590879	 1
6348.23	9.82648078926	 1
6353.11	9.82539437188	 1
6357.99	9.82061423661	 1
6362.86	9.8270773031	 1
6367.74	9.82734144137	 1
6372.62	9.82819757391	 1
6377.5	9.83346855357	 1
6382.38	9.83822548855	 1
6387.26	9.83803609043	 1
6392.14	9.8402027312	 1
6397.02	9.84277229563	 1
6401.9	9.8455013696	 1
6406.78	9.84721821238	 1
6411.66	9.85098106719	 1
6416.54	9.84993640406	 1
6421.42	9.84760666545	 1
6426.3	9.8487825978	 1
6431.18	9.84806578402	 1
6436.06	9.84738689536	 1
6440.94	9.84728479193	 1
6445.82	9.84902254996	 1
6450.7	9.8475954475	 1
6455.58	9.84537675435	 1
6460.46	9.84745298628	 1
6465.34	9.85023266372	 1
6470.22	9.85774342575	 1
6475.1	9.85672872555	 1
6479.98	9.85817373522	 1
6484.86	9.85775180343	 1
6489.74	9.85994926784	 1
6494.62	9.86490534457	 1
6499.5	9.8662112177	 1
6504.38	9.87021717078	 1
6509.26	9.87181148832	 1
6514.14	9.87919132589	 1
6519.02	9.88714394493	 1
6523.9	9.89337408924	 1
6528.78	9.8989656403	 1
6533.66	9.90281541558	 1
6538.54	9.90618586521	 1
6543.42	9.91323871116	 1
6548.3	9.93846596814	 1
6553.18	9.9733598646	 1
6558.06	10.0216155975	 1
6562.94	10.0478622866	 1
6567.82	10.0185175211	 1
6572.7	9.972554771	 1
6577.58	9.93937074451	 1
6582.46	9.91719748994	 1
6587.34	9.90412370908	 1
6592.22	9.89525396075	 1
6597.11	9.89683453274	 1
6601.99	9.8907015796	 1
6606.87	9.89252032132	 1
6611.75	9.89482559284	 1
6616.63	9.89655090781	 1
6621.51	9.89415678595	 1
6626.39	9.89720532719	 1
6631.27	9.89939569948	 1
6636.15	9.8989975517	 1
6641.03	9.90084656961	 1
6645.91	9.90694250925	 1
6650.8	9.91296913312	 1
6655.68	9.91382084276	 1
6660.56	9.92082840934	 1
6665.44	9.92653912164	 1
6670.32	9.93367638682	 1
6675.2	9.94219021458	 1
6680.08	9.94549934409	 1
6684.96	9.94726064913	 1
6689.84	9.95129172872	 1
6694.73	9.94736165775	 1
6699.61	9.94000643129	 1
6704.49	9.93702913185	 1
6709.37	9.93228269606	 1
6714.25	9.93488555013	 1
6719.13	9.93182765719	 1
6724.01	9.93346787056	 1
6728.9	9.93214361304	 1
6733.78	9.93286129363	 1
6738.66	9.93277628434	 1
6743.54	9.93218332108	 1
6748.42	9.93154975635	 1
6753.3	9.93369446579	 1
6758.19	9.93735289346	 1
6763.07	9.93970315445	 1
6767.95	9.94163596239	 1
6772.83	9.94401538557	 1
6777.71	9.94175675331	 1
6782.59	9.94659219183	 1
6787.48	9.94520183638	 1
6792.36	9.94486438926	 1
6797.24	9.9510253572	 1
6802.12	9.9527736792	 1
6807.0	9.95488761665	 1
6811.89	9.9564341471	 1
6816.77	9.9564353659	 1
6821.65	9.95983188363	 1
6826.53	9.95841314447	 1
6831.41	9.95959191688	 1
6836.3	9.96216929067	 1
6841.18	9.966755671	 1
6846.06	9.96856053088	 1
6850.94	9.96878466043	 1
6855.82	9.97453631522	 1
6860.71	9.98107275782	 1
6865.59	9.9828073138	 1
6870.47	9.99326211996	 1
6875.35	10.0050348796	 1
6880.24	10.009043677	 1
6885.12	10.0148083561	 1
6890.0	10.0214437689	 1
6894.88	10.0268300314	 1
6899.76	10.02049563	 1
6904.65	10.0116315458	 1
6909.53	10.0054481311	 1
6914.41	10.0028155448	 1
6919.29	10.0014746539	 1
6924.18	9.99636239942	 1
6929.06	9.99778964703	 1
6933.94	9.99645191846	 1
6938.82	9.99664524598	 1
6943.71	9.99707888196	 1
6948.59	9.99636845479	 1
6953.47	9.99676434625	 1
6958.35	9.9963466845	 1
6963.24	9.99742177912	 1
6968.12	9.99744451511	 1
6973.0	9.99800253712	 1
6977.89	9.99769038016	 1
6982.77	9.99917919749	 1
6987.65	10.0047760217	 1
6992.53	10.0031134038	 1
6997.42	10.0054636629	 1
7002.3	10.0091126128	 1
7007.18	10.0111542633	 1
7012.06	10.0142013148	 1
7016.95	10.0188124986	 1
7021.83	10.0179022665	 1
7026.71	10.0146961932	 1
7031.6	10.0172339249	 1
7036.48	10.0217025409	 1
7041.36	10.022566093	 1
7046.25	10.0234833577	 1
7051.13	10.0286252511	 1
7056.01	10.0333996084	 1
7060.89	10.0383144586	 1
7065.78	10.0471045085	 1
7070.66	10.0451896006	 1
7075.54	10.0342771637	 1
7080.43	10.0354584166	 1
7085.31	10.0384634663	 1
7090.19	10.0404475595	 1
7095.08	10.0424929855	 1
7099.96	10.0453920594	 1
7104.84	10.0446338059	 1
7109.73	10.0457118027	 1
7114.61	10.0502822806	 1
7119.49	10.0501682364	 1
7124.38	10.0548858997	 1
7129.26	10.0546769747	 1
7134.14	10.054363893	 1
7139.02	10.0571008907	 1
7143.91	10.059261204	 1
7148.79	10.0615995975	 1
7153.68	10.0712783941	 1
7158.56	10.0803619223	 1
7163.44	10.0883288993	 1
7168.33	10.1035652439	 1
7173.21	10.1127894846	 1
7178.09	10.124480254	 1
7182.98	10.1229438672	 1
7187.86	10.115151993	 1
7192.74	10.1048955714	 1
7197.63	10.0929060218	 1
7202.51	10.0869433333	 1
7207.39	10.0837373159	 1
7212.28	10.0801970517	 1
7217.16	10.0763861659	 1
7222.04	10.0741944687	 1
7226.93	10.0772431206	 1
7231.81	10.079753461	 1
7236.69	10.0772792398	 1
7241.58	10.0717841257	 1
7246.46	10.07115929	 1
7251.35	10.0779975401	 1
7256.23	10.0820132199	 1
7261.11	10.0875377816	 1
7266.0	10.0867027132	 1
7270.88	10.0846179765	 1
7275.76	10.0858989078	 1
7280.65	10.0913724726	 1
7285.53	10.0880224091	 1
7290.42	10.0884604986	 1
7295.3	10.0886755701	 1
7300.18	10.0903942143	 1
7305.07	10.0918306673	 1
7309.95	10.0931627017	 1
7314.83	10.0972410066	 1
7319.72	10.0998807991	 1
7324.6	10.1023049266	 1
7329.49	10.1045050456	 1
7334.37	10.1005274566	 1
7339.25	10.1005546715	 1
7344.14	10.1032984434	 1
7349.02	10.107606799	 1
7353.91	10.1065191127	 1
7358.79	10.110443527	 1
7363.67	10.1108580552	 1
7368.56	10.110973992	 1
7373.44	10.1135000012	 1
7378.33	10.1101368047	 1
7383.21	10.1127927488	 1
7388.09	10.111840357	 1
7392.98	10.1126978642	 1
7397.86	10.1213445892	 1
7402.75	10.1262726646	 1
7407.63	10.1251485227	 1
7412.51	10.1212660754	 1
7417.4	10.1254828498	 1
7422.28	10.1305378131	 1
7427.17	10.1276842295	 1
7432.05	10.1279910563	 1
7436.93	10.1282395465	 1
7441.82	10.1334710881	 1
7446.7	10.1363634088	 1
7451.59	10.1365686488	 1
7456.47	10.1365916223	 1
7461.36	10.1374329897	 1
7466.24	10.1410634708	 1
7471.12	10.1407841893	 1
7476.01	10.139110045	 1
7480.89	10.140102154	 1
7485.78	10.1408432387	 1
7490.66	10.1472784557	 1
7495.54	10.1483010813	 1
7500.43	10.1493272137	 1
7505.31	10.1532038974	 1
7510.2	10.1544437772	 1
7515.08	10.1527740157	 1
7519.97	10.1503899401	 1
7524.85	10.1527428336	 1
7529.73	10.15569662	 1
7534.62	10.1586005377	 1
7539.5	10.1611310261	 1
7544.39	10.1655885745	 1
7549.27	10.1712118805	 1
7554.16	10.1774147041	 1
7559.04	10.176213339	 1
7563.93	10.1815963947	 1
7568.81	10.1872973074	 1
7573.69	10.2003101869	 1
7578.58	10.2126790109	 1
7583.46	10.229115091	 1
7588.35	10.2493800031	 1
7593.23	10.2628174846	 1
7598.12	10.2626648385	 1
7603.0	10.2453362666	 1
7607.88	10.2276696852	 1
7612.77	10.2150899112	 1
7617.65	10.2072385733	 1
7622.54	10.2018620113	 1
7627.42	10.1987299017	 1
7632.31	10.1957376907	 1
7637.19	10.1954628706	 1
7642.08	10.1973494347	 1
7646.96	10.195195517	 1
7651.84	10.192415735	 1
7656.73	10.1937493553	 1
7661.61	10.189435914	 1
7666.5	10.1956004803	 1
7671.38	10.1991404506	 1
7676.27	10.1938877549	 1
7681.15	10.1946867275	 1
7686.04	10.1986653833	 1
7690.92	10.2032429744	 1
7695.8	10.2086409789	 1
7700.69	10.210485855	 1
7705.57	10.2088949623	 1
7710.46	10.2071587219	 1
7715.34	10.2068611184	 1
7720.23	10.206562639	 1
7725.11	10.2072764221	 1
7730.0	10.2056143579	 1
7734.88	10.2074156442	 1
7739.77	10.212342028	 1
7744.65	10.214901358	 1
7749.53	10.2192325494	 1
7754.42	10.2166181207	 1
7759.3	10.2209745259	 1
7764.19	10.221078655	 1
7769.07	10.2200826138	 1
7773.96	10.2154790055	 1
7778.84	10.2205266439	 1
7783.73	10.2236792969	 1
7788.61	10.2238778074	 1
7793.5	10.2252680258	 1
7798.38	10.2268929844	 1
7803.26	10.2273290471	 1
7808.15	10.2340053811	 1
7813.03	10.232121074	 1
7817.92	10.2325723611	 1
7822.8	10.2293320493	 1
7827.69	10.2323539827	 1
7832.57	10.2357771218	 1
7837.46	10.2371607373	 1
7842.34	10.2366473485	 1
7847.23	10.2393417558	 1
7852.11	10.2400597867	 1
7856.99	10.2387873279	 1
7861.88	10.2469079883	 1
7866.76	10.2436286906	 1
7871.65	10.2456816691	 1
7876.53	10.2478266321	 1
7881.42	10.2488123434	 1
7886.3	10.2473903708	 1
7891.19	10.2485386728	 1
7896.07	10.2448576195	 1
7900.96	10.2388510992	 1
7905.84	10.2431073025	 1
7910.72	10.249903165	 1
7915.61	10.2559676442	 1
7920.49	10.2620865634	 1
7925.38	10.2651334815	 1
7930.26	10.2649163864	 1
7935.15	10.2622184946	 1
7940.03	10.2641647419	 1
7944.92	10.2670841933	 1
7949.8	10.2635000905	 1
7954.69	10.2659454815	 1
7959.57	10.2671953768	 1
7964.45	10.2652992021	 1
7969.34	10.2666337341	 1
7974.22	10.2652235214	 1
7979.11	10.2622750824	 1
7983.99	10.2679187254	 1
7988.88	10.2687056039	 1
7993.76	10.273999681	 1
7998.65	10.278425521	 1
8003.53	10.281891731	 1
8008.41	10.2876272785	 1
8013.3	10.2863017645	 1
8018.18	10.2841468921	 1
8023.07	10.2844893827	 1
8027.95	10.2811696335	 1
8032.84	10.2785164798	 1
8037.72	10.2841193465	 1
8042.61	10.288923067	 1
8047.49	10.2920741161	 1
8052.38	10.295920582	 1
8057.26	10.2986018391	 1
8062.14	10.300614786	 1
8067.03	10.2989563275	 1
8071.91	10.291849345	 1
8076.8	10.2886663947	 1
8081.68	10.2890527102	 1
8086.57	10.2948996223	 1
8091.45	10.3035560699	 1
8096.33	10.3076114994	 1
8101.22	10.3050000402	 1
8106.1	10.3056000772	 1
8110.99	10.3073324213	 1
8115.87	10.3041133028	 1
8120.76	10.3085545927	 1
8125.64	10.3083861113	 1
8130.53	10.3111090754	 1
8135.41	10.3120022917	 1
8140.29	10.3154590476	 1
8145.18	10.3175164168	 1
8150.06	10.3197654286	 1
8154.95	10.3160656858	 1
8159.83	10.31867601	 1
8164.72	10.3209413108	 1
8169.6	10.3223262005	 1
8174.48	10.3244367066	 1
8179.37	10.3249356902	 1
8184.25	10.3336715367	 1
8189.14	10.3358299379	 1
8194.02	10.3390997761	 1
8198.91	10.3452380283	 1
8203.79	10.3473586224	 1
8208.67	10.3567432708	 1
8213.56	10.3626574638	 1
8218.44	10.3748810958	 1
8223.33	10.3845802242	 1
8228.21	10.4010143326	 1
8233.1	10.4188331942	 1
8237.98	10.4381112305	 1
8242.86	10.4430205067	 1
8247.75	10.4266619025	 1
8252.63	10.4082365364	 1
8257.52	10.3900757101	 1
8262.4	10.3785225077	 1
8267.29	10.3763701806	 1
8272.17	10.3680775059	 1
8277.05	10.3634512849	 1
8281.94	10.3629325752	 1
8286.82	10.3646182425	 1
8291.71	10.3655421789	 1
8296.59	10.3669548784	 1
8301.47	10.3739830662	 1
8306.36	10.3748391255	 1
8311.24	10.3693951138	 1
8316.13	10.3564726808	 1
8321.01	10.3606690086	 1
8325.89	10.3599733013	 1
8330.78	10.360432412	 1
8335.66	10.3660279602	 1
8340.55	10.3672801162	 1
8345.43	10.3718609105	 1
8350.31	10.3707870858	 1
8355.2	10.3775648998	 1
8360.08	10.3791579504	 1
8364.97	10.3777893987	 1
8369.85	10.3763254309	 1
8374.73	10.3778284612	 1
8379.62	10.373792182	 1
8384.5	10.3741092254	 1
8389.38	10.3730435591	 1
8394.27	10.3804184718	 1
8399.15	10.3848548216	 1
8404.04	10.3843931238	 1
8408.92	10.3821299549	 1
8413.8	10.3777678881	 1
8418.69	10.3850336454	 1
8423.57	10.381762802	 1
8428.46	10.3806031335	 1
8433.34	10.3845869657	 1
8438.22	10.3841393106	 1
8443.11	10.3880497867	 1
8447.99	10.3936226592	 1
8452.87	10.3971839224	 1
8457.76	10.3979836256	 1
8462.64	10.3899625129	 1
8467.53	10.3901403598	 1
8472.41	10.3866394517	 1
8477.29	10.3907143304	 1
8482.18	10.3894621096	 1
8487.06	10.3902683206	 1
8491.94	10.3930388671	 1
8496.83	10.3942693086	 1
8501.71	10.398208508	 1
8506.59	10.396650577	 1
8511.48	10.4018660232	 1
8516.36	10.4071234426	 1
8521.25	10.4109376983	 1
8526.13	10.4099058592	 1
8531.01	10.4090862316	 1
8535.9	10.4136732141	 1
8540.78	10.4129638078	 1
8545.66	10.4115107323	 1
8550.54	10.4087833198	 1
8555.43	10.410199946	 1
8560.31	10.4174043938	 1
8565.2	10.4076151658	 1
8570.08	10.4056334699	 1
8574.96	10.4073798367	 1
8579.85	10.4105239435	 1
8584.73	10.4169197621	 1
8589.61	10.4187097727	 1
8594.5	10.4275898363	 1
8599.38	10.4336739804	 1
8604.26	10.4324310665	 1
8609.14	10.4326405028	 1
8614.03	10.4298239308	 1
8618.91	10.4283523778	 1
8623.79	10.4262117703	 1
8628.68	10.4289948362	 1
8633.56	10.4281638031	 1
8638.44	10.4289445591	 1
8643.33	10.4356285129	 1
8648.21	10.4373767256	 1
8653.09	10.4376920132	 1
8657.98	10.4326186716	 1
8662.86	10.4358225921	 1
8667.74	10.4462506491	 1
8672.62	10.4486491088	 1
8677.51	10.4402745874	 1
8682.39	10.4433745687	 1
8687.27	10.4468557364	 1
8692.16	10.4466787565	 1
8697.04	10.4421694195	 1
8701.92	10.4342423264	 1
8706.8	10.4370860241	 1
8711.69	10.4456872965	 1
8716.57	10.4509455597	 1
8721.45	10.4565203832	 1
8726.34	10.4624266138	 1
8731.22	10.4594476742	 1
8736.1	10.4592558015	 1
8740.98	10.4643556574	 1
8745.87	10.4637370766	 1
8750.75	10.4609725188	 1
8755.63	10.4598085812	 1
8760.51	10.4575720894	 1
8765.4	10.4511144693	 1
8770.28	10.4554432773	 1
8775.16	10.4632884281	 1
8780.04	10.4635404664	 1
8784.93	10.4667565647	 1
8789.81	10.471526611	 1
8794.69	10.4737510282	 1
8799.57	10.4743609301	 1
8804.46	10.4707557999	 1
8809.34	10.4706856444	 1
8814.22	10.4658851563	 1
8819.1	10.4703715246	 1
8823.99	10.4747658667	 1
8828.87	10.481744362	 1
8833.75	10.486981305	 1
8838.63	10.4833728778	 1
8843.52	10.4780472927	 1
8848.4	10.4767282957	 1
8853.28	10.4766454157	 1
8858.16	10.4825373248	 1
8863.04	10.4906397145	 1
8867.93	10.49270728	 1
8872.81	10.498432964	 1
8877.69	10.4982205653	 1
8882.57	10.4931929814	 1
8887.45	10.4962946209	 1
8892.34	10.4990245493	 1
8897.22	10.4988571149	 1
8902.1	10.4963679605	 1
8906.98	10.5003810961	 1
8911.86	10.5025318548	 1
8916.75	10.5025234947	 1
8921.63	10.5000645606	 1
8926.51	10.500802845	 1
8931.39	10.5048187091	 1
8936.27	10.5075636881	 1
8941.15	10.5133879841	 1
8946.04	10.5167750428	 1
8950.92	10.5134870756	 1
8955.8	10.5087977592	 1
8960.68	10.5099550338	 1
8965.56	10.508721563	 1
8970.44	10.5121967045	 1
8975.33	10.5192466362	 1
8980.21	10.5201149575	 1
8985.09	10.5212218719	 1
8989.97	10.5173280048	 1
8994.85	10.5118509726	 1
8999.73	10.5137400498	 1
9004.61	10.5179801407	 1
9009.5	10.5232146337	 1
9014.38	10.5235332665	 1
9019.26	10.5231717014	 1
9024.14	10.5232844641	 1
9029.02	10.5206918827	 1
9033.9	10.5243336578	 1
9038.78	10.5266210049	 1
9043.67	10.5349054701	 1
9048.55	10.5359779983	 1
9053.43	10.535435813	 1
9058.31	10.5389313449	 1
9063.19	10.5376812055	 1
9068.07	10.5328909046	 1
9072.95	10.5289810966	 1
9077.83	10.5283211225	 1
9082.71	10.5314252151	 1
9087.59	10.537257352	 1
9092.47	10.5410039755	 1
9097.36	10.5463528371	 1
9102.24	10.5412520556	 1
9107.12	10.5381050174	 1
9112.0	10.540639319	 1
9116.88	10.5405666008	 1
9121.76	10.5437752356	 1
9126.64	10.5502912893	 1
9131.52	10.5573347107	 1
9136.4	10.5591644772	 1
9141.28	10.5515348543	 1
9146.16	10.5433801131	 1
9151.04	10.5416855391	 1
9155.92	10.5435840642	 1
9160.8	10.5492310272	 1
9165.68	10.5558432988	 1
9170.57	10.5594461271	 1
9175.45	10.5637638184	 1
9180.33	10.562327162	 1
9185.21	10.5572180026	 1
9190.09	10.5606122079	 1
9194.97	10.5602074669	 1
9199.85	10.5558973847	 1
9204.73	10.5584686647	 1
9209.61	10.5678214637	 1
9214.49	10.5768598719	 1
9219.37	10.5802549006	 1
9224.25	10.5839164903	 1
9229.13	10.5831746948	 1
9234.01	10.5838006271	 1
9238.89	10.5748816928	 1
9243.77	10.5819433038	 1
9248.65	10.5834207036	 1
9253.53	10.5856513383	 1
9258.41	10.5797741307	 1
9263.29	10.5739180637	 1
9268.17	10.58081424	 1
9273.05	10.5826135846	 1
9277.93	10.5845244208	 1
9282.81	10.5904467651	 1
9287.69	10.587767834	 1
9292.57	10.5855048692	 1
9297.45	10.5892316417	 1
9302.32	10.5802208941	 1
9307.2	10.5897019435	 1
9312.08	10.6079240921	 1
9316.96	10.6198010805	 1
9321.84	10.6313561612	 1
9326.72	10.6433912477	 1
9331.6	10.6569708054	 1
9336.48	10.6713979962	 1
9341.36	10.6917282581	 1
9346.24	10.7088394691	 1
9351.12	10.7031158112	 1
9356.0	10.6923485008	 1
9360.88	10.6722163517	 1
9365.76	10.6516304931	 1
9370.63	10.6382535617	 1
9375.51	10.6328929302	 1
9380.39	10.6253003671	 1
9385.27	10.6274991916	 1
9390.15	10.6284380799	 1
9395.03	10.6164516403	 1
9399.91	10.6137108099	 1
9404.79	10.6168702548	 1
9409.67	10.6150437651	 1
9414.54	10.6165983448	 1
9419.42	10.6190020843	 1
9424.3	10.620837479	 1
9429.18	10.6203408707	 1
9434.06	10.6163024765	 1
9438.94	10.6146475411	 1
9443.82	10.6158740911	 1
9448.69	10.612390023	 1
9453.57	10.6166317143	 1
9458.45	10.6252379207	 1
9463.33	10.6374113531	 1
9468.21	10.6418778792	 1
9473.09	10.6375036779	 1
9477.96	10.6409187	 1
9482.84	10.6412561801	 1
9487.72	10.6400581002	 1
9492.6	10.631620989	 1
9497.48	10.630569238	 1
9502.36	10.6357396956	 1
9507.23	10.6363256909	 1
9512.11	10.6413484285	 1
9516.99	10.6393070303	 1
9521.87	10.636373405	 1
9526.75	10.6474442475	 1
9531.62	10.65519002	 1
9536.5	10.6646107992	 1
9541.38	10.667486472	 1
9546.26	10.6609359419	 1
9551.13	10.661014603	 1
9556.01	10.6566174439	 1
9560.89	10.6587132024	 1
9565.77	10.6660956229	 1
9570.64	10.6587419205	 1
9575.52	10.6546744999	 1
9580.4	10.6606734497	 1
9585.28	10.6550041669	 1
9590.15	10.6498904577	 1
9595.03	10.6509062709	 1
9599.91	10.6415770867	 1
9604.79	10.6508734724	 1
9609.66	10.6560709608	 1
9614.54	10.6613543261	 1
9619.42	10.6685354177	 1
9624.29	10.6634655634	 1
9629.17	10.6660624461	 1
9634.05	10.6724986525	 1
9638.92	10.6807052287	 1
9643.8	10.6834788966	 1
9648.68	10.6720088487	 1
9653.56	10.6617646971	 1
9658.43	10.6613874365	 1
9663.31	10.6604615632	 1
9668.19	10.6607856105	 1
9673.06	10.6603601307	 1
9677.94	10.6678316693	 1
9682.82	10.6781782467	 1
9687.69	10.6823174982	 1
9692.57	10.6805577084	 1
9697.45	10.6784311016	 1
9702.32	10.6753115919	 1
9707.2	10.6698590733	 1
9712.07	10.681569928	 1
9716.95	10.6923271944	 1
9721.83	10.6922524027	 1
9726.7	10.6903453247	 1
9731.58	10.6812355684	 1
9736.46	10.6805536334	 1
9741.33	10.6930287526	 1
9746.21	10.6947564364	 1
9751.08	10.7010762196	 1
9755.96	10.6982557051	 1
9760.83	10.7036527451	 1
9765.71	10.6964657313	 1
9770.59	10.6927300576	 1
9775.46	10.6912698262	 1
9780.34	10.6977019785	 1
9785.21	10.7020553617	 1
9790.09	10.699552406	 1
9794.96	10.706985536	 1
9799.84	10.7000326635	 1
9804.72	10.6971290181	 1
9809.59	10.6984754363	 1
9814.47	10.7017479909	 1
9819.34	10.7030739486	 1
9824.22	10.700086732	 1
9829.09	10.7020948937	 1
9833.97	10.7009619027	 1
9838.84	10.6874206006	 1
9843.72	10.6818640197	 1
9848.59	10.6901332313	 1
9853.47	10.6959435562	 1
9858.34	10.6987540389	 1
9863.22	10.7010033102	 1
9868.09	10.6993951954	 1
9872.97	10.713980158	 1
9877.84	10.7155756286	 1
9882.72	10.7178546732	 1
9887.59	10.7119115856	 1
9892.47	10.7052412651	 1
9897.34	10.7019335862	 1
9902.22	10.7043916041	 1
9907.09	10.7117148351	 1
9911.96	10.7116091605	 1
9916.84	10.7237858108	 1
9921.71	10.7242099389	 1
9926.59	10.7257454333	 1
9931.46	10.719899739	 1
9936.34	10.715575141	 1
9941.21	10.7215152163	 1
9946.08	10.7274434778	 1
9950.96	10.7174162611	 1
9955.83	10.7196076639	 1
9960.71	10.7142772349	 1
9965.58	10.7255631344	 1
9970.45	10.7321575078	 1
9975.33	10.7317174927	 1
9980.2	10.7249320291	 1
9985.08	10.7265063555	 1
9989.95	10.7260880731	 1
9994.82	10.7253598863	 1
9999.7	10.7230576116	 1
10004.6	10.7243826356	 1
10009.4	10.7288182362	 1
10014.3	10.7321807427	 1
10019.2	10.7288644506	 1
10024.1	10.7506965878	 1
10028.9	10.7541858695	 1
10033.8	10.7527035554	 1
10038.7	10.7499184577	 1
10043.6	10.7551297502	 1
10048.4	10.7558675149	 1
10053.3	10.7677469131	 1
10058.2	10.7567632922	 1
10063.0	10.7716765636	 1
10067.9	10.7706605538	 1
10072.8	10.7622321851	 1
10077.7	10.759952332	 1
10082.5	10.7638012431	 1
10087.4	10.7575167623	 1
10092.3	10.7661236391	 1
10097.2	10.7672718057	 1
10102.0	10.7793599279	 1
10106.9	10.795160889	 1
10111.8	10.812218281	 1
10116.6	10.8217915653	 1
10121.5	10.8400033458	 1
10126.4	10.8476197966	 1
10131.3	10.85023485	 1
10136.1	10.8264532646	 1
10141.0	10.8114188253	 1
10145.9	10.7992801573	 1
10150.8	10.7886547704	 1
10155.6	10.7804319715	 1
10160.5	10.7666128412	 1
10165.4	10.7740846208	 1
10170.2	10.7765111103	 1
10175.1	10.7815107708	 1
10180.0	10.7716617399	 1
10184.9	10.7704485861	 1
10189.7	10.7655221773	 1
10194.6	10.7606098051	 1
10199.5	10.7650489216	 1
10204.3	10.7663373651	 1
10209.2	10.75125825	 1
10214.1	10.7497183138	 1
10219.0	10.7607964484	 1
10223.8	10.763117157	 1
