3100.0	12.4010316632	 1
3104.0	12.3982315695	 1
3108.0	12.3973167968	 1
3112.0	12.3957772736	 1
3116.0	12.3942515664	 1
3120.0	12.3927221196	 1
3124.0	12.3911976973	 1
3128.0	12.3896871043	 1
3132.0	12.3881727239	 1
3136.0	12.3866721821	 1
3140.0	12.385167821	 1
3144.0	12.383668456	 1
3148.0	12.382182944	 1
3152.0	12.3806935652	 1
3156.0	12.3792180493	 1
3160.0	12.377738635	 1
3164.0	12.3762641898	 1
3168.0	12.3748036228	 1
3172.0	12.3733391104	 1
3176.0	12.3718795513	 1
3180.0	12.3704338863	 1
3184.0	12.368984229	 1
3188.0	12.3675484768	 1
3192.0	12.366108701	 1
3196.0	12.3646738533	 1
3200.0	12.3632529279	 1
3204.0	12.3618279321	 1
3208.0	12.3604078497	 1
3212.0	12.3590017073	 1
3216.0	12.3575914481	 1
3220.0	12.3561951411	 1
3224.0	12.3547946863	 1
3228.0	12.3533991215	 1
3232.0	12.3520175275	 1
3236.0	12.3506317396	 1
3240.0	12.349250828	 1
3244.0	12.3478839066	 1
3248.0	12.3465127453	 1
3252.0	12.3451555875	 1
3256.0	12.3437941592	 1
3260.0	12.3424375854	 1
3264.0	12.3410950356	 1
3268.0	12.3397481694	 1
3272.0	12.3384061453	 1
3276.0	12.3370781661	 1
3280.0	12.335745825	 1
3284.0	12.3344275433	 1
3288.0	12.3330863878	 1
3292.0	12.3323515384	 1
3296.0	12.3301590758	 1
3300.0	12.328201629	 1
3304.0	12.3299537148	 1
3308.0	12.3301304928	 1
3312.0	12.3263689426	 1
3316.0	12.3221092106	 1
3320.0	12.3229954027	 1
3324.0	12.320866233	 1
3328.0	12.319581581	 1
3332.0	12.3184514797	 1
3336.0	12.3186023152	 1
3340.0	12.3166104742	 1
3344.0	12.318245937	 1
3348.0	12.3128346222	 1
3352.0	12.3110884997	 1
3356.0	12.3111748739	 1
3360.0	12.309126145	 1
3364.0	12.3115853464	 1
3368.0	12.3062393352	 1
3372.0	12.3092475849	 1
3376.0	12.304991658	 1
3380.0	12.3057003895	 1
3384.0	12.3029607411	 1
3388.0	12.3035417393	 1
3392.0	12.2988905567	 1
3396.0	12.2999108303	 1
3400.0	12.2992014934	 1
3404.0	12.2962174301	 1
3408.0	12.2990031936	 1
3412.0	12.2942647207	 1
3416.0	12.2936617064	 1
3420.0	12.2917362393	 1
3424.0	12.2921082955	 1
3428.0	12.2891099223	 1
3432.0	12.2906556796	 1
3436.0	12.2879617201	 1
3440.0	12.2887704638	 1
3444.0	12.2862275425	 1
3448.0	12.283648712	 1
3452.0	12.2851874942	 1
3456.0	12.2843698636	 1
3460.0	12.2831472681	 1
3464.0	12.2820758822	 1
3468.0	12.2761405172	 1
3472.0	12.2796532034	 1
3476.0	12.2791558249	 1
3480.0	12.2752933371	 1
3484.0	12.2777567579	 1
3488.0	12.2729112024	 1
3492.0	12.2749772485	 1
3496.0	12.2717407085	 1
3500.0	12.2738978713	 1
3504.0	12.2691988856	 1
3508.0	12.2708157478	 1
3512.0	12.2684702623	 1
3516.0	12.2664853147	 1
3520.0	12.2687870527	 1
3524.0	12.2642068168	 1
3528.0	12.2663757869	 1
3532.0	12.2630551184	 1
3536.0	12.2639314017	 1
3540.0	12.2619778727	 1
3544.0	12.261966208	 1
3548.0	12.25833089	 1
3552.0	12.2605041285	 1
3556.0	12.2576265096	 1
3560.0	12.2556189242	 1
3564.0	12.2603860505	 1
3568.0	12.2551109228	 1
3572.0	12.2531033336	 1
3576.0	12.2532088304	 1
3580.0	12.2531397768	 1
3584.0	12.2523954303	 1
3588.0	12.252779932	 1
3592.0	12.2489000908	 1
3596.0	12.2494674286	 1
3600.0	12.2482410898	 1
3604.0	12.2504085151	 1
3608.0	12.2453281607	 1
3612.0	12.2451514194	 1
3616.0	12.2461470304	 1
3620.0	12.246007883	 1
3624.0	12.2463423757	 1
3628.0	12.2417003238	 1
3632.0	12.2469670995	 1
3636.0	12.2420177229	 1
3640.0	12.2439614669	 1
3644.0	12.2380768536	 1
3648.0	12.24256919	 1
3652.0	12.2427144996	 1
3656.0	12.239697744	 1
3660.0	12.2386029586	 1
3664.0	12.2401003201	 1
3668.0	12.2384896547	 1
3672.0	12.238359797	 1
3676.0	12.2384170765	 1
3680.0	12.2386096601	 1
3684.0	12.2349039271	 1
3688.0	12.2362629518	 1
3692.0	12.2374452387	 1
3696.0	12.2342194206	 1
3700.0	12.2349129544	 1
3704.0	12.2365827978	 1
3708.0	12.2354414263	 1
3712.0	12.2314365811	 1
3716.0	12.2312772346	 1
3720.0	12.2336798299	 1
3724.0	12.2344158471	 1
3728.0	12.2302029416	 1
3732.0	12.2335206535	 1
3736.0	12.2291630974	 1
3740.0	12.2296237891	 1
3744.0	12.230257593	 1
3748.0	12.2317536087	 1
3752.0	12.2272401377	 1
3756.0	12.2292650163	 1
3760.0	12.2298517747	 1
3764.0	12.2291043467	 1
3768.0	12.2248915597	 1
3772.0	12.2287531242	 1
3776.0	12.2297530808	 1
3780.0	12.2245790465	 1
3784.0	12.2270682602	 1
3788.0	12.2236413031	 1
3792.0	12.2280365715	 1
3796.0	12.2265798407	 1
3800.0	12.2240974936	 1
3804.0	12.2268763107	 1
3808.0	12.2219974127	 1
3812.0	12.2235454754	 1
3816.0	12.2275665152	 1
3820.0	12.2224705782	 1
3824.0	12.224491529	 1
3828.0	12.221693286	 1
3832.0	12.2196628351	 1
3836.0	12.2261735937	 1
3840.0	12.2222885972	 1
3844.0	12.2229475622	 1
3848.0	12.2215933202	 1
3852.0	12.2208207254	 1
3856.0	12.2203342685	 1
3860.0	12.223434261	 1
3864.0	12.2199173121	 1
3868.0	12.2215732986	 1
3872.0	12.2212970791	 1
3876.0	12.2159610649	 1
3880.0	12.2227796432	 1
3884.0	12.2212491714	 1
3888.0	12.2198960739	 1
3892.0	12.2202857299	 1
3896.0	12.2170578381	 1
3900.0	12.2205634343	 1
3904.0	12.217751542	 1
3908.0	12.2173263029	 1
3912.0	12.2183647227	 1
3916.0	12.2186493758	 1
3920.0	12.2171699796	 1
3924.0	12.2182229641	 1
3928.0	12.2155926918	 1
3932.0	12.2195746961	 1
3936.0	12.2162437218	 1
3940.0	12.216636929	 1
3944.0	12.2155771685	 1
3948.0	12.21839656	 1
3952.0	12.2160873243	 1
3956.0	12.2156923706	 1
3960.0	12.2148505556	 1
3964.0	12.2160256929	 1
3968.0	12.2175401515	 1
3972.0	12.215554348	 1
3976.0	12.2136240425	 1
3980.0	12.2146748433	 1
3984.0	12.2158824156	 1
3988.0	12.2151888942	 1
3992.0	12.2123682636	 1
3996.0	12.2153294806	 1
4000.0	12.2146408972	 1
4004.0	12.2153154576	 1
4008.0	12.2137203209	 1
4012.0	12.2146425562	 1
4016.0	12.2124169779	 1
4020.0	12.2145082026	 1
4024.0	12.2120378156	 1
4028.0	12.2139773276	 1
4032.0	12.2131264152	 1
4036.0	12.2142854092	 1
4040.0	12.2119284687	 1
4044.0	12.2124493401	 1
4048.0	12.2135458445	 1
4052.0	12.2113873798	 1
4056.0	12.2126639101	 1
4060.0	12.2109993035	 1
4064.0	12.2127433699	 1
4068.0	12.2127054751	 1
4072.0	12.2112412911	 1
4076.0	12.2102677529	 1
4080.0	12.2115405764	 1
4084.0	12.2105862846	 1
4088.0	12.2120322675	 1
4092.0	12.2110962348	 1
4096.0	12.2096591675	 1
4100.0	12.2113964991	 1
4104.0	12.2087948789	 1
4108.0	12.2104401329	 1
4112.0	12.2117295311	 1
4116.0	12.2075910369	 1
4120.0	12.2086481936	 1
4124.0	12.2114385862	 1
4128.0	12.2082513834	 1
4132.0	12.2079232226	 1
4136.0	12.2101704269	 1
4140.0	12.2093908965	 1
4144.0	12.2074507503	 1
4148.0	12.2095095839	 1
4152.0	12.2089572004	 1
4156.0	12.2074854507	 1
4160.0	12.2082816367	 1
4164.0	12.2092118007	 1
4168.0	12.2093478368	 1
4172.0	12.2058931142	 1
4176.0	12.2080921075	 1
4180.0	12.208155471	 1
4184.0	12.2085905691	 1
4188.0	12.2076676135	 1
4192.0	12.2066515997	 1
4196.0	12.2092779694	 1
4200.0	12.2065243441	 1
4204.0	12.208689714	 1
4208.0	12.2071177508	 1
4212.0	12.2063275934	 1
4216.0	12.2073268851	 1
4220.0	12.2057724709	 1
4224.0	12.2062835608	 1
4228.0	12.2087549301	 1
4232.0	12.2060013669	 1
4236.0	12.2066631594	 1
4240.0	12.2075992214	 1
4244.0	12.2046444209	 1
4248.0	12.2067880872	 1
4252.0	12.2074705322	 1
4256.0	12.2051176695	 1
4260.0	12.2045167592	 1
4264.0	12.207728982	 1
4268.0	12.2055018483	 1
4272.0	12.204703244	 1
4276.0	12.2065669323	 1
4280.0	12.2051348346	 1
4284.0	12.2061138113	 1
4288.0	12.2036491222	 1
4292.0	12.2065305402	 1
4296.0	12.2044979341	 1
4300.0	12.2040476099	 1
4304.0	12.208494677	 1
4308.0	12.2038746232	 1
4312.0	12.2081629741	 1
4316.0	12.2050480536	 1
4320.0	12.2078030768	 1
4324.0	12.2052590998	 1
4328.0	12.2093914698	 1
4332.0	12.2095463709	 1
4336.0	12.2052613604	 1
4340.0	12.208913574	 1
4344.0	12.2104730152	 1
4348.0	12.2081229484	 1
4352.0	12.208614876	 1
4356.0	12.209347324	 1
4360.0	12.2092342787	 1
4364.0	12.2105024166	 1
4368.0	12.2079547735	 1
4372.0	12.2106874924	 1
4376.0	12.2080538164	 1
4380.0	12.2104402608	 1
4384.0	12.2102566737	 1
4388.0	12.2109437551	 1
4392.0	12.2097522835	 1
4396.0	12.2108676138	 1
4400.0	12.2091494922	 1
4404.0	12.2111622003	 1
4408.0	12.213036731	 1
4412.0	12.2100193364	 1
4416.0	12.2109924063	 1
4420.0	12.2119408927	 1
4424.0	12.2142221801	 1
4428.0	12.2104648943	 1
4432.0	12.213279441	 1
4436.0	12.2126098093	 1
4440.0	12.2120776175	 1
4444.0	12.2136157262	 1
4448.0	12.2115698469	 1
4452.0	12.2108161505	 1
4456.0	12.2157295911	 1
4460.0	12.2101359858	 1
4464.0	12.2127992492	 1
4468.0	12.2125877459	 1
4472.0	12.2132575313	 1
4476.0	12.2110972385	 1
4480.0	12.2103795527	 1
4484.0	12.2141316967	 1
4488.0	12.2112624937	 1
4492.0	12.2114213951	 1
4496.0	12.2106194084	 1
4500.0	12.2119159492	 1
4504.0	12.2111250471	 1
4508.0	12.2114809893	 1
4512.0	12.2106971052	 1
4516.0	12.2121797091	 1
4520.0	12.2101277713	 1
4524.0	12.2126741944	 1
4528.0	12.2127155867	 1
4532.0	12.2099436408	 1
4536.0	12.2117677299	 1
4540.0	12.2118749703	 1
4544.0	12.2117887797	 1
4548.0	12.2101306738	 1
4552.0	12.2127223691	 1
4556.0	12.2108483497	 1
4560.0	12.2125727572	 1
4564.0	12.2103364066	 1
4568.0	12.2126289787	 1
4572.0	12.2112041395	 1
4576.0	12.2114136206	 1
4580.0	12.21468564	 1
4584.0	12.2097187799	 1
4588.0	12.2117805858	 1
4592.0	12.2141169253	 1
4596.0	12.2121422297	 1
4600.0	12.2105390953	 1
4604.0	12.2123836636	 1
4608.0	12.212799135	 1
4612.0	12.2127051586	 1
4616.0	12.2137067733	 1
4620.0	12.2128722648	 1
4624.0	12.2131591477	 1
4628.0	12.2145084814	 1
4632.0	12.2148571035	 1
4636.0	12.2140704028	 1
4640.0	12.2132748734	 1
4644.0	12.2167265023	 1
4648.0	12.2157665228	 1
4652.0	12.2150279038	 1
4656.0	12.2157879142	 1
4660.0	12.2171946352	 1
4664.0	12.2168690266	 1
4668.0	12.2156859667	 1
4672.0	12.2180131617	 1
4676.0	12.2194168786	 1
4680.0	12.2167474759	 1
4684.0	12.2168416696	 1
4688.0	12.2206506037	 1
4692.0	12.2197627493	 1
4696.0	12.2199026328	 1
4700.0	12.2213279881	 1
4704.0	12.2158159647	 1
4708.0	12.2226324956	 1
4712.0	12.2224958767	 1
4716.0	12.2211316161	 1
4720.0	12.2213554233	 1
4724.0	12.2213506526	 1
4728.0	12.2229687163	 1
4732.0	12.2233184916	 1
4736.0	12.2231214188	 1
4740.0	12.2246700969	 1
4744.0	12.2236850967	 1
4748.0	12.2245698572	 1
4752.0	12.2252287579	 1
4756.0	12.2244542664	 1
4760.0	12.2273744898	 1
4764.0	12.2249462565	 1
4768.0	12.2271648351	 1
4772.0	12.227178495	 1
4776.0	12.2281946907	 1
4780.0	12.2279835107	 1
4784.0	12.2262593268	 1
4788.0	12.2317807247	 1
4792.0	12.228224899	 1
4796.0	12.2291627344	 1
4800.0	12.2285340028	 1
4804.0	12.2318093864	 1
4808.0	12.2312192934	 1
4812.0	12.2310499755	 1
4816.0	12.2318684654	 1
4820.0	12.2318098785	 1
4824.0	12.2329284875	 1
4828.0	12.2328604202	 1
4832.0	12.2327074533	 1
4836.0	12.2328354833	 1
4840.0	12.2324700564	 1
4844.0	12.2348472004	 1
4848.0	12.2343288767	 1
4852.0	12.2335381013	 1
4856.0	12.2351026123	 1
4860.0	12.2338304341	 1
4864.0	12.2351585542	 1
4868.0	12.232872901	 1
4872.0	12.2380914768	 1
4876.0	12.2349903782	 1
4880.0	12.2336201469	 1
4884.0	12.2381089783	 1
4888.0	12.2363387409	 1
4892.0	12.238575105	 1
4896.0	12.2379521745	 1
4900.0	12.237232334	 1
4904.0	12.237726784	 1
4908.0	12.2414092821	 1
4912.0	12.2391389343	 1
4916.0	12.2381622325	 1
4920.0	12.2405757305	 1
4924.0	12.2411544038	 1
4928.0	12.2387629419	 1
4932.0	12.2399204883	 1
4936.0	12.2392635565	 1
4940.0	12.2413909514	 1
4944.0	12.2397196523	 1
4948.0	12.2396499599	 1
4952.0	12.2390709684	 1
4956.0	12.2417168057	 1
4960.0	12.2405981292	 1
4964.0	12.240569626	 1
4968.0	12.2405801392	 1
4972.0	12.2419676845	 1
4976.0	12.2386507495	 1
4980.0	12.2400806545	 1
4984.0	12.2420600174	 1
4988.0	12.2401949634	 1
4992.0	12.243726427	 1
4996.0	12.2382701377	 1
5000.0	12.2405906861	 1
5004.0	12.2424099335	 1
5008.0	12.2419612258	 1
5012.0	12.2421056585	 1
5016.0	12.2408651045	 1
5020.0	12.2428662475	 1
5024.0	12.2420488947	 1
5028.0	12.2426463504	 1
5032.0	12.2425570262	 1
5036.0	12.2428624761	 1
5040.0	12.2436208883	 1
5044.0	12.2438233664	 1
5048.0	12.2437076203	 1
5052.0	12.244729252	 1
5056.0	12.2389579115	 1
5060.0	12.2458296994	 1
5064.0	12.2450047473	 1
5068.0	12.2456797731	 1
5072.0	12.2439139161	 1
5076.0	12.2446089794	 1
5080.0	12.2451439236	 1
5084.0	12.2459621246	 1
5088.0	12.2465975213	 1
5092.0	12.243255593	 1
5096.0	12.2468004499	 1
5100.0	12.2467564919	 1
5104.0	12.2453600242	 1
5108.0	12.2471931676	 1
5112.0	12.2464540236	 1
5116.0	12.2483624511	 1
5120.0	12.2453128904	 1
5124.0	12.2503691393	 1
5128.0	12.2449379133	 1
5132.0	12.2481008798	 1
5136.0	12.2498576346	 1
5140.0	12.2475929799	 1
5144.0	12.2479595366	 1
5148.0	12.2487420308	 1
5152.0	12.2498634337	 1
5156.0	12.2495638411	 1
5160.0	12.2496571417	 1
5164.0	12.2499805561	 1
5168.0	12.2496661264	 1
5172.0	12.2506000618	 1
5176.0	12.24945758	 1
5180.0	12.2522565738	 1
5184.0	12.2515772137	 1
5188.0	12.2493740053	 1
5192.0	12.252749281	 1
5196.0	12.2519096874	 1
5200.0	12.2516765369	 1
5204.0	12.2521467647	 1
5208.0	12.2530768273	 1
5212.0	12.2538222863	 1
5216.0	12.2519427429	 1
5220.0	12.2544554606	 1
5224.0	12.2526838227	 1
5228.0	12.2548017265	 1
5232.0	12.2549052288	 1
5236.0	12.2534743472	 1
5240.0	12.2556555818	 1
5244.0	12.2548293655	 1
5248.0	12.2564416517	 1
5252.0	12.2555530504	 1
5256.0	12.2557475877	 1
5260.0	12.2582242978	 1
5264.0	12.2555829833	 1
5268.0	12.2563488394	 1
5272.0	12.258116389	 1
5276.0	12.2566956382	 1
5280.0	12.2588999465	 1
5284.0	12.2606592083	 1
5288.0	12.2571534778	 1
5292.0	12.2593180938	 1
5296.0	12.2597705383	 1
5300.0	12.2616413855	 1
5304.0	12.2591290062	 1
5308.0	12.2610739741	 1
5312.0	12.2610530567	 1
5316.0	12.2648784849	 1
5320.0	12.2613685517	 1
5324.0	12.2630113619	 1
5328.0	12.2659943271	 1
5332.0	12.2636213459	 1
5336.0	12.2627363033	 1
5340.0	12.2666272245	 1
5344.0	12.2651801032	 1
5348.0	12.2653430918	 1
5352.0	12.2670550385	 1
5356.0	12.267115847	 1
5360.0	12.2680775285	 1
5364.0	12.270252846	 1
5368.0	12.2666028306	 1
5372.0	12.2693448437	 1
5376.0	12.2695140863	 1
5380.0	12.2722996743	 1
5384.0	12.2710320694	 1
5388.0	12.2700584131	 1
5392.0	12.2740715465	 1
5396.0	12.2714120635	 1
5400.0	12.2720767239	 1
5404.0	12.2751158509	 1
5408.0	12.2736582286	 1
5412.0	12.276031275	 1
5416.0	12.276186134	 1
5420.0	12.2750089439	 1
5424.0	12.2772219145	 1
5428.0	12.2763379202	 1
5432.0	12.2779385979	 1
5436.0	12.279333552	 1
5440.0	12.2803475367	 1
5444.0	12.2791394629	 1
5448.0	12.279530152	 1
5452.0	12.279826464	 1
5456.0	12.2831848685	 1
5460.0	12.2801339492	 1
5464.0	12.283015874	 1
5468.0	12.2815413364	 1
5472.0	12.2821441632	 1
5476.0	12.280784543	 1
5480.0	12.2871860878	 1
5484.0	12.2825768851	 1
5488.0	12.2826167376	 1
5492.0	12.2867360029	 1
5496.0	12.2808921694	 1
5500.0	12.2880259981	 1
5504.0	12.2870254293	 1
5508.0	12.2839201724	 1
5512.0	12.2865576773	 1
5516.0	12.2873809936	 1
5520.0	12.2868920936	 1
5524.0	12.2880706711	 1
5528.0	12.2897692656	 1
5532.0	12.2875587584	 1
5536.0	12.2887896449	 1
5540.0	12.2896381671	 1
5544.0	12.2922856819	 1
5548.0	12.2897761539	 1
5552.0	12.2903747697	 1
5556.0	12.2906692214	 1
5560.0	12.2948486012	 1
5564.0	12.2927411988	 1
5568.0	12.291680511	 1
5572.0	12.2967324199	 1
5576.0	12.2922933652	 1
5580.0	12.2934732571	 1
5584.0	12.2975952406	 1
5588.0	12.2951352817	 1
5592.0	12.2970224827	 1
5596.0	12.2984705174	 1
5600.0	12.2995354698	 1
5604.0	12.2971977838	 1
5608.0	12.2970881056	 1
5612.0	12.3001785769	 1
5616.0	12.300115807	 1
5620.0	12.3048696582	 1
5624.0	12.3000337639	 1
5628.0	12.3009945842	 1
5632.0	12.3037236278	 1
5636.0	12.3023666729	 1
5640.0	12.3040058262	 1
5644.0	12.3036820011	 1
5648.0	12.305418651	 1
5652.0	12.3044609306	 1
5656.0	12.305374147	 1
5660.0	12.304686941	 1
5664.0	12.3058076499	 1
5668.0	12.3062793928	 1
5672.0	12.306527812	 1
5676.0	12.3065813548	 1
5680.0	12.3084564108	 1
5684.0	12.3055564642	 1
5688.0	12.3109161989	 1
5692.0	12.3080303641	 1
5696.0	12.3077694061	 1
5700.0	12.3084281791	 1
5704.0	12.3102409471	 1
5708.0	12.3092743571	 1
5712.0	12.3115249356	 1
5716.0	12.3097451353	 1
5720.0	12.3099439558	 1
5724.0	12.3112933046	 1
5728.0	12.3124449159	 1
5732.0	12.3115400833	 1
5736.0	12.3125528663	 1
5740.0	12.3146380448	 1
5744.0	12.3114930221	 1
5748.0	12.3115694106	 1
5752.0	12.3142419576	 1
5756.0	12.3162818389	 1
5760.0	12.311568617	 1
5764.0	12.3183443124	 1
5768.0	12.3151275534	 1
5772.0	12.3127414776	 1
5776.0	12.317439765	 1
5780.0	12.3169263561	 1
5784.0	12.3171895542	 1
5788.0	12.3150967522	 1
5792.0	12.3188846267	 1
5796.0	12.3188100231	 1
5800.0	12.3143517238	 1
5804.0	12.3201907274	 1
5808.0	12.3212043505	 1
5812.0	12.3192018369	 1
5816.0	12.3224731045	 1
5820.0	12.3225933106	 1
5824.0	12.3256701473	 1
5828.0	12.3285793722	 1
5832.0	12.3311795398	 1
5836.0	12.3356183965	 1
5840.0	12.3323753779	 1
5844.0	12.3371614274	 1
5848.0	12.3432234827	 1
5852.0	12.34323569	 1
5856.0	12.3438162436	 1
5860.0	12.3518539152	 1
5864.0	12.3569170359	 1
5868.0	12.3582490728	 1
5872.0	12.359435414	 1
5876.0	12.3601451069	 1
5880.0	12.3560442829	 1
5884.0	12.3452835912	 1
5888.0	12.3387411496	 1
5892.0	12.3342234649	 1
5896.0	12.3317462434	 1
5900.0	12.336446032	 1
5904.0	12.3326458756	 1
5908.0	12.3349013471	 1
5912.0	12.3357022521	 1
5916.0	12.3371032661	 1
5920.0	12.3398323177	 1
5924.0	12.3355028269	 1
5928.0	12.3402296961	 1
5932.0	12.3381241643	 1
5936.0	12.3372014384	 1
5940.0	12.341674358	 1
5944.0	12.3402277783	 1
5948.0	12.3425276998	 1
5952.0	12.3414492527	 1
5956.0	12.3416302953	 1
5960.0	12.3418882574	 1
5964.0	12.3418495103	 1
5968.0	12.3431709072	 1
5972.0	12.3453756603	 1
5976.0	12.3463137764	 1
5980.0	12.342894292	 1
5984.0	12.3425254333	 1
5988.0	12.3464722642	 1
5992.0	12.3456305208	 1
5996.0	12.3459897775	 1
6000.0	12.3449584298	 1
6004.0	12.3454448664	 1
6008.0	12.3452927686	 1
6012.0	12.3448152167	 1
6016.0	12.3450649061	 1
6020.0	12.3454059226	 1
6024.0	12.3448850516	 1
6028.0	12.3453141046	 1
6032.0	12.3463012629	 1
6036.0	12.3465252334	 1
6040.0	12.3470369449	 1
6044.0	12.3474075717	 1
6048.0	12.3481847196	 1
6052.0	12.3487576928	 1
6056.0	12.3493767053	 1
6060.0	12.3500770773	 1
6064.0	12.3506675943	 1
6068.0	12.34995787	 1
6072.0	12.3497358733	 1
6076.0	12.3498205561	 1
6080.0	12.349751065	 1
6084.0	12.3497195575	 1
6088.0	12.3505983139	 1
6092.0	12.3527096342	 1
6096.0	12.3545191611	 1
6100.0	12.3580888568	 1
6104.0	12.360143636	 1
6108.0	12.3619059421	 1
6112.0	12.3636227176	 1
6116.0	12.364546167	 1
6120.0	12.3650732935	 1
6124.0	12.365175533	 1
6128.0	12.365988629	 1
6132.0	12.3646014585	 1
6136.0	12.3665820859	 1
6140.0	12.3669141814	 1
6144.0	12.3692963794	 1
6148.0	12.3686306382	 1
6152.0	12.3701398843	 1
6156.0	12.3693177431	 1
6160.0	12.3691471107	 1
6164.0	12.3699762261	 1
6168.0	12.3704708888	 1
6172.0	12.37166459	 1
6176.0	12.3714155746	 1
6180.0	12.3728706915	 1
6184.0	12.3728176464	 1
6188.0	12.3743401135	 1
6192.0	12.3739368704	 1
6196.0	12.3753250605	 1
6200.0	12.3746369135	 1
6204.0	12.376220782	 1
6208.0	12.375540301	 1
6212.0	12.3764768747	 1
6216.0	12.3778013199	 1
6220.0	12.3784781772	 1
6224.0	12.3779617929	 1
6228.0	12.3795454143	 1
6232.0	12.3793041147	 1
6236.0	12.3803279115	 1
6240.0	12.3808953214	 1
6244.0	12.3812720642	 1
6248.0	12.3824205141	 1
6252.0	12.3834673104	 1
6256.0	12.3836404357	 1
6260.0	12.3861004485	 1
6264.0	12.3853853544	 1
6268.0	12.3855558225	 1
6272.0	12.3900261816	 1
6276.0	12.3903332955	 1
6280.0	12.3901073322	 1
6284.0	12.3930284689	 1
6288.0	12.3933922856	 1
6292.0	12.3911114575	 1
6296.0	12.393554103	 1
6300.0	12.395231315	 1
6304.0	12.3951866144	 1
6308.0	12.3966687946	 1
6312.0	12.397400353	 1
6316.0	12.3983903336	 1
6320.0	12.399444417	 1
6324.0	12.4005375528	 1
6328.0	12.4010467195	 1
6332.0	12.4016950859	 1
6336.0	12.4029261094	 1
6340.0	12.403122995	 1
6344.0	12.4046523415	 1
6348.0	12.40508927	 1
6352.0	12.4067362844	 1
6356.0	12.4068059536	 1
6360.0	12.4080595106	 1
6364.0	12.4085555367	 1
6368.0	12.4095836067	 1
6372.0	12.4105320911	 1
6376.0	12.4114863651	 1
6380.0	12.4114736976	 1
6384.0	12.4127448793	 1
6388.0	12.4144405145	 1
6392.0	12.4143601414	 1
6396.0	12.4154358059	 1
6400.0	12.4166425586	 1
6404.0	12.4174242475	 1
6408.0	12.4171979299	 1
6412.0	12.4180485667	 1
6416.0	12.4193882586	 1
6420.0	12.4230447189	 1
6424.0	12.4156618624	 1
6428.0	12.4269704444	 1
6432.0	12.4176662462	 1
6436.0	12.4271421977	 1
6440.0	12.4240068971	 1
6444.0	12.4188530682	 1
6448.0	12.4307611371	 1
6452.0	12.4251612737	 1
6456.0	12.4250904499	 1
6460.0	12.4294800896	 1
6464.0	12.4296768085	 1
6468.0	12.4241334363	 1
6472.0	12.4333099291	 1
6476.0	12.4322274507	 1
6480.0	12.4280703873	 1
6484.0	12.434060746	 1
6488.0	12.4310782562	 1
6492.0	12.4360825383	 1
6496.0	12.4347846225	 1
6500.0	12.4316075986	 1
6504.0	12.4373572205	 1
6508.0	12.4316249754	 1
6512.0	12.4355639256	 1
6516.0	12.4454458266	 1
6520.0	12.437364542	 1
6524.0	12.4390087247	 1
6528.0	12.4412854721	 1
6532.0	12.4408893322	 1
6536.0	12.4462179255	 1
6540.0	12.4493603073	 1
6544.0	12.4579084182	 1
6548.0	12.468829696	 1
6552.0	12.4711601622	 1
6556.0	12.4827960467	 1
6560.0	12.4908482951	 1
6564.0	12.5073175499	 1
6568.0	12.5041025095	 1
6572.0	12.4913978536	 1
6576.0	12.4883694384	 1
6580.0	12.4669245474	 1
6584.0	12.4701396927	 1
6588.0	12.4600578266	 1
6592.0	12.4524613127	 1
6596.0	12.4594218015	 1
6600.0	12.4539315539	 1
6604.0	12.4519710474	 1
6608.0	12.4456021236	 1
6612.0	12.4490593598	 1
6616.0	12.4538506552	 1
6620.0	12.4540738947	 1
6624.0	12.4546817663	 1
6628.0	12.4552728184	 1
6632.0	12.4558595796	 1
6636.0	12.4564462336	 1
6640.0	12.4570285447	 1
6644.0	12.4576107107	 1
6648.0	12.4581248985	 1
6652.0	12.4584773566	 1
6656.0	12.4588246341	 1
6660.0	12.4591709571	 1
6664.0	12.4595163129	 1
6668.0	12.4598606886	 1
6672.0	12.4602083492	 1
6676.0	12.4605550172	 1
6680.0	12.4609006797	 1
6684.0	12.461249621	 1
6688.0	12.4616018478	 1
6692.0	12.4619487464	 1
6696.0	12.4622989177	 1
6700.0	12.4626523683	 1
6704.0	12.4630004452	 1
6708.0	12.4633561249	 1
6712.0	12.4637064049	 1
6716.0	12.4640599515	 1
6720.0	12.4644124151	 1
6724.0	12.4647681453	 1
6728.0	12.4651227796	 1
6732.0	12.4654806805	 1
6736.0	12.4658374723	 1
6740.0	12.4661931415	 1
6744.0	12.4665520709	 1
6748.0	12.4669098646	 1
6752.0	12.467266509	 1
6756.0	12.467626407	 1
6760.0	12.4679895651	 1
6764.0	12.4683471311	 1
6768.0	12.46871238	 1
6772.0	12.4690720099	 1
6776.0	12.4694348862	 1
6780.0	12.4698010158	 1
6784.0	12.4701659421	 1
6788.0	12.4705296515	 1
6792.0	12.4708921303	 1
6796.0	12.4712488816	 1
6800.0	12.4716088515	 1
6804.0	12.4719675499	 1
6808.0	12.4723294666	 1
6812.0	12.4726900976	 1
6816.0	12.4730584639	 1
6820.0	12.4735703282	 1
6824.0	12.4741584004	 1
6828.0	12.474736794	 1
6832.0	12.4753145453	 1
6836.0	12.475891641	 1
6840.0	12.4764635042	 1
6844.0	12.4770392407	 1
6848.0	12.4776051231	 1
6852.0	12.4781748518	 1
6856.0	12.4787438418	 1
6860.0	12.4793074771	 1
6864.0	12.479870331	 1
6868.0	12.4804277717	 1
6872.0	12.4809890134	 1
6876.0	12.4815355321	 1
6880.0	12.4818491418	 1
6884.0	12.4820124453	 1
6888.0	12.4821783558	 1
6892.0	12.482342219	 1
6896.0	12.4825133496	 1
6900.0	12.4826824288	 1
6904.0	12.4828494424	 1
6908.0	12.4830190588	 1
6912.0	12.4831912823	 1
6916.0	12.4833661168	 1
6920.0	12.483538865	 1
6924.0	12.4837142203	 1
6928.0	12.4838874728	 1
6932.0	12.484063328	 1
6936.0	12.484279601	 1
6940.0	12.4846500475	 1
6944.0	12.4850426057	 1
6948.0	12.4854288812	 1
6952.0	12.4858183476	 1
6956.0	12.4862062493	 1
6960.0	12.4865973408	 1
6964.0	12.4869916288	 1
6968.0	12.487384336	 1
6972.0	12.4877754476	 1
6976.0	12.4881697467	 1
6980.0	12.48856724	 1
6984.0	12.4889631214	 1
6988.0	12.4893573757	 1
6992.0	12.4897596426	 1
6996.0	12.4901554465	 1
7000.0	12.4905544344	 1
7004.0	12.4909566128	 1
7008.0	12.4913571318	 1
7012.0	12.4917608402	 1
7016.0	12.4921628732	 1
7020.0	12.4925680942	 1
7024.0	12.4930546904	 1
7028.0	12.4937062529	 1
7032.0	12.4943667104	 1
7036.0	12.4950262752	 1
7040.0	12.4956898529	 1
7044.0	12.4963475959	 1
7048.0	12.497009339	 1
7052.0	12.4976652001	 1
7056.0	12.4983250482	 1
7060.0	12.4989839303	 1
7064.0	12.4996418313	 1
7068.0	12.5002987358	 1
7072.0	12.5009546284	 1
7076.0	12.5016144922	 1
7080.0	12.5022683237	 1
7084.0	12.5029261127	 1
7088.0	12.5035828454	 1
7092.0	12.5042385062	 1
7096.0	12.5048930795	 1
7100.0	12.5055465497	 1
7104.0	12.5061887824	 1
7108.0	12.5068349136	 1
7112.0	12.5074748	 1
7116.0	12.5081185706	 1
7120.0	12.5087560471	 1
7124.0	12.5093973932	 1
7128.0	12.5100375074	 1
7132.0	12.5106814939	 1
7136.0	12.5112524285	 1
7140.0	12.5116163897	 1
7144.0	12.5119627626	 1
7148.0	12.5123120682	 1
7152.0	12.5126643124	 1
7156.0	12.5130143348	 1
7160.0	12.513362119	 1
7164.0	12.513712829	 1
7168.0	12.5140664708	 1
7172.0	12.5144178541	 1
7176.0	12.5147721657	 1
7180.0	12.5151242004	 1
7184.0	12.5154791598	 1
7188.0	12.5158370496	 1
7192.0	12.5162659115	 1
7196.0	12.5169076014	 1
7200.0	12.5175688715	 1
7204.0	12.5182340311	 1
7208.0	12.5188925511	 1
7212.0	12.5195602239	 1
7216.0	12.5201048954	 1
7220.0	12.5204994853	 1
7224.0	12.5209023999	 1
7228.0	12.5213030474	 1
7232.0	12.5217067293	 1
7236.0	12.5221081251	 1
7240.0	12.5226459201	 1
7244.0	12.5232993856	 1
7248.0	12.5239566805	 1
7252.0	12.5244676759	 1
7256.0	12.5248424102	 1
7260.0	12.5252254613	 1
7264.0	12.5256060885	 1
7268.0	12.5259896672	 1
7272.0	12.5263708024	 1
7276.0	12.5267548853	 1
7280.0	12.5272502582	 1
7284.0	12.5278357296	 1
7288.0	12.5284139034	 1
7292.0	12.5289956226	 1
7296.0	12.5295754433	 1
7300.0	12.530158809	 1
7304.0	12.530740258	 1
7308.0	12.5313197724	 1
7312.0	12.5319028222	 1
7316.0	12.532483919	 1
7320.0	12.5330685508	 1
7324.0	12.533651211	 1
7328.0	12.5342318816	 1
7332.0	12.5348160773	 1
7336.0	12.5353982645	 1
7340.0	12.5359784251	 1
7344.0	12.5365621006	 1
7348.0	12.5371437305	 1
7352.0	12.5377288747	 1
7356.0	12.5383119543	 1
7360.0	12.5388985472	 1
7364.0	12.5394830565	 1
7368.0	12.5400654635	 1
7372.0	12.5406513733	 1
7376.0	12.5412351615	 1
7380.0	12.5418111672	 1
7384.0	12.5422832787	 1
7388.0	12.5427302389	 1
7392.0	12.5431802652	 1
7396.0	12.5436276882	 1
7400.0	12.544072489	 1
7404.0	12.5445203418	 1
7408.0	12.5449655514	 1
7412.0	12.545413809	 1
7416.0	12.5458594026	 1
7420.0	12.5463080402	 1
7424.0	12.5467597282	 1
7428.0	12.5472029849	 1
7432.0	12.5476550237	 1
7436.0	12.5481043541	 1
7440.0	12.5485509569	 1
7444.0	12.5490005914	 1
7448.0	12.5494474768	 1
7452.0	12.5498973897	 1
7456.0	12.5503445321	 1
7460.0	12.5507946977	 1
7464.0	12.5512420711	 1
7468.0	12.5516924633	 1
7472.0	12.5521458807	 1
7476.0	12.5525906345	 1
7480.0	12.5530442479	 1
7484.0	12.5534950236	 1
7488.0	12.5539429418	 1
7492.0	12.5543938653	 1
7496.0	12.5548419094	 1
7500.0	12.555292954	 1
7504.0	12.5557470057	 1
7508.0	12.5561981535	 1
7512.0	12.5566463776	 1
7516.0	12.5570975928	 1
7520.0	12.5575518056	 1
7524.0	12.5580030699	 1
7528.0	12.5584573271	 1
7532.0	12.5589086132	 1
7536.0	12.5593569083	 1
7540.0	12.5598141678	 1
7544.0	12.5602624346	 1
7548.0	12.5607196785	 1
7552.0	12.5611739038	 1
7556.0	12.56162509	 1
7560.0	12.5620852814	 1
7564.0	12.5625363875	 1
7568.0	12.5629965115	 1
7572.0	12.5634475094	 1
7576.0	12.5639075379	 1
7580.0	12.5643644763	 1
7584.0	12.5648183041	 1
7588.0	12.5652750955	 1
7592.0	12.565734857	 1
7596.0	12.5661914818	 1
7600.0	12.5666510714	 1
7604.0	12.567107501	 1
7608.0	12.5675668898	 1
7612.0	12.5680230952	 1
7616.0	12.5684822545	 1
7620.0	12.5689382066	 1
7624.0	12.569397107	 1
7628.0	12.569858962	 1
7632.0	12.5703175833	 1
7636.0	12.5707729501	 1
7640.0	12.5712374666	 1
7644.0	12.5716925009	 1
7648.0	12.5721566975	 1
7652.0	12.5726113695	 1
7656.0	12.5730752165	 1
7660.0	12.5735357549	 1
7664.0	12.5739992314	 1
7668.0	12.5744593752	 1
7672.0	12.574916165	 1
7676.0	12.57538217	 1
7680.0	12.5758448151	 1
7684.0	12.5763040786	 1
7688.0	12.5767662624	 1
7692.0	12.5772313725	 1
7696.0	12.5776930734	 1
7700.0	12.5781576947	 1
7704.0	12.5786188821	 1
7708.0	12.5790829837	 1
7712.0	12.5795436265	 1
7716.0	12.5800071773	 1
7720.0	12.5804736422	 1
7724.0	12.5809366202	 1
7728.0	12.5814025061	 1
7732.0	12.5818648801	 1
7736.0	12.5823301554	 1
7740.0	12.5827983384	 1
7744.0	12.5832629811	 1
7748.0	12.5837305249	 1
7752.0	12.584194503	 1
7756.0	12.5846613757	 1
7760.0	12.5851311492	 1
7764.0	12.5855973283	 1
7768.0	12.5860664015	 1
7772.0	12.5865318546	 1
7776.0	12.5870524368	 1
7780.0	12.5876676351	 1
7784.0	12.5882730722	 1
7788.0	12.5888818169	 1
7792.0	12.5894938772	 1
7796.0	12.5901092613	 1
7800.0	12.5907213845	 1
7804.0	12.591336827	 1
7808.0	12.5919489828	 1
7812.0	12.5925710776	 1
7816.0	12.5931832461	 1
7820.0	12.59380537	 1
7824.0	12.5944241768	 1
7828.0	12.5950463097	 1
7832.0	12.5956717769	 1
7836.0	12.5962938986	 1
7840.0	12.5969193498	 1
7844.0	12.5975481389	 1
7848.0	12.5981735537	 1
7852.0	12.5988023014	 1
7856.0	12.5994343904	 1
7860.0	12.6000630763	 1
7864.0	12.6006950984	 1
7868.0	12.6013304652	 1
7872.0	12.6019420445	 1
7876.0	12.6025025339	 1
7880.0	12.6030525248	 1
7884.0	12.6036055942	 1
7888.0	12.6041617494	 1
7892.0	12.6047141605	 1
7896.0	12.6052764982	 1
7900.0	12.6058350852	 1
7904.0	12.6063967658	 1
7908.0	12.6069546682	 1
7912.0	12.6075225469	 1
7916.0	12.6080866408	 1
7920.0	12.608653836	 1
7924.0	12.6092172187	 1
7928.0	12.6097906278	 1
7932.0	12.6103602175	 1
7936.0	12.6109329165	 1
7940.0	12.6115017682	 1
7944.0	12.6120806967	 1
7948.0	12.6126557712	 1
7952.0	12.6132339627	 1
7956.0	12.6138433061	 1
7960.0	12.6146804669	 1
7964.0	12.6155708327	 1
7968.0	12.6164512782	 1
7972.0	12.6173429127	 1
7976.0	12.6182316459	 1
7980.0	12.6191245353	 1
7984.0	12.6200215937	 1
7988.0	12.6208730673	 1
7992.0	12.621557639	 1
7996.0	12.6222313852	 1
8000.0	12.6229013894	 1
8004.0	12.6235747811	 1
8008.0	12.6242444018	 1
8012.0	12.6249245831	 1
8016.0	12.6256009876	 1
8020.0	12.626273589	 1
8024.0	12.6269567887	 1
8028.0	12.6276361795	 1
8032.0	12.628311735	 1
8036.0	12.6289979267	 1
8040.0	12.629680277	 1
8044.0	12.6303660321	 1
8048.0	12.6310479162	 1
8052.0	12.6317331989	 1
8056.0	12.632421889	 1
8060.0	12.6331066753	 1
8064.0	12.6338021949	 1
8068.0	12.6344864604	 1
8072.0	12.6351814769	 1
8076.0	12.6358725533	 1
8080.0	12.6365670424	 1
8084.0	12.637257561	 1
8088.0	12.6379588899	 1
8092.0	12.638648826	 1
8096.0	12.6393495902	 1
8100.0	12.6400463471	 1
8104.0	12.6407465216	 1
8108.0	12.6414426581	 1
8112.0	12.6421422057	 1
8116.0	12.6428451733	 1
8120.0	12.6435440686	 1
8124.0	12.6442463773	 1
8128.0	12.6449521084	 1
8132.0	12.6456612707	 1
8136.0	12.6463663229	 1
8140.0	12.6470747996	 1
8144.0	12.6477791348	 1
8148.0	12.6484868877	 1
8152.0	12.6491980674	 1
8156.0	12.6499126828	 1
8160.0	12.6506231181	 1
8164.0	12.6513369822	 1
8168.0	12.6520542842	 1
8172.0	12.6527673707	 1
8176.0	12.653483888	 1
8180.0	12.6541961578	 1
8184.0	12.6549195514	 1
8188.0	12.6556309775	 1
8192.0	12.6563535456	 1
8196.0	12.6570718266	 1
8200.0	12.6577935422	 1
8204.0	12.6585187015	 1
8208.0	12.6592395374	 1
8212.0	12.6599638098	 1
8216.0	12.6606915277	 1
8220.0	12.6614148856	 1
8224.0	12.6621416816	 1
8228.0	12.6628719249	 1
8232.0	12.6635977713	 1
8236.0	12.6643113252	 1
8240.0	12.6648707086	 1
8244.0	12.6653935588	 1
8248.0	12.6659192133	 1
8252.0	12.6664397659	 1
8256.0	12.6669631122	 1
8260.0	12.6674892582	 1
8264.0	12.6680102633	 1
8268.0	12.6685340574	 1
8272.0	12.6690606467	 1
8276.0	12.6695900372	 1
8280.0	12.6701142421	 1
8284.0	12.6706412375	 1
8288.0	12.6711710294	 1
8292.0	12.6716955962	 1
8296.0	12.6722229486	 1
8300.0	12.6727530927	 1
8304.0	12.6732860347	 1
8308.0	12.6738217807	 1
8312.0	12.6743522507	 1
8316.0	12.6748855136	 1
8320.0	12.6754134658	 1
8324.0	12.6759523214	 1
8328.0	12.6764858551	 1
8332.0	12.6770221829	 1
8336.0	12.6775531539	 1
8340.0	12.6780950766	 1
8344.0	12.6786316312	 1
8348.0	12.6791709809	 1
8352.0	12.6797049273	 1
8356.0	12.680249874	 1
8360.0	12.6807894059	 1
8364.0	12.681331734	 1
8368.0	12.6818768644	 1
8372.0	12.6824165387	 1
8376.0	12.6830252198	 1
8380.0	12.683752959	 1
8384.0	12.6844923694	 1
8388.0	12.6852351828	 1
8392.0	12.6859814084	 1
8396.0	12.6867227099	 1
8400.0	12.6874674145	 1
8404.0	12.6882071585	 1
8408.0	12.6889586825	 1
8412.0	12.6897052368	 1
8416.0	12.6904552029	 1
8420.0	12.69120859	 1
8424.0	12.6919569658	 1
8428.0	12.6927172086	 1
8432.0	12.6934724307	 1
8436.0	12.6942225995	 1
8440.0	12.6949846769	 1
8444.0	12.6957416914	 1
8448.0	12.6965021357	 1
8452.0	12.6972660189	 1
8456.0	12.6980247969	 1
8460.0	12.6987870042	 1
8464.0	12.6995526502	 1
8468.0	12.700321744	 1
8472.0	12.7010856849	 1
8476.0	12.7018530639	 1
8480.0	12.7026238904	 1
8484.0	12.7033981737	 1
8488.0	12.704167256	 1
8492.0	12.7049397852	 1
8496.0	12.7057157706	 1
8500.0	12.7064952218	 1
8504.0	12.7072694233	 1
8508.0	12.7080470805	 1
8512.0	12.7088282028	 1
8516.0	12.7096127997	 1
8520.0	12.7103920977	 1
8524.0	12.7111748602	 1
8528.0	12.7119610966	 1
8532.0	12.7127419896	 1
8536.0	12.7135263462	 1
8540.0	12.714314176	 1
8544.0	12.7151054884	 1
8548.0	12.7158914073	 1
8552.0	12.7166807985	 1
8556.0	12.7174736714	 1
8560.0	12.7182700356	 1
8564.0	12.7190609558	 1
8568.0	12.7198553567	 1
8572.0	12.720653248	 1
8576.0	12.7214456494	 1
8580.0	12.7222415305	 1
8584.0	12.7230409009	 1
8588.0	12.7238437701	 1
8592.0	12.7246410979	 1
8596.0	12.7254419137	 1
8600.0	12.7262462272	 1
8604.0	12.727054048	 1
8608.0	12.7278562753	 1
8612.0	12.728661999	 1
8616.0	12.7294620876	 1
8620.0	12.7302748179	 1
8624.0	12.7310819019	 1
8628.0	12.7318924905	 1
8632.0	12.7326973911	 1
8636.0	12.7335150028	 1
8640.0	12.7343269151	 1
8644.0	12.7351330914	 1
8648.0	12.7359520237	 1
8652.0	12.7367652084	 1
8656.0	12.7375819043	 1
8660.0	12.7383928102	 1
8664.0	12.7392072155	 1
8668.0	12.7400251301	 1
8672.0	12.7407529885	 1
8676.0	12.7413997234	 1
8680.0	12.7420494254	 1
8684.0	12.7427021018	 1
8688.0	12.7433483455	 1
8692.0	12.7440069779	 1
8696.0	12.7446591635	 1
8700.0	12.7453048664	 1
8704.0	12.745962994	 1
8708.0	12.7466146246	 1
8712.0	12.7472597222	 1
8716.0	12.7479077655	 1
8720.0	12.7485587618	 1
8724.0	12.7492127181	 1
8728.0	12.7498600834	 1
8732.0	12.7505103942	 1
8736.0	12.7511636576	 1
8740.0	12.7518102789	 1
8744.0	12.7524694544	 1
8748.0	12.753112342	 1
8752.0	12.7537677981	 1
8756.0	12.7544165532	 1
8760.0	12.7550682455	 1
8764.0	12.7557228819	 1
8768.0	12.7563707656	 1
8772.0	12.7570312971	 1
8776.0	12.7576753273	 1
8780.0	12.7583320196	 1
8784.0	12.7589818994	 1
8788.0	12.7596347072	 1
8792.0	12.7602904501	 1
8796.0	12.7609491353	 1
8800.0	12.7616009476	 1
8804.0	12.7622556867	 1
8808.0	12.7629035078	 1
8812.0	12.7635641069	 1
8816.0	12.7643067116	 1
8820.0	12.7650822136	 1
8824.0	12.7658511068	 1
8828.0	12.7666232826	 1
8832.0	12.7673888032	 1
8836.0	12.7681575919	 1
8840.0	12.7689196785	 1
8844.0	12.7696950133	 1
8848.0	12.7704536203	 1
8852.0	12.7712254928	 1
8856.0	12.7719906014	 1
8860.0	12.7727489062	 1
8864.0	12.7735104431	 1
8868.0	12.7742752205	 1
8872.0	12.775043247	 1
8876.0	12.7758044072	 1
8880.0	12.7765586608	 1
8884.0	12.777326281	 1
8888.0	12.7780768064	 1
8892.0	12.7788407152	 1
8896.0	12.7795976541	 1
8900.0	12.7803578042	 1
8904.0	12.781110936	 1
8908.0	12.7818672634	 1
8912.0	12.782616524	 1
8916.0	12.7833689642	 1
8920.0	12.7841245923	 1
8924.0	12.784873097	 1
8928.0	12.7856247735	 1
8932.0	12.7863796302	 1
8936.0	12.7871273063	 1
8940.0	12.7878781463	 1
8944.0	12.7886217565	 1
8948.0	12.7893685142	 1
8952.0	12.7901184275	 1
8956.0	12.7908610534	 1
8960.0	12.7916068182	 1
8964.0	12.7923452459	 1
8968.0	12.7930867959	 1
8972.0	12.7938314763	 1
8976.0	12.7945687611	 1
8980.0	12.7953091595	 1
8984.0	12.7960421121	 1
8988.0	12.7967781611	 1
8992.0	12.7975173145	 1
8996.0	12.7982489632	 1
9000.0	12.798983699	 1
9004.0	12.7997215299	 1
9008.0	12.8004517968	 1
9012.0	12.8011744577	 1
9016.0	12.801910871	 1
9020.0	12.8026396607	 1
9024.0	12.8033607845	 1
9028.0	12.804095701	 1
9032.0	12.8048121667	 1
9036.0	12.8055424405	 1
9040.0	12.8062649794	 1
9044.0	12.8069905581	 1
9048.0	12.8077083502	 1
9052.0	12.808429164	 1
9056.0	12.8091443131	 1
9060.0	12.8098624723	 1
9064.0	12.8105781987	 1
9068.0	12.8112936583	 1
9072.0	12.8120088434	 1
9076.0	12.8127215562	 1
9080.0	12.8134339727	 1
9084.0	12.8141449867	 1
9088.0	12.8148545854	 1
9092.0	12.8155627561	 1
9096.0	12.8162694859	 1
9100.0	12.8170222906	 1
9104.0	12.8178313455	 1
9108.0	12.8186392523	 1
9112.0	12.8194471092	 1
9116.0	12.8202537962	 1
9120.0	12.821060415	 1
9124.0	12.8218669582	 1
9128.0	12.8226711825	 1
9132.0	12.8234764289	 1
9136.0	12.8242804522	 1
9140.0	12.825078746	 1
9144.0	12.8258195182	 1
9148.0	12.8265441865	 1
9152.0	12.8272695988	 1
9156.0	12.827994622	 1
9160.0	12.8287203801	 1
9164.0	12.8294457363	 1
9168.0	12.8301718182	 1
9172.0	12.8308974855	 1
9176.0	12.831623869	 1
9180.0	12.8323498251	 1
9184.0	12.8330764881	 1
9188.0	12.8338027106	 1
9192.0	12.8345296306	 1
9196.0	12.835257245	 1
9200.0	12.8359832514	 1
9204.0	12.836709939	 1
9208.0	12.8374373049	 1
9212.0	12.8381641908	 1
9216.0	12.8388905885	 1
9220.0	12.8396176479	 1
9224.0	12.8403442056	 1
9228.0	12.8410714153	 1
9232.0	12.8417981097	 1
9236.0	12.8425242805	 1
9240.0	12.8432510864	 1
9244.0	12.8439773549	 1
9248.0	12.8447030775	 1
9252.0	12.8454294182	 1
9256.0	12.8461551991	 1
9260.0	12.8468851175	 1
9264.0	12.8474047606	 1
9268.0	12.8477286079	 1
9272.0	12.8480590497	 1
9276.0	12.8483913768	 1
9280.0	12.8487255925	 1
9284.0	12.8490616998	 1
9288.0	12.8493997019	 1
9292.0	12.8497431651	 1
9296.0	12.8502740585	 1
9300.0	12.8509335823	 1
9304.0	12.8515898863	 1
9308.0	12.8522441454	 1
9312.0	12.8528975415	 1
9316.0	12.8535512633	 1
9320.0	12.854204107	 1
9324.0	12.8548548616	 1
9328.0	12.8555071225	 1
9332.0	12.8561584807	 1
9336.0	12.8568077198	 1
9340.0	12.8574584511	 1
9344.0	12.8581070444	 1
9348.0	12.8587559093	 1
9352.0	12.8594038276	 1
9356.0	12.8600520054	 1
9360.0	12.8606992211	 1
9364.0	12.861345465	 1
9368.0	12.8619919486	 1
9372.0	12.8626386673	 1
9376.0	12.8632843925	 1
9380.0	12.8639303407	 1
9384.0	12.8645752794	 1
9388.0	12.8652216586	 1
9392.0	12.8658657843	 1
9396.0	12.8665101083	 1
9400.0	12.8671558611	 1
9404.0	12.8677993328	 1
9408.0	12.8684442244	 1
9412.0	12.8690892962	 1
9416.0	12.8697333014	 1
9420.0	12.8703774742	 1
9424.0	12.8710230558	 1
9428.0	12.8716675517	 1
9432.0	12.8723122013	 1
9436.0	12.8729570002	 1
9440.0	12.8736019435	 1
9444.0	12.8742470267	 1
9448.0	12.8748935018	 1
9452.0	12.8755388525	 1
9456.0	12.8761855893	 1
9460.0	12.8768324509	 1
9464.0	12.8774794324	 1
9468.0	12.878127795	 1
9472.0	12.878775004	 1
9476.0	12.8794235882	 1
9480.0	12.8800735482	 1
9484.0	12.8807236116	 1
9488.0	12.8813750486	 1
9492.0	12.8820253062	 1
9496.0	12.88267821	 1
9500.0	12.8833312052	 1
9504.0	12.8839855693	 1
9508.0	12.8846400188	 1
9512.0	12.8852958347	 1
9516.0	12.8859530178	 1
9520.0	12.8866115688	 1
9524.0	12.8872701966	 1
9528.0	12.8879314833	 1
9532.0	12.8885928445	 1
9536.0	12.8892555724	 1
9540.0	12.8899196676	 1
9544.0	12.890586432	 1
9548.0	12.8912532659	 1
9552.0	12.8919214691	 1
9556.0	12.8925923492	 1
9560.0	12.893263295	 1
9564.0	12.8939382333	 1
9568.0	12.8946132388	 1
9572.0	12.8952909352	 1
9576.0	12.8959700126	 1
9580.0	12.8966504718	 1
9584.0	12.8973336335	 1
9588.0	12.8980195043	 1
9592.0	12.8987067667	 1
9596.0	12.8993954213	 1
9600.0	12.9000881249	 1
9604.0	12.90078223	 1
9608.0	12.9014777373	 1
9612.0	12.9021773154	 1
9616.0	12.9028783052	 1
9620.0	12.9035833829	 1
9624.0	12.9042898819	 1
9628.0	12.9050004863	 1
9632.0	12.9057071465	 1
9636.0	12.9066938272	 1
9640.0	12.9079822173	 1
9644.0	12.9092835153	 1
9648.0	12.91061404	 1
9652.0	12.9117134189	 1
9656.0	12.9122759818	 1
9660.0	12.9128000756	 1
9664.0	12.9133209616	 1
9668.0	12.9138372588	 1
9672.0	12.9143475794	 1
9676.0	12.9148546309	 1
9680.0	12.9153556581	 1
9684.0	12.9158533755	 1
9688.0	12.916343648	 1
9692.0	12.9168511851	 1
9696.0	12.9175646305	 1
9700.0	12.9183401189	 1
9704.0	12.919115791	 1
9708.0	12.9197782423	 1
9712.0	12.9204197573	 1
9716.0	12.9210638169	 1
9720.0	12.9217104269	 1
9724.0	12.9223595932	 1
9728.0	12.9230099291	 1
9732.0	12.9236642239	 1
9736.0	12.9243210928	 1
9740.0	12.9249805419	 1
9744.0	12.9256425772	 1
9748.0	12.9263072048	 1
9752.0	12.9269730261	 1
9756.0	12.9276428545	 1
9760.0	12.9283152935	 1
9764.0	12.9289903493	 1
9768.0	12.9296680281	 1
9772.0	12.9303483362	 1
9776.0	12.9310298628	 1
9780.0	12.931715446	 1
9784.0	12.9324036773	 1
9788.0	12.9330945631	 1
9792.0	12.9337881096	 1
9796.0	12.9344843234	 1
9800.0	12.9351817815	 1
9804.0	12.9358833469	 1
9808.0	12.936587599	 1
9812.0	12.9372945441	 1
9816.0	12.938004189	 1
9820.0	12.9387165401	 1
9824.0	12.9394301621	 1
9828.0	12.9401479435	 1
9832.0	12.9408684511	 1
9836.0	12.9415916917	 1
9840.0	12.9423176718	 1
9844.0	12.9430449458	 1
9848.0	12.9437764235	 1
9852.0	12.9445106612	 1
9856.0	12.945247666	 1
9860.0	12.9459874445	 1
9864.0	12.9467300038	 1
9868.0	12.9474738852	 1
9872.0	12.9482220248	 1
9876.0	12.9489729662	 1
9880.0	12.9497267164	 1
9884.0	12.9504832825	 1
9888.0	12.951241195	 1
9892.0	12.9520034122	 1
9896.0	12.9527684669	 1
9900.0	12.9535363663	 1
9904.0	12.9543071176	 1
9908.0	12.9550807281	 1
9912.0	12.955855715	 1
9916.0	12.9566350639	 1
9920.0	12.9574172941	 1
9924.0	12.9582024132	 1
9928.0	12.9589904285	 1
9932.0	12.9597813477	 1
9936.0	12.9605736743	 1
9940.0	12.9613704215	 1
9944.0	12.9621700954	 1
9948.0	12.9629727035	 1
9952.0	12.9637782536	 1
9956.0	12.9645867534	 1
9960.0	12.9653966926	 1
9964.0	12.9662111129	 1
9968.0	12.9670285062	 1
9972.0	12.9678488807	 1
9976.0	12.9686722441	 1
9980.0	12.9694970746	 1
9984.0	12.9703264375	 1
9988.0	12.9711588134	 1
9992.0	12.9719942104	 1
9996.0	12.9736643022	 1
10000.0	12.9727955395	 1
