1140.1	9.13773795621	 1
1141.1	9.1142146675	 1
1142.1	9.12067385863	 1
1143.1	9.10790644279	 1
1144.1	9.1194344412	 1
1145.1	9.09929895962	 1
1146.1	9.07446971349	 1
1147.1	9.10977179008	 1
1148.1	9.11353861095	 1
1149.15	9.11975543028	 1
1150.15	9.10225093255	 1
1151.15	9.09755845657	 1
1152.15	9.11219387977	 1
1153.15	9.09662317423	 1
1154.15	9.10892433272	 1
1155.15	9.11127116216	 1
1156.18	9.12718723816	 1
1157.2	9.13726613733	 1
1158.2	9.12098995993	 1
1159.2	9.1325038111	 1
1160.2	9.12982438412	 1
1161.2	9.11835801549	 1
1162.2	9.10321008321	 1
1163.2	9.10513928193	 1
1164.23	9.11531594364	 1
1165.25	9.134108744	 1
1166.25	9.12424639279	 1
1167.25	9.13843775092	 1
1168.25	9.14044222461	 1
1169.25	9.12522348518	 1
1170.25	9.13460347822	 1
1171.3	9.12930231638	 1
1172.3	9.12868874498	 1
1173.3	9.13462582655	 1
1174.3	9.1630759987	 1
1175.3	9.19623282963	 1
1176.3	9.17961831371	 1
1177.3	9.1424616793	 1
1178.33	9.1292270382	 1
1179.35	9.14224554161	 1
1180.35	9.14483736687	 1
1181.35	9.14197547376	 1
1182.35	9.15694317749	 1
1183.35	9.1723720095	 1
1184.38	9.17159704717	 1
1185.4	9.16252791531	 1
1186.4	9.16633960412	 1
1187.4	9.1656434553	 1
1188.4	9.17840050656	 1
1189.4	9.18454937419	 1
1190.4	9.2022418261	 1
1191.43	9.18062683049	 1
1192.45	9.20429972091	 1
1193.45	9.22845103401	 1
1194.45	9.18873927501	 1
1195.45	9.16554343004	 1
1196.45	9.17237521452	 1
1197.48	9.17810997939	 1
1198.5	9.20538489427	 1
1199.5	9.26555054757	 1
1200.5	9.24791738398	 1
1201.5	9.2186562617	 1
1202.5	9.22908906656	 1
1203.5	9.24342513809	 1
1204.55	9.25062447615	 1
1205.55	9.25399148683	 1
1206.55	9.29411257018	 1
1207.55	9.29709586317	 1
1208.55	9.34610102928	 1
1209.58	9.3881854995	 1
1210.6	9.42387026639	 1
1211.6	9.49558434229	 1
1212.6	9.59936661406	 1
1213.6	9.77572418822	 1
1214.6	10.0789246959	 1
1215.62	10.3671776276	 1
1216.65	10.0242031934	 1
1217.65	9.78219581509	 1
1218.65	9.64005718301	 1
1219.65	9.52890210302	 1
1220.65	9.4678640802	 1
1221.7	9.42506542614	 1
1222.7	9.36880920665	 1
1223.7	9.32914094251	 1
1224.7	9.30986294613	 1
1225.7	9.29063814824	 1
1226.7	9.27433235191	 1
1227.75	9.24812492954	 1
1228.75	9.25257670056	 1
1229.75	9.26019564676	 1
1230.75	9.25008143998	 1
1231.75	9.2393791753	 1
1232.78	9.23967532516	 1
1233.8	9.24855814799	 1
1234.8	9.22989601434	 1
1235.8	9.23383596618	 1
1236.8	9.22709232771	 1
1237.8	9.23868526784	 1
1238.83	9.2599378899	 1
1239.85	9.22807000685	 1
1240.85	9.23066301821	 1
1241.85	9.25122843004	 1
1242.85	9.25792062679	 1
1243.88	9.23066173281	 1
1244.9	9.23104043565	 1
1245.9	9.23235206795	 1
1246.9	9.23260306539	 1
1247.9	9.23005996728	 1
1248.9	9.23432542582	 1
1249.95	9.24856347105	 1
1250.95	9.25109132846	 1
1251.95	9.24416454907	 1
1252.95	9.23300897946	 1
1253.95	9.22371323442	 1
1254.98	9.21629408166	 1
1256.0	9.217034685	 1
1257.0	9.22482833357	 1
1258.0	9.22394252352	 1
1259.0	9.2450952345	 1
1260.0	9.27438824935	 1
1261.05	9.264771904	 1
1262.05	9.24684006216	 1
1263.05	9.2481870035	 1
1264.05	9.24858693381	 1
1265.05	9.25015118254	 1
1266.1	9.2483336013	 1
1267.1	9.24936528685	 1
1268.1	9.24648248733	 1
1269.1	9.24561991844	 1
1270.1	9.24972716465	 1
1271.12	9.25467570455	 1
1272.15	9.26183022524	 1
1273.15	9.26123613965	 1
1274.15	9.26519149103	 1
1275.15	9.25980947426	 1
1276.18	9.26597862428	 1
1277.2	9.2574284463	 1
1278.2	9.26452770194	 1
1279.2	9.27524205654	 1
1280.2	9.26917797923	 1
1281.2	9.26803259705	 1
1282.25	9.26946850488	 1
1283.25	9.26074057447	 1
1284.25	9.25932328178	 1
1285.25	9.26246396091	 1
1286.25	9.27213703669	 1
1287.3	9.26753450853	 1
1288.3	9.26522590069	 1
1289.3	9.26700249771	 1
1290.3	9.2716725569	 1
1291.3	9.26040223742	 1
1292.3	9.26883552111	 1
1293.35	9.27821572329	 1
1294.35	9.28243705317	 1
1295.35	9.28679596498	 1
1296.35	9.28669093454	 1
1297.35	9.29222210825	 1
1298.4	9.28116024363	 1
1299.4	9.28493651289	 1
1300.4	9.30107703632	 1
1301.4	9.3240181505	 1
1302.4	9.33345759739	 1
1303.43	9.31397829896	 1
1304.45	9.32191007073	 1
1305.45	9.31050762269	 1
1306.45	9.30141689347	 1
1307.45	9.2954190646	 1
1308.48	9.29566095709	 1
1309.5	9.30488009018	 1
1310.5	9.31260717881	 1
1311.5	9.30776524096	 1
1312.5	9.30916850515	 1
1313.5	9.296303621	 1
1314.55	9.29800084364	 1
1315.55	9.30528306285	 1
1316.55	9.29951055684	 1
1317.55	9.31079011442	 1
1318.55	9.31287276602	 1
1319.6	9.31040822954	 1
1320.6	9.30841386561	 1
1321.6	9.32121793805	 1
1322.6	9.31551144953	 1
1323.6	9.30702284102	 1
1324.6	9.30513385678	 1
1325.65	9.29986854406	 1
1326.65	9.30099221458	 1
1327.65	9.3134731942	 1
1328.65	9.3214688637	 1
1329.65	9.31642135384	 1
1330.7	9.31150076128	 1
1331.7	9.30912085369	 1
1332.7	9.31905001297	 1
1333.7	9.35700602661	 1
1334.7	9.37421280871	 1
1335.73	9.34043786708	 1
1336.75	9.32271184002	 1
1337.75	9.31521449016	 1
1338.75	9.32858109615	 1
1339.75	9.32106550571	 1
1340.75	9.3174749266	 1
1341.8	9.31123573232	 1
1342.8	9.33480277137	 1
1343.8	9.3479838832	 1
1344.8	9.35696487549	 1
1345.8	9.34669135645	 1
1346.8	9.33519300278	 1
1347.85	9.32592138538	 1
1348.85	9.32871925346	 1
1349.85	9.33598071226	 1
1350.85	9.34388284775	 1
1351.85	9.34374802001	 1
1352.88	9.34079108764	 1
1353.9	9.33762466531	 1
1354.9	9.35627191503	 1
1355.9	9.35552986244	 1
1356.9	9.36287313545	 1
1357.9	9.35770723145	 1
1358.93	9.3534292928	 1
1359.95	9.36097160455	 1
1360.95	9.37464890305	 1
1361.95	9.38250854664	 1
1362.95	9.36882711395	 1
1363.95	9.36603412274	 1
1365.0	9.36138863645	 1
1366.0	9.35178319595	 1
1367.0	9.3571887221	 1
1368.0	9.35950281058	 1
1369.0	9.3612407087	 1
1370.0	9.37426485846	 1
1371.05	9.37800813	 1
1372.05	9.36814110068	 1
1373.05	9.37364952481	 1
1374.05	9.38738509515	 1
1375.05	9.37886966751	 1
1376.05	9.38128697853	 1
1377.1	9.37881962901	 1
1378.1	9.37413291214	 1
1379.1	9.38080073105	 1
1380.1	9.36562537392	 1
1381.1	9.37700029415	 1
1382.1	9.37668256405	 1
1383.12	9.37273458248	 1
1384.15	9.38080259623	 1
1385.15	9.38518882449	 1
1386.15	9.38907099072	 1
1387.15	9.38911224766	 1
1388.15	9.39249210516	 1
1389.15	9.38308863335	 1
1390.2	9.3709865217	 1
1391.2	9.37750034206	 1
1392.2	9.39371447307	 1
1393.2	9.43036914161	 1
1394.2	9.44393739702	 1
1395.2	9.40502774818	 1
1396.23	9.40028672221	 1
1397.25	9.40309880219	 1
1398.25	9.39923651716	 1
1399.25	9.38068986533	 1
1400.25	9.40307825167	 1
1401.25	9.41442898428	 1
1402.25	9.44925471218	 1
1403.28	9.44559688864	 1
1404.3	9.41265737301	 1
1405.3	9.41476847522	 1
1406.3	9.43286727777	 1
1407.3	9.44837473627	 1
1408.3	9.44714113803	 1
1409.3	9.46410064238	 1
1410.3	9.44009022713	 1
1411.35	9.42746555054	 1
1412.35	9.4032867304	 1
1413.35	9.41816502905	 1
1414.35	9.42175493821	 1
1415.35	9.43925302572	 1
1416.35	9.43778128839	 1
1417.35	9.43420140997	 1
1418.4	9.44343408796	 1
1419.4	9.43621825366	 1
1420.4	9.44781774673	 1
1421.4	9.43439803891	 1
1422.4	9.43508486061	 1
1423.4	9.42977892678	 1
1424.4	9.42906404958	 1
1425.4	9.43201511402	 1
1426.43	9.42569426969	 1
1427.45	9.43803566079	 1
1428.45	9.45438676941	 1
1429.45	9.48104803639	 1
1430.45	9.46941438386	 1
1431.45	9.46089298277	 1
1432.45	9.45199518472	 1
1433.45	9.45204405021	 1
1434.47	9.43506347787	 1
1435.5	9.43352191012	 1
1436.5	9.43158559931	 1
1437.5	9.43593695607	 1
1438.5	9.44649168917	 1
1439.5	9.44894555245	 1
1440.5	9.45250498424	 1
1441.5	9.43883677084	 1
1442.5	9.44209718799	 1
1443.5	9.43941926942	 1
1444.55	9.43815268604	 1
1445.55	9.44772505875	 1
1446.55	9.4548922855	 1
1447.55	9.45303948856	 1
1448.55	9.46076947082	 1
1449.55	9.45831924584	 1
1450.55	9.45533354707	 1
1451.55	9.45645386341	 1
1452.55	9.46318417422	 1
1453.55	9.45733844539	 1
1454.6	9.46439651194	 1
1455.6	9.47827551185	 1
1456.6	9.4555614737	 1
1457.6	9.45236513243	 1
1458.6	9.4602507018	 1
1459.6	9.48106372163	 1
1460.6	9.47096250169	 1
1461.6	9.4684056545	 1
1462.6	9.4783208852	 1
1463.6	9.47291376555	 1
1464.6	9.48074108091	 1
1465.6	9.47007858719	 1
1466.65	9.47286110338	 1
1467.65	9.48359923912	 1
1468.65	9.4863960222	 1
1469.65	9.45727378905	 1
1470.65	9.45868683237	 1
1471.65	9.47188923997	 1
1472.65	9.46885575123	 1
1473.65	9.47656699426	 1
1474.65	9.4824759352	 1
1475.65	9.48819117873	 1
1476.65	9.48232758634	 1
1477.65	9.4786335775	 1
1478.65	9.49338084348	 1
1479.65	9.48616176769	 1
1480.68	9.47254395355	 1
1481.7	9.47516636781	 1
1482.7	9.48651099195	 1
1483.7	9.49583925143	 1
1484.7	9.49110549554	 1
1485.7	9.47707684556	 1
1486.7	9.4894302303	 1
1487.7	9.48544416682	 1
1488.7	9.49465124847	 1
1489.7	9.51221932817	 1
1490.7	9.50373999818	 1
1491.7	9.50996817527	 1
1492.7	9.50844940432	 1
1493.7	9.50352644482	 1
1494.7	9.50625816966	 1
1495.7	9.50646203474	 1
1496.7	9.49005861037	 1
1497.7	9.50568552119	 1
1498.7	9.51272290107	 1
1499.7	9.5231104274	 1
1500.7	9.51362988249	 1
1501.7	9.51746731439	 1
1502.7	9.52194873219	 1
1503.7	9.52254074568	 1
1504.7	9.5199130212	 1
1505.7	9.50574746134	 1
1506.75	9.5138327526	 1
1507.75	9.51135132602	 1
1508.75	9.50236864662	 1
1509.75	9.51034542674	 1
1510.75	9.51566857407	 1
1511.75	9.50784274537	 1
1512.75	9.51218721104	 1
1513.75	9.51479586091	 1
1514.75	9.52317382395	 1
1515.75	9.52442709816	 1
1516.75	9.52561094456	 1
1517.75	9.53136759685	 1
1518.75	9.5265678839	 1
1519.75	9.52486655917	 1
1520.75	9.52429015337	 1
1521.75	9.51724737336	 1
1522.75	9.52854854526	 1
1523.75	9.53766185961	 1
1524.75	9.52978442674	 1
1525.75	9.53154090758	 1
1526.75	9.56058884898	 1
1527.75	9.55149459511	 1
1528.75	9.54319973132	 1
1529.75	9.53968634573	 1
1530.75	9.52864683498	 1
1531.75	9.54103091233	 1
1532.73	9.55247385391	 1
1533.7	9.5564834058	 1
1534.7	9.55454609157	 1
1535.7	9.53197904454	 1
1536.7	9.54057600078	 1
1537.7	9.55096301059	 1
1538.7	9.5569956581	 1
1539.7	9.54048530131	 1
1540.7	9.54120397715	 1
1541.7	9.5505947408	 1
1542.7	9.56171609038	 1
1543.7	9.56573465761	 1
1544.7	9.54804106203	 1
1545.7	9.54763069813	 1
1546.7	9.56060356862	 1
1547.7	9.61335270651	 1
1548.7	9.63156522323	 1
1549.7	9.5960381895	 1
1550.7	9.64057786015	 1
1551.7	9.59910965477	 1
1552.7	9.57516906506	 1
1553.7	9.56167249711	 1
1554.7	9.56840641411	 1
1555.68	9.55955960761	 1
1556.65	9.56107519057	 1
1557.65	9.56173008232	 1
1558.65	9.56405462203	 1
1559.65	9.56390573853	 1
1560.65	9.57605774871	 1
1561.65	9.5745994437	 1
1562.65	9.58076832306	 1
1563.65	9.58904889633	 1
1564.65	9.58061623733	 1
1565.65	9.58340271018	 1
1566.65	9.58292221794	 1
1567.65	9.57450325441	 1
1568.62	9.57835052227	 1
1569.6	9.57137351986	 1
1570.6	9.58048413256	 1
1571.6	9.58028725073	 1
1572.6	9.57663692484	 1
1573.6	9.58279884883	 1
1574.6	9.58625056247	 1
1575.6	9.58644993449	 1
1576.6	9.5840210572	 1
1577.6	9.59084183295	 1
1578.57	9.59289233796	 1
1579.55	9.59658066237	 1
1580.55	9.59235609125	 1
1581.55	9.5922903806	 1
1582.55	9.59372343519	 1
1583.55	9.59184357703	 1
1584.55	9.59471179097	 1
1585.55	9.597652841	 1
1586.55	9.59055900367	 1
1587.5	9.59644837407	 1
1588.5	9.59658384614	 1
1589.5	9.59488774784	 1
1590.5	9.59559629579	 1
1591.5	9.60225671743	 1
1592.5	9.59900052385	 1
1593.5	9.59717271318	 1
1594.48	9.59503630964	 1
1595.45	9.59384136337	 1
1596.45	9.59771045706	 1
1597.45	9.59817274183	 1
1598.83	9.60477747512	 1
1600.28	9.60387190625	 1
1601.75	9.60292253323	 1
1603.23	9.60309774242	 1
1604.68	9.61160889974	 1
1606.15	9.61697011188	 1
1607.63	9.61165027343	 1
1609.08	9.62841948271	 1
1610.55	9.62192983833	 1
1612.03	9.62169261637	 1
1613.48	9.62556777742	 1
1614.95	9.63711400361	 1
1616.43	9.62865645231	 1
1617.88	9.62321664296	 1
1619.35	9.61786774051	 1
1620.83	9.62925557544	 1
1622.28	9.64267217577	 1
1623.78	9.64042937487	 1
1625.25	9.64656635844	 1
1626.73	9.64831152887	 1
1628.18	9.64399645769	 1
1629.65	9.6409465389	 1
1631.13	9.64951299675	 1
1632.58	9.6482577745	 1
1634.05	9.63826842328	 1
1635.53	9.63567520412	 1
1636.98	9.6353228351	 1
1638.45	9.65966607534	 1
1639.95	9.67325908535	 1
1641.43	9.66430898175	 1
1642.88	9.66265579943	 1
1644.35	9.64946549566	 1
1645.83	9.6499893161	 1
1647.28	9.65934911592	 1
1648.75	9.66049979046	 1
1650.23	9.66887927218	 1
1651.68	9.66480520882	 1
1653.18	9.66177216397	 1
1654.65	9.66011351844	 1
1656.13	9.66201033123	 1
1657.58	9.65693247192	 1
1659.05	9.65818908348	 1
1660.53	9.66905260077	 1
1661.98	9.67171194108	 1
1663.45	9.67262840884	 1
1664.95	9.68020600804	 1
1666.43	9.6876342975	 1
1667.88	9.69411722218	 1
1669.35	9.7015140538	 1
1670.83	9.70652878059	 1
1672.28	9.69598349609	 1
1673.75	9.67832642248	 1
1675.25	9.67285498478	 1
1676.73	9.66696884034	 1
1678.18	9.66504025713	 1
1679.65	9.67350468135	 1
1681.13	9.69243635068	 1
1682.58	9.68414247253	 1
1684.08	9.70563727	 1
1685.55	9.70669996106	 1
1687.03	9.71361660242	 1
1688.48	9.70379784977	 1
1689.95	9.70903575359	 1
1691.43	9.70267141614	 1
1692.9	9.70512003907	 1
1694.38	9.6967080556	 1
1695.85	9.69152300768	 1
1697.33	9.6943773853	 1
1698.78	9.699109491	 1
1700.68	9.71548583289	 1
1702.05	9.70604452182	 1
1703.42	9.70948622654	 1
1704.8	9.69945942712	 1
1706.17	9.70709064606	 1
1707.54	9.71957582964	 1
1708.91	9.71599513728	 1
1710.28	9.72174326068	 1
1711.65	9.72920477328	 1
1713.03	9.72497706845	 1
1714.4	9.72308219785	 1
1715.77	9.72182448059	 1
1717.14	9.72800103164	 1
1718.51	9.73382225651	 1
1719.88	9.73020440677	 1
1721.25	9.73722660775	 1
1722.63	9.74048230186	 1
1724.0	9.74048089694	 1
1725.37	9.7383594955	 1
1726.74	9.73193569503	 1
1728.11	9.73395812965	 1
1729.48	9.73791368831	 1
1730.86	9.73125114859	 1
1732.23	9.73233443676	 1
1733.6	9.73504457415	 1
1734.97	9.73307107484	 1
1736.34	9.74443497643	 1
1737.71	9.74886694013	 1
1739.09	9.755053572	 1
1740.46	9.74763275017	 1
1741.83	9.74181558149	 1
1743.2	9.74673269988	 1
1744.57	9.75215049653	 1
1745.95	9.75908790562	 1
1747.32	9.75587671059	 1
1748.69	9.75526910153	 1
1750.06	9.74576251368	 1
1751.43	9.75623308202	 1
1752.8	9.75673589953	 1
1754.18	9.76397341427	 1
1755.55	9.76546653879	 1
1756.92	9.75760210627	 1
1758.29	9.75514680328	 1
1759.66	9.75362770141	 1
1761.04	9.75893400323	 1
1762.41	9.75603290084	 1
1763.78	9.77207278211	 1
1765.15	9.77091478003	 1
1766.52	9.77260536769	 1
1767.9	9.76801233495	 1
1769.27	9.76816853526	 1
1770.64	9.7713122962	 1
1772.01	9.77458061129	 1
1773.38	9.76583018801	 1
1774.76	9.77840869544	 1
1776.13	9.78919491636	 1
1777.5	9.78542507659	 1
1778.87	9.78326110699	 1
1780.24	9.79053898905	 1
1781.62	9.78651456682	 1
1782.99	9.78307941007	 1
1784.36	9.7915270176	 1
1785.73	9.79793149631	 1
1787.11	9.78789490769	 1
1788.48	9.78077183606	 1
1789.85	9.79300645686	 1
1791.22	9.7932996047	 1
1792.59	9.79367700663	 1
1793.97	9.80104917194	 1
1795.34	9.79459456053	 1
1796.71	9.79696085129	 1
1798.08	9.80154229716	 1
1799.46	9.79944695322	 1
1800.83	9.80365972269	 1
1802.2	9.79284758245	 1
1803.57	9.79637284903	 1
1804.95	9.81158828055	 1
1806.32	9.81215429246	 1
1807.69	9.80545884774	 1
1809.06	9.81064249396	 1
1810.44	9.81740390901	 1
1811.81	9.80652236942	 1
1813.18	9.81500400605	 1
1814.55	9.81165178149	 1
1815.93	9.81764351396	 1
1817.3	9.82154985802	 1
1818.67	9.81570416476	 1
1820.04	9.81048586176	 1
1821.42	9.81183906383	 1
1822.79	9.81533502013	 1
1824.16	9.81930578706	 1
1825.53	9.82401280323	 1
1826.91	9.82829183038	 1
1828.28	9.83195978238	 1
1829.65	9.82751131502	 1
1831.02	9.83425904597	 1
1832.4	9.83595593219	 1
1833.77	9.82902253278	 1
1835.14	9.83242362122	 1
1836.51	9.83330885378	 1
1837.89	9.83427598329	 1
1839.26	9.84206332619	 1
1840.63	9.83251616309	 1
1842.0	9.83513442742	 1
1843.38	9.83889691425	 1
1844.75	9.83725447519	 1
1846.12	9.8380394617	 1
1847.5	9.83685591653	 1
1848.87	9.8464877683	 1
1850.24	9.85164479094	 1
1851.61	9.85263024629	 1
1852.99	9.85092294937	 1
1854.36	9.84949709561	 1
1855.73	9.8479232453	 1
1857.1	9.85011707524	 1
1858.48	9.85970104579	 1
1859.85	9.85351183915	 1
1861.22	9.85233474862	 1
1862.6	9.85661842615	 1
1863.97	9.86045971011	 1
1865.34	9.85573189826	 1
1866.71	9.85757462836	 1
1868.09	9.86036561932	 1
1869.46	9.87033598279	 1
1870.83	9.86905443567	 1
1872.21	9.87275415692	 1
1873.58	9.86605041322	 1
1874.95	9.86106628344	 1
1876.32	9.86606746629	 1
1877.7	9.87191021735	 1
1879.07	9.87583749923	 1
1880.44	9.88168887951	 1
1881.82	9.88025393548	 1
1883.19	9.87539089123	 1
1884.56	9.87384326095	 1
1885.94	9.87997153332	 1
1887.31	9.87377007811	 1
1888.68	9.87748579216	 1
1890.06	9.88531033533	 1
1891.43	9.88495508871	 1
1892.8	9.88585540035	 1
1894.17	9.8886006749	 1
1895.55	9.88847261937	 1
1896.92	9.89027019045	 1
1898.29	9.89569517681	 1
1899.67	9.89771231118	 1
1901.04	9.89676904674	 1
1902.41	9.89753290392	 1
1903.79	9.89868632139	 1
1905.16	9.89633472384	 1
1906.53	9.89889222517	 1
1907.91	9.90072639928	 1
1909.28	9.89820782777	 1
1910.65	9.89903495661	 1
1912.03	9.90221901844	 1
1913.4	9.89601127825	 1
1914.77	9.90726588773	 1
1916.15	9.90496350825	 1
1917.52	9.90133457492	 1
1918.89	9.90575721629	 1
1920.26	9.9063295624	 1
1921.64	9.90906017347	 1
1923.01	9.9194597955	 1
1924.38	9.91712643376	 1
1925.76	9.91913251268	 1
1927.13	9.92285090349	 1
1928.5	9.92265329634	 1
1929.88	9.91675882632	 1
1931.25	9.91649085512	 1
1932.62	9.91178848347	 1
1934.0	9.91640012058	 1
1935.37	9.91472437239	 1
1936.74	9.91827353406	 1
1938.12	9.92473222973	 1
1939.49	9.92288345505	 1
1940.86	9.92208379541	 1
1942.24	9.92453179714	 1
1943.61	9.9283807212	 1
1944.99	9.9312902398	 1
1946.36	9.93359076111	 1
1947.73	9.93505072218	 1
1949.11	9.93283619281	 1
1950.48	9.93245012746	 1
1951.85	9.93281569295	 1
1953.23	9.93689977808	 1
1954.6	9.93889932302	 1
1955.97	9.94300811183	 1
1957.35	9.94462929127	 1
1958.72	9.94598068657	 1
1960.09	9.94916644233	 1
1961.47	9.95049237363	 1
1962.84	9.94974595242	 1
1964.21	9.95153588611	 1
1965.59	9.95483950166	 1
1966.96	9.94776251411	 1
1968.33	9.95019036415	 1
1969.71	9.95058830189	 1
1971.08	9.95259466228	 1
1972.46	9.95549548449	 1
1973.83	9.95887504797	 1
1975.2	9.95415747665	 1
1976.58	9.95970996074	 1
1977.95	9.96053441917	 1
1979.32	9.96208119797	 1
1980.7	9.96336195845	 1
1982.07	9.96545825219	 1
1983.44	9.96471679405	 1
1984.82	9.96803816769	 1
1986.19	9.97154633354	 1
1987.57	9.97372171058	 1
1988.94	9.96999847078	 1
1990.31	9.97350116497	 1
1991.69	9.97388588964	 1
1993.06	9.97862538801	 1
1994.43	9.97519382417	 1
1995.81	9.97423453699	 1
1997.18	9.97647312042	 1
1998.56	9.97738811901	 1
1999.93	9.9780077944	 1
2001.3	9.98188652583	 1
2002.68	9.98239395441	 1
2004.05	9.98181408595	 1
2005.42	9.98462977908	 1
2006.8	9.98630259439	 1
2008.17	9.98978700736	 1
2009.55	9.98706153095	 1
2010.92	9.99076492843	 1
2012.29	9.99252819204	 1
2013.67	9.99332686156	 1
2015.04	9.99829642962	 1
2016.42	9.9924542726	 1
2017.79	9.9902149804	 1
2019.16	9.99446743627	 1
2020.54	9.99602053146	 1
2021.91	9.99991397686	 1
2023.28	9.99828016052	 1
2024.66	10.0021497643	 1
2026.03	10.0062221821	 1
2027.41	9.99519745391	 1
2028.78	10.0021251409	 1
2030.15	10.0049841875	 1
2031.53	10.0040039988	 1
2032.9	10.0026639985	 1
2034.28	10.006613638	 1
2035.65	10.0051102357	 1
2037.02	10.0130691778	 1
2038.4	10.0197503686	 1
2039.77	10.0124864564	 1
2041.15	10.0171602887	 1
2042.52	10.0118286813	 1
2043.89	10.012855899	 1
2045.27	10.0104215406	 1
2046.64	10.0152161081	 1
2048.02	10.0191857916	 1
2049.39	10.0186277082	 1
2050.76	10.0229842704	 1
2052.14	10.0224659369	 1
2053.51	10.0255259001	 1
2054.89	10.0301085901	 1
2056.26	10.026240722	 1
2057.63	10.0282974482	 1
2059.01	10.0269715434	 1
2060.38	10.0323937398	 1
2061.76	10.030068232	 1
2063.13	10.0334282211	 1
2064.5	10.0347468253	 1
2065.88	10.039939913	 1
2067.25	10.0339199372	 1
2068.63	10.034054194	 1
2070.0	10.0434094313	 1
2071.37	10.0466058003	 1
2072.75	10.044267083	 1
2074.12	10.0379365818	 1
2075.5	10.0365366969	 1
2076.87	10.037593532	 1
2078.24	10.0445170671	 1
2079.62	10.0490576699	 1
2080.99	10.0493428544	 1
2082.37	10.0470905165	 1
2083.74	10.0489172709	 1
2085.12	10.0487480808	 1
2086.49	10.0446959795	 1
2087.86	10.0469848926	 1
2089.24	10.0494592292	 1
2090.61	10.0511367057	 1
2091.99	10.0524015116	 1
2093.36	10.0507052759	 1
2094.74	10.0497778313	 1
2096.11	10.0492284774	 1
2097.48	10.0584939753	 1
2098.86	10.0663615065	 1
2100.23	10.060751636	 1
2101.61	10.0681023623	 1
2102.98	10.0648606645	 1
2104.35	10.0670089119	 1
2105.73	10.066712764	 1
2107.1	10.0624372581	 1
2108.48	10.0622819479	 1
2109.85	10.0730000967	 1
2111.23	10.0746218015	 1
2112.6	10.0708362309	 1
2113.97	10.0681945561	 1
2115.35	10.0688190084	 1
2116.72	10.0692204573	 1
2118.1	10.0676624284	 1
2119.47	10.073085862	 1
2120.85	10.073302122	 1
2122.22	10.0727156222	 1
2123.59	10.0815389498	 1
2124.97	10.0840118202	 1
2126.34	10.0851927988	 1
2127.72	10.0875928841	 1
2129.09	10.0865376431	 1
2130.47	10.0865506276	 1
2131.84	10.0929734014	 1
2133.21	10.0901974128	 1
2134.59	10.0937827426	 1
2135.96	10.0925876	 1
2137.34	10.0865890275	 1
2138.71	10.0862337206	 1
2140.09	10.0892848046	 1
2141.46	10.0860132956	 1
2142.83	10.0971155577	 1
2144.21	10.0975710811	 1
2145.58	10.0907826704	 1
2146.96	10.0990076739	 1
2148.33	10.0997889593	 1
2149.71	10.0988485394	 1
2151.08	10.0994346324	 1
2152.46	10.0997113096	 1
2153.83	10.0989373081	 1
2155.2	10.1025827382	 1
2156.58	10.101956345	 1
2157.95	10.1125592527	 1
2159.33	10.1113255252	 1
2160.7	10.1144376566	 1
2162.08	10.1178708479	 1
2163.45	10.1160798984	 1
2164.83	10.1169300506	 1
2166.2	10.1118168373	 1
2167.57	10.1114813802	 1
2168.95	10.1126452691	 1
2170.32	10.114973739	 1
2171.7	10.1168868047	 1
2173.07	10.1149416288	 1
2174.45	10.1203343554	 1
2175.82	10.1214442494	 1
2177.2	10.1175898562	 1
2178.57	10.1234086245	 1
2179.94	10.1221495304	 1
2181.32	10.1182867434	 1
2182.69	10.1194649492	 1
2184.07	10.1239927968	 1
2185.44	10.1277065412	 1
2186.82	10.1291776858	 1
2188.19	10.1301288911	 1
2189.57	10.1279530868	 1
2190.94	10.1300952154	 1
2192.31	10.1296011785	 1
2193.69	10.1352751383	 1
2195.06	10.136585023	 1
2196.44	10.1407353862	 1
2197.81	10.1439896368	 1
2199.19	10.1408687692	 1
2200.56	10.1411093723	 1
2201.94	10.1460878823	 1
2203.31	10.1424727184	 1
2204.69	10.1442626312	 1
2206.06	10.1424157872	 1
2207.43	10.1409017677	 1
2208.81	10.1435892115	 1
2210.18	10.1450217401	 1
2211.56	10.1510931569	 1
2212.93	10.1515990459	 1
2214.31	10.1535056239	 1
2215.68	10.1531200073	 1
2217.06	10.1494039945	 1
2218.43	10.1525698191	 1
2219.81	10.1530841509	 1
2221.18	10.154065617	 1
2222.55	10.1538040615	 1
2223.93	10.1536482196	 1
2225.3	10.1536180016	 1
2226.68	10.1574586743	 1
2228.05	10.1588117233	 1
2229.43	10.1603347986	 1
2230.8	10.1579676093	 1
2232.18	10.1639934829	 1
2233.55	10.1679885073	 1
2234.93	10.169320789	 1
2236.3	10.1683975126	 1
2237.67	10.1712671029	 1
2239.05	10.166602423	 1
2240.42	10.1701790931	 1
2241.8	10.1691346327	 1
2243.17	10.1735601191	 1
2244.55	10.1795467572	 1
2245.92	10.1780440335	 1
2247.3	10.1769471701	 1
2248.67	10.1783528248	 1
2250.05	10.1755959143	 1
2251.42	10.1830897104	 1
2252.79	10.1866840437	 1
2254.17	10.183073683	 1
2255.54	10.1858989539	 1
2256.92	10.1834279463	 1
2258.29	10.1862059736	 1
2259.67	10.1867517555	 1
2261.04	10.188219878	 1
2262.42	10.1849573231	 1
2263.79	10.1827961689	 1
2265.17	10.1825614881	 1
2266.54	10.1903022317	 1
2267.92	10.1916074222	 1
2269.29	10.1950160134	 1
2270.66	10.1940741129	 1
2272.04	10.198423162	 1
2273.41	10.2000833955	 1
2274.79	10.2022400321	 1
2276.16	10.1990079697	 1
2277.54	10.1969477169	 1
2278.91	10.2013599247	 1
2280.29	10.2011052753	 1
2281.66	10.2021114548	 1
2283.04	10.2030511912	 1
2284.41	10.2036293542	 1
2285.79	10.2040763546	 1
2287.16	10.2070575047	 1
2288.53	10.2074621885	 1
2289.91	10.2117288581	 1
2291.28	10.2166093931	 1
2292.66	10.2156214201	 1
2294.03	10.2131745536	 1
2295.41	10.2142332065	 1
2296.78	10.217939193	 1
2298.16	10.2191443559	 1
2299.53	10.2137351862	 1
2300.91	10.2151311871	 1
2302.28	10.2171892837	 1
2303.66	10.2194433178	 1
2305.03	10.2166641623	 1
2306.41	10.2199649577	 1
2307.78	10.2203650519	 1
2309.15	10.2231812202	 1
2310.53	10.2216880649	 1
2311.9	10.220662003	 1
2313.28	10.2232248099	 1
2314.65	10.226206107	 1
2316.03	10.2283375172	 1
2317.4	10.228572058	 1
2318.78	10.2288001201	 1
2320.15	10.2265915878	 1
2321.53	10.2291416116	 1
2322.9	10.2366535953	 1
2324.28	10.2382437889	 1
2325.65	10.238574921	 1
2327.02	10.2408615394	 1
2328.4	10.239978537	 1
2329.77	10.2436331954	 1
2331.15	10.242821447	 1
2332.52	10.2428335664	 1
2333.9	10.2459668015	 1
2335.27	10.2461917799	 1
2336.65	10.2449089531	 1
2338.02	10.2460256317	 1
2339.4	10.245496374	 1
2340.77	10.2486797481	 1
2342.15	10.2511146791	 1
2343.52	10.2625988281	 1
2344.89	10.2624459279	 1
2346.27	10.2549048838	 1
2347.64	10.2507266822	 1
2349.02	10.2545145931	 1
2350.39	10.2526924014	 1
2351.77	10.256991789	 1
2353.14	10.2583148563	 1
2354.52	10.2571818184	 1
2355.89	10.2582321278	 1
2357.27	10.2601935593	 1
2358.64	10.2589319079	 1
2360.02	10.2618226476	 1
2361.39	10.2633924849	 1
2362.76	10.2643313839	 1
2364.14	10.2654797005	 1
2365.51	10.2633683157	 1
2366.89	10.2640229743	 1
2368.26	10.2663330256	 1
2369.64	10.2685030346	 1
2371.01	10.2701187681	 1
2372.39	10.2742585694	 1
2373.76	10.2767670902	 1
2375.14	10.2774636274	 1
2376.51	10.272514907	 1
2377.89	10.2763312669	 1
2379.26	10.2798161989	 1
2380.63	10.28994296	 1
2382.01	10.3045903535	 1
2383.38	10.2975173436	 1
2384.76	10.2855889636	 1
2386.13	10.2831625846	 1
2387.51	10.2783035356	 1
2388.88	10.2813245972	 1
2390.26	10.2813981272	 1
2391.63	10.2828878997	 1
2393.01	10.2830419287	 1
2394.38	10.2867739449	 1
2395.76	10.2894743031	 1
2397.13	10.2879341849	 1
2398.5	10.2888611675	 1
2399.88	10.2876121493	 1
2401.25	10.2904958986	 1
2402.63	10.2930855027	 1
2404.0	10.291772294	 1
2405.38	10.2915063452	 1
2406.75	10.2950327584	 1
2408.13	10.295683841	 1
2409.5	10.3013013235	 1
2410.88	10.2961696167	 1
2412.25	10.3067970818	 1
2413.62	10.3050257135	 1
2415.0	10.3051696797	 1
2416.37	10.3072543488	 1
2417.75	10.3080246154	 1
2419.12	10.3060983073	 1
2420.5	10.3048599324	 1
2421.87	10.309213433	 1
2423.25	10.3067334915	 1
2424.62	10.3084605686	 1
2426.0	10.3058245538	 1
2427.37	10.3106803337	 1
2428.74	10.3113332732	 1
2430.12	10.3121381549	 1
2431.49	10.3150813075	 1
2432.87	10.315268082	 1
2434.24	10.3175217531	 1
2435.62	10.3189054875	 1
2436.99	10.3207027729	 1
2438.37	10.3216232131	 1
2439.74	10.319049478	 1
2441.12	10.3206111271	 1
2442.49	10.3166032394	 1
2443.86	10.3184944197	 1
2445.24	10.3224698151	 1
2446.61	10.3235821547	 1
2447.99	10.3224380764	 1
2449.36	10.3204195731	 1
2450.74	10.3298521208	 1
2452.11	10.3320510538	 1
2453.49	10.3356412441	 1
2454.86	10.3382775932	 1
2456.23	10.3313391817	 1
2457.61	10.3346986136	 1
2458.98	10.3362780797	 1
2460.36	10.3376095128	 1
2461.73	10.3371420802	 1
2463.11	10.3367494728	 1
2464.48	10.3371099891	 1
2465.86	10.3373819372	 1
2467.23	10.3438940715	 1
2468.6	10.3459417162	 1
2469.98	10.3439765792	 1
2471.35	10.345949353	 1
2472.73	10.3522985955	 1
2474.1	10.3467205782	 1
2475.48	10.3452578333	 1
2476.85	10.3457367284	 1
2478.23	10.3455366488	 1
2479.6	10.3450100417	 1
2480.97	10.3491289319	 1
2482.35	10.3525008039	 1
2483.72	10.3497740986	 1
2485.1	10.3512018669	 1
2486.47	10.3534985402	 1
2487.85	10.358713381	 1
2489.22	10.3575179318	 1
2490.6	10.3574310366	 1
2491.97	10.3599385285	 1
2493.34	10.3600392933	 1
2494.72	10.3554759558	 1
2496.09	10.3561789265	 1
2497.47	10.3608573999	 1
2498.84	10.3623571364	 1
2500.22	10.3666468461	 1
2501.59	10.3645842508	 1
2502.96	10.3711024874	 1
2504.34	10.3697298113	 1
2505.71	10.3649451868	 1
2507.09	10.3685776329	 1
2508.46	10.3633518921	 1
2509.84	10.3653176501	 1
2511.21	10.3734910026	 1
2512.58	10.3724840206	 1
2513.96	10.3737776421	 1
2515.33	10.3752644499	 1
2516.71	10.3782694301	 1
2518.08	10.3815693903	 1
2519.46	10.3770614301	 1
2520.83	10.3804574147	 1
2522.21	10.3810689528	 1
2523.58	10.3879359951	 1
2524.95	10.3885738392	 1
2526.33	10.3897531907	 1
2527.7	10.3841215433	 1
2529.08	10.3794040243	 1
2530.45	10.3766016224	 1
2531.82	10.3834919803	 1
2533.2	10.3862271928	 1
2534.57	10.387886887	 1
2535.95	10.3849672144	 1
2537.32	10.383703053	 1
2538.7	10.3848091721	 1
2540.07	10.3861128492	 1
2541.44	10.3922167659	 1
2542.82	10.396503027	 1
2544.19	10.3915327537	 1
2545.57	10.3925784013	 1
2546.94	10.3954977084	 1
2548.32	10.3976773969	 1
2549.69	10.4012823705	 1
2551.06	10.3986165308	 1
2552.44	10.3996920297	 1
2553.81	10.4023811228	 1
2555.19	10.4027158794	 1
2556.56	10.4021179058	 1
2557.93	10.4022763428	 1
2559.31	10.4059338102	 1
2560.68	10.4072416892	 1
2562.06	10.4098826977	 1
2563.43	10.4081493707	 1
2564.81	10.4120482033	 1
2566.18	10.4103137461	 1
2567.55	10.4143395901	 1
2568.93	10.4128840908	 1
2570.3	10.4165480068	 1
2571.68	10.4165428391	 1
2573.05	10.4190691129	 1
2574.42	10.4162641403	 1
2575.8	10.4179151249	 1
2577.17	10.4178300304	 1
2578.55	10.4158896239	 1
2579.92	10.4183389463	 1
2581.29	10.4190408563	 1
2582.67	10.4166109085	 1
2584.04	10.4185865725	 1
2585.42	10.4213489659	 1
2586.79	10.4254168582	 1
2588.16	10.425649721	 1
2589.54	10.4222217201	 1
2590.91	10.4224546727	 1
2592.29	10.4256516264	 1
2593.66	10.4244051961	 1
2595.03	10.4256401574	 1
2596.41	10.428267376	 1
2597.78	10.4340224683	 1
2599.16	10.4507738985	 1
2600.53	10.4508542611	 1
2601.9	10.4337965195	 1
2603.28	10.4354662582	 1
2604.65	10.436848888	 1
2606.03	10.4352942908	 1
2607.4	10.4343552249	 1
2608.77	10.4318000644	 1
2610.15	10.4277274877	 1
2611.52	10.4355874389	 1
2612.9	10.4341357068	 1
2614.27	10.4390030427	 1
2615.64	10.4415461993	 1
2617.02	10.4385588765	 1
2618.39	10.4399815469	 1
2619.77	10.4410944279	 1
2621.14	10.4463452565	 1
2622.51	10.450076809	 1
2623.89	10.4542396163	 1
2625.26	10.4555071639	 1
2626.63	10.4507226288	 1
2628.01	10.4499987721	 1
2629.38	10.446161307	 1
2630.76	10.4493961285	 1
2632.13	10.4549651143	 1
2633.5	10.4542552717	 1
2634.88	10.4581715429	 1
2636.25	10.4539865967	 1
2637.62	10.4608860853	 1
2639.0	10.4583729029	 1
2640.37	10.4591534956	 1
2641.75	10.4648286776	 1
2643.12	10.4615701946	 1
2644.49	10.4595930619	 1
2645.87	10.4594186223	 1
2647.24	10.4609612913	 1
2648.61	10.4614409952	 1
2649.99	10.4612729458	 1
2651.36	10.462830262	 1
2652.74	10.4671873914	 1
2654.11	10.4696315147	 1
2655.48	10.4715452302	 1
2656.86	10.4748101101	 1
2658.23	10.4727758141	 1
2659.6	10.4735965418	 1
2660.98	10.4740308222	 1
2662.35	10.4751872692	 1
2663.73	10.4765493209	 1
2665.1	10.4777609001	 1
2666.47	10.4753814246	 1
2667.85	10.4798725321	 1
2669.22	10.4829601319	 1
2670.59	10.4817794106	 1
2671.97	10.4788088739	 1
2673.34	10.483240354	 1
2674.71	10.4891097934	 1
2676.09	10.4873968571	 1
2677.46	10.492341221	 1
2678.83	10.4907806746	 1
2680.21	10.4880111545	 1
2681.58	10.487474053	 1
2682.95	10.4848163314	 1
2684.33	10.4839127858	 1
2685.7	10.4908314567	 1
2687.08	10.4953349261	 1
2688.45	10.4924123437	 1
2689.82	10.4917597225	 1
2691.2	10.4956372685	 1
2692.57	10.4962086217	 1
2693.94	10.4918105272	 1
2695.32	10.4928854158	 1
2696.69	10.4964095865	 1
2698.06	10.5012083214	 1
2699.44	10.5030723757	 1
2700.81	10.5003325069	 1
2702.18	10.5013197274	 1
2703.56	10.4977998963	 1
2704.93	10.4988915341	 1
2706.3	10.5046029943	 1
2707.68	10.5069408968	 1
2709.05	10.5102927739	 1
2710.42	10.5108230618	 1
2711.8	10.5111370478	 1
2713.17	10.5107917539	 1
2714.54	10.5086976438	 1
2715.92	10.5128639518	 1
2717.29	10.5195676482	 1
2718.66	10.5132598259	 1
2720.04	10.5151642935	 1
2721.41	10.5128862362	 1
2722.78	10.5139622123	 1
2724.16	10.5162363873	 1
2725.53	10.5204293459	 1
2726.9	10.518859885	 1
2728.28	10.5217249949	 1
2729.65	10.5230128672	 1
2731.02	10.5207336371	 1
2732.4	10.5247288479	 1
2733.77	10.5207482477	 1
2735.14	10.5228662024	 1
2736.51	10.5199216126	 1
2737.89	10.5227015991	 1
2739.26	10.5256010336	 1
2740.63	10.5238964669	 1
2742.01	10.5293123793	 1
2743.38	10.5272519097	 1
2744.75	10.5284012176	 1
2746.13	10.5273952466	 1
2747.5	10.5344554785	 1
2748.87	10.5396817169	 1
2750.25	10.5378986981	 1
2751.62	10.5349627762	 1
2752.99	10.5303670441	 1
2754.36	10.5368112489	 1
2755.74	10.5321957285	 1
2757.11	10.5355373542	 1
2758.48	10.5390471153	 1
2759.86	10.5394823903	 1
2761.23	10.5466595135	 1
2762.6	10.5472182387	 1
2763.98	10.5465116484	 1
2765.35	10.542919057	 1
2766.72	10.5398219534	 1
2768.09	10.5451511005	 1
2769.47	10.544548434	 1
2770.84	10.5507452968	 1
2772.21	10.5487191257	 1
2773.59	10.5485276802	 1
2774.96	10.5457029821	 1
2776.33	10.5446058129	 1
2777.7	10.5533484023	 1
2779.08	10.5537688424	 1
2780.45	10.551545385	 1
2781.82	10.5483773693	 1
2783.2	10.5527208756	 1
2784.57	10.5594005016	 1
2785.94	10.5555025946	 1
2787.31	10.557821329	 1
2788.69	10.5598188052	 1
2790.06	10.5653148503	 1
2791.43	10.5659611166	 1
2792.81	10.5725805251	 1
2794.18	10.5939438568	 1
2795.55	10.623832218	 1
2796.92	10.5998744093	 1
2798.3	10.579279364	 1
2799.67	10.5767270668	 1
2801.04	10.5905306385	 1
2802.41	10.6214339011	 1
2803.79	10.6093485088	 1
2805.16	10.5796330984	 1
2806.53	10.5708016968	 1
2807.9	10.5741472204	 1
2809.28	10.5776239985	 1
2810.65	10.5775433462	 1
2812.02	10.5801237296	 1
2813.4	10.5802559595	 1
2814.77	10.5768183217	 1
2816.14	10.5825267528	 1
2817.51	10.5790535443	 1
2818.89	10.5792048513	 1
2820.26	10.5801906787	 1
2821.63	10.5805033611	 1
2823.0	10.5795441159	 1
2824.38	10.578916459	 1
2825.75	10.5794637761	 1
2827.12	10.5846998596	 1
2828.49	10.5848498087	 1
2829.86	10.5903230395	 1
2831.24	10.5902272017	 1
2832.61	10.5889427984	 1
2833.98	10.586916438	 1
2835.35	10.5888952081	 1
2836.73	10.5907094418	 1
2838.1	10.5924840244	 1
2839.47	10.5907157735	 1
2840.84	10.5889761821	 1
2842.22	10.5912756756	 1
2843.59	10.5921048284	 1
2844.96	10.5993221729	 1
2846.33	10.5944304066	 1
2847.71	10.5938666341	 1
2849.08	10.593241343	 1
2850.45	10.5988552668	 1
2851.82	10.6004018994	 1
2853.19	10.6030152605	 1
2854.57	10.6052366628	 1
2855.94	10.6046770947	 1
2857.31	10.6031249772	 1
2858.68	10.6068742856	 1
2860.05	10.6071310072	 1
2861.43	10.6048148632	 1
2862.8	10.6049157356	 1
2864.17	10.6046614617	 1
2865.54	10.6027385799	 1
2866.92	10.6123689012	 1
2868.29	10.6130320856	 1
2869.66	10.6047071052	 1
2871.03	10.605821811	 1
2872.4	10.6078046444	 1
2873.78	10.6090817333	 1
2875.15	10.6136585119	 1
2876.52	10.615644391	 1
2877.89	10.6162402498	 1
2879.26	10.6162703928	 1
2880.64	10.6177254381	 1
2882.01	10.6187989386	 1
2883.38	10.6206253257	 1
2884.75	10.6233136383	 1
2886.12	10.6254685524	 1
2887.5	10.6209500631	 1
2888.87	10.6142953193	 1
2890.24	10.6204965994	 1
2891.61	10.6264351455	 1
2892.98	10.6257776619	 1
2894.35	10.6298536868	 1
2895.73	10.6259436548	 1
2897.1	10.6289107537	 1
2898.47	10.627869205	 1
2899.84	10.627634703	 1
2901.21	10.6306508745	 1
2902.59	10.6312241599	 1
2903.96	10.6332829166	 1
2905.33	10.6306331894	 1
2906.7	10.6317472596	 1
2908.07	10.635330023	 1
2909.44	10.6348825096	 1
2910.82	10.6343980235	 1
2912.19	10.6368509909	 1
2913.56	10.637472304	 1
2914.93	10.6362231956	 1
2916.3	10.6366952144	 1
2917.67	10.6390177505	 1
2919.05	10.6373338481	 1
2920.42	10.639696282	 1
2921.79	10.644824829	 1
2923.16	10.6445622866	 1
2924.53	10.6460614759	 1
2925.9	10.6459413914	 1
2927.27	10.648799355	 1
2928.65	10.6479622243	 1
2930.02	10.6506642761	 1
2931.39	10.6496647719	 1
2932.76	10.6466419731	 1
2934.13	10.6504912334	 1
2935.5	10.6485562162	 1
2936.87	10.6560994534	 1
2938.25	10.650447993	 1
2939.62	10.6466820185	 1
2940.99	10.6554651547	 1
2942.36	10.6580074602	 1
2943.73	10.6594197433	 1
2945.1	10.66271462	 1
2946.47	10.6626124369	 1
2947.84	10.6609659505	 1
2949.22	10.6628513122	 1
2950.59	10.6659535062	 1
2951.96	10.6607071131	 1
2953.33	10.6654935059	 1
2954.7	10.6664139155	 1
2956.07	10.6607710689	 1
2957.44	10.6609501754	 1
2958.81	10.6647306693	 1
2960.19	10.6577306948	 1
2961.56	10.6606871221	 1
2962.93	10.6659184186	 1
2964.3	10.6703089145	 1
2965.67	10.6672126958	 1
2967.04	10.6740014101	 1
2968.41	10.6753523203	 1
2969.78	10.6727318947	 1
2971.15	10.6733161404	 1
2972.53	10.673895862	 1
2973.9	10.6797653962	 1
2975.27	10.6756535591	 1
2976.64	10.6807870955	 1
2978.01	10.6836139265	 1
2979.38	10.6762129712	 1
2980.75	10.6822974108	 1
2982.12	10.6844753117	 1
2983.49	10.6828287566	 1
2984.86	10.6807507215	 1
2986.23	10.6815678769	 1
2987.61	10.6777374023	 1
2988.98	10.6815025004	 1
2990.35	10.6813084684	 1
2991.72	10.684445221	 1
2993.09	10.6865221244	 1
2994.46	10.6834129924	 1
2995.83	10.6844007412	 1
2997.2	10.6850054484	 1
2998.57	10.6884310646	 1
2999.94	10.6924352055	 1
3001.31	10.6933466065	 1
3002.68	10.6907753602	 1
3004.05	10.6930668797	 1
3005.43	10.6947979884	 1
3006.8	10.6970572842	 1
3008.17	10.7004438389	 1
3009.54	10.7013136961	 1
3010.91	10.6967659414	 1
3012.28	10.6973758652	 1
3013.65	10.6961822004	 1
3015.02	10.7004162083	 1
3016.39	10.6985837209	 1
3017.76	10.7054616164	 1
3019.13	10.7048585589	 1
3020.5	10.7027957555	 1
3021.87	10.7050647228	 1
3023.24	10.7073089612	 1
3024.61	10.7067272179	 1
3025.98	10.709491838	 1
3027.35	10.7108272342	 1
3028.72	10.7037435425	 1
3030.09	10.7089155086	 1
3031.46	10.708514316	 1
3032.83	10.7092057067	 1
3034.2	10.7153133342	 1
3035.58	10.7105020488	 1
3036.95	10.7153875205	 1
3038.32	10.714301566	 1
3039.69	10.7123814621	 1
3041.06	10.7111367645	 1
3042.43	10.7127350019	 1
3043.8	10.7170713552	 1
3045.17	10.7151650652	 1
3046.54	10.7191828884	 1
3047.91	10.7161809729	 1
3049.28	10.7171949002	 1
3050.65	10.7195079033	 1
3052.02	10.7230053082	 1
3053.39	10.7195038058	 1
3054.76	10.7208398793	 1
3056.13	10.7233769604	 1
3057.5	10.723129027	 1
3058.87	10.7234448119	 1
3060.24	10.7232172687	 1
3061.61	10.7241186908	 1
3062.98	10.727725895	 1
3064.35	10.7320507452	 1
3067.3	10.7319286398	 1
3070.05	10.7306822066	 1
3072.79	10.7394971041	 1
3075.54	10.738633833	 1
3078.29	10.7416938102	 1
3081.03	10.7460641281	 1
3083.78	10.7423412144	 1
3086.52	10.7402248861	 1
3089.27	10.7431275294	 1
3092.02	10.7463188056	 1
3094.76	10.7471466735	 1
3097.51	10.7443443903	 1
3100.26	10.74868085	 1
3103.0	10.7533504571	 1
3105.75	10.7570118416	 1
3108.49	10.7571068455	 1
3111.24	10.7606165057	 1
3113.99	10.7537905624	 1
3116.73	10.7595328029	 1
3119.48	10.7624032927	 1
3122.23	10.7572255425	 1
3124.97	10.7569223536	 1
3127.72	10.7642578227	 1
3130.47	10.7667742375	 1
3133.21	10.7742576088	 1
3135.96	10.7730515815	 1
3138.71	10.7723275756	 1
3141.45	10.7762484062	 1
3144.2	10.7782360896	 1
3146.94	10.7768895856	 1
3149.69	10.7839129735	 1
3152.44	10.7818753978	 1
3155.18	10.7808644124	 1
3157.93	10.7852238882	 1
3160.68	10.7793867583	 1
3163.43	10.7814042638	 1
3166.17	10.7872136133	 1
3168.92	10.79004287	 1
3171.67	10.7909188762	 1
3174.41	10.7946885003	 1
3177.16	10.7982095335	 1
3179.91	10.7983264877	 1
3182.65	10.800163177	 1
3185.4	10.7999768771	 1
3188.15	10.8055880375	 1
3190.89	10.8029356314	 1
3193.64	10.8070346992	 1
3196.39	10.8053367244	 1
3199.13	10.8043317333	 1
3201.88	10.805659105	 1
3204.63	10.8109438692	 1
3207.38	10.8115036159	 1
3210.12	10.8127283603	 1
3212.87	10.8099573314	 1
3215.62	10.8158507404	 1
3218.36	10.8208622558	 1
3221.11	10.8241653814	 1
3223.86	10.8224669641	 1
3226.61	10.8268204394	 1
3229.35	10.8284051497	 1
3232.1	10.8231955448	 1
3234.85	10.827254536	 1
3237.59	10.8263997221	 1
3240.34	10.8292633101	 1
3243.09	10.8280953474	 1
3245.84	10.8330645035	 1
3248.58	10.8386085513	 1
3251.33	10.8392106507	 1
3254.08	10.8412161543	 1
3256.83	10.8407799886	 1
3259.57	10.8424226497	 1
3262.32	10.8407294781	 1
3265.07	10.8432115191	 1
3267.81	10.84164418	 1
3270.56	10.8446116192	 1
3273.31	10.850566787	 1
3276.06	10.8472480871	 1
3278.8	10.8505809203	 1
3281.55	10.8529437489	 1
3284.3	10.8540013379	 1
3287.05	10.8541452582	 1
3289.8	10.8548156667	 1
3292.54	10.8574262453	 1
3295.29	10.8591419461	 1
3298.04	10.863725499	 1
3300.79	10.864176016	 1
3303.53	10.8675378479	 1
3306.28	10.8707491772	 1
3309.03	10.8687008454	 1
3311.78	10.8714737279	 1
3314.52	10.872829535	 1
3317.27	10.876769015	 1
3320.02	10.8780732045	 1
3322.77	10.8797341636	 1
3325.52	10.8792996065	 1
3328.26	10.8776103101	 1
3331.01	10.880136964	 1
3333.76	10.8794152565	 1
3336.51	10.8837430062	 1
3339.25	10.8847438169	 1
3342.0	10.885998493	 1
3344.75	10.8928067382	 1
3347.5	10.8900074862	 1
3350.25	10.894198944	 1
3352.99	10.8923217614	 1
3355.74	10.894934953	 1
3358.49	10.8930282118	 1
3361.24	10.8955588674	 1
3363.99	10.9064464505	 1
3366.73	10.9083499927	 1
3369.48	10.9051173491	 1
3372.23	10.9049880961	 1
3374.98	10.9014976044	 1
3377.73	10.9033293061	 1
3380.47	10.9066238976	 1
3383.22	10.911970138	 1
3385.97	10.9099415658	 1
3388.72	10.9097121547	 1
3391.47	10.9149049415	 1
3394.22	10.9173068579	 1
3396.96	10.9255981211	 1
3399.71	10.9220617779	 1
3402.46	10.9199020554	 1
3405.21	10.9220588052	 1
3407.96	10.9256694062	 1
3410.7	10.9228385617	 1
3413.45	10.9253559871	 1
3416.2	10.9257609993	 1
3418.95	10.931654258	 1
3421.7	10.9366071352	 1
3424.45	10.9376868316	 1
3427.19	10.9365324343	 1
3429.94	10.9346243072	 1
3432.69	10.9361338343	 1
3435.44	10.9354525173	 1
3438.19	10.9369219112	 1
3440.94	10.9382061399	 1
3443.68	10.9436990128	 1
3446.43	10.9476754467	 1
3449.18	10.9501460229	 1
3451.93	10.951663653	 1
3454.68	10.9482236167	 1
3457.43	10.9495485935	 1
3460.18	10.9508549005	 1
3462.92	10.9529246221	 1
3465.67	10.9529561293	 1
3468.42	10.9544927974	 1
3471.17	10.9571421184	 1
3473.92	10.9605386682	 1
3476.67	10.9621471941	 1
3479.42	10.964324475	 1
3482.16	10.9669650274	 1
3484.91	10.9674323024	 1
3487.66	10.9734488121	 1
3490.41	10.9791030971	 1
3493.16	10.9808094556	 1
3495.91	10.9797311654	 1
3498.66	10.9795565094	 1
3501.4	10.9794216834	 1
3504.15	10.9843635851	 1
3506.9	10.9926153439	 1
3509.65	10.9996340308	 1
3512.4	11.0026915809	 1
3515.15	11.0016116128	 1
3517.9	10.992656574	 1
3520.65	10.9916986718	 1
3523.39	10.9913344871	 1
3526.14	10.9916156185	 1
3528.89	10.990417157	 1
3531.64	10.9899006997	 1
3534.39	10.9954746241	 1
3537.14	11.0016320068	 1
3539.89	10.9998189345	 1
3542.64	10.9981012895	 1
3545.39	11.0000926865	 1
3548.13	10.9981948418	 1
3550.88	10.9952544581	 1
3553.63	11.0007320909	 1
3556.38	11.003268666	 1
3559.13	11.0036886163	 1
3561.88	11.0078830712	 1
3564.63	11.0093153957	 1
3567.38	11.0124971242	 1
3570.13	11.0099861032	 1
3572.87	11.0075474626	 1
3575.62	11.0145368309	 1
3578.37	11.0183315435	 1
3581.12	11.0224829462	 1
3583.87	11.0173794236	 1
3586.62	11.0217433499	 1
3589.37	11.0199147472	 1
3592.12	11.021278611	 1
3594.87	11.0214964509	 1
3597.62	11.0221156304	 1
3600.36	11.0281294154	 1
3603.11	11.025738925	 1
3605.86	11.0286185018	 1
3608.61	11.0345098014	 1
3611.36	11.0329566041	 1
3614.11	11.0337974648	 1
3616.86	11.0316735703	 1
3619.61	11.0356357912	 1
3622.36	11.035581042	 1
3625.11	11.0357679034	 1
3627.86	11.0423477313	 1
3630.61	11.0439279705	 1
3633.35	11.0434588763	 1
3636.1	11.0430551884	 1
3638.85	11.0428955598	 1
3641.6	11.0446057929	 1
3644.35	11.0486552698	 1
3647.1	11.0486879418	 1
3649.85	11.0491082296	 1
3652.6	11.0519838954	 1
3655.35	11.0529810428	 1
3658.1	11.0575835381	 1
3660.85	11.057047526	 1
3663.6	11.0577890578	 1
3666.35	11.0631289182	 1
3669.09	11.065366085	 1
3671.84	11.0657457415	 1
3674.59	11.0655555826	 1
3677.34	11.0614201433	 1
3680.09	11.0657608921	 1
3682.84	11.066266492	 1
3685.59	11.0689859913	 1
3688.34	11.0697609602	 1
3691.09	11.0686148174	 1
3693.84	11.0760836086	 1
3696.59	11.0782116347	 1
3699.34	11.0751637415	 1
3702.09	11.0821400552	 1
3704.84	11.0878065046	 1
3707.59	11.0847058263	 1
3710.34	11.0832446484	 1
3713.08	11.0805629337	 1
3715.83	11.0825676407	 1
3718.58	11.0901766741	 1
3721.33	11.0898889265	 1
3724.08	11.0872306882	 1
3726.83	11.0908709827	 1
3729.58	11.0936263811	 1
3732.33	11.0978117768	 1
3735.08	11.0975490808	 1
3737.83	11.0948432541	 1
3740.58	11.0949272459	 1
3743.33	11.1024309366	 1
3746.08	11.1024182185	 1
3748.83	11.1023316446	 1
3751.58	11.0980746495	 1
3754.33	11.1024397382	 1
3757.08	11.1082046275	 1
3759.83	11.110997873	 1
3762.58	11.1104300059	 1
3765.32	11.1125048784	 1
3768.07	11.1112739465	 1
3770.82	11.1153763112	 1
3773.57	11.1177201285	 1
3776.32	11.117171894	 1
3779.07	11.1194561944	 1
3781.82	11.1179165229	 1
3784.57	11.1195362469	 1
3787.32	11.1155594463	 1
3790.07	11.1211977838	 1
3792.82	11.1208298666	 1
3795.57	11.1228449492	 1
3798.32	11.1288519192	 1
3801.07	11.1301313185	 1
3803.82	11.1294176262	 1
3806.57	11.1256058541	 1
3809.32	11.1311069044	 1
3812.07	11.1329478597	 1
3814.82	11.1323693842	 1
3817.57	11.1387781103	 1
3820.32	11.1375047439	 1
3823.07	11.1409308545	 1
3825.82	11.1439207478	 1
3828.57	11.1459229274	 1
3831.32	11.1459601778	 1
3834.07	11.1466326417	 1
3836.81	11.1438603232	 1
3839.56	11.1488467489	 1
3842.31	11.1467841293	 1
3845.06	11.1457384364	 1
3847.81	11.1460927179	 1
3850.56	11.1477692848	 1
3853.31	11.1466019054	 1
3856.06	11.1457763501	 1
3858.81	11.1501630372	 1
3861.56	11.1490871223	 1
3864.31	11.1525641528	 1
3867.06	11.1618305743	 1
3869.81	11.1610259981	 1
3872.56	11.1625320339	 1
3875.31	11.160728921	 1
3878.06	11.1686916722	 1
3880.81	11.1746557789	 1
3883.56	11.1767999311	 1
3886.31	11.180117726	 1
3889.06	11.181218674	 1
3891.81	11.1838533625	 1
3894.56	11.1853784364	 1
3897.31	11.1776020487	 1
3900.06	11.1752197033	 1
3902.81	11.1757945863	 1
3905.56	11.1767341238	 1
3908.31	11.1730505451	 1
3911.06	11.1699096268	 1
3913.81	11.1697726248	 1
3916.56	11.1660074716	 1
3919.31	11.1688779241	 1
3922.06	11.1680290526	 1
3924.81	11.1675866503	 1
3927.56	11.169491587	 1
3930.31	11.1724959814	 1
3933.06	11.1752017258	 1
3935.81	11.1764638695	 1
3938.56	11.1768653459	 1
3941.3	11.1793393982	 1
3944.05	11.1852828254	 1
3946.8	11.191744155	 1
3949.55	11.2001894072	 1
3952.3	11.2067861519	 1
3955.05	11.214160306	 1
3957.8	11.2209356064	 1
3960.55	11.2268072439	 1
3963.3	11.2363425617	 1
3966.05	11.2475743024	 1
3968.8	11.2505803617	 1
3971.55	11.2528582758	 1
3974.3	11.2546003189	 1
3977.05	11.24771175	 1
3979.8	11.2370454549	 1
3982.55	11.2282685607	 1
3985.3	11.2263776871	 1
3988.05	11.2220911653	 1
3990.8	11.2172281479	 1
3993.55	11.2113573001	 1
3996.3	11.2086503511	 1
3999.05	11.2058973777	 1
4001.8	11.2043078465	 1
4004.55	11.2038329996	 1
4007.3	11.1985702162	 1
4010.05	11.1943322861	 1
4012.8	11.1927473462	 1
4015.55	11.1944422959	 1
4018.3	11.1928108341	 1
4021.05	11.1927747707	 1
4023.8	11.1938072953	 1
4026.55	11.1972781264	 1
4029.3	11.2013597247	 1
4032.05	11.1971901872	 1
4034.8	11.1976150294	 1
4037.55	11.205022372	 1
4040.3	11.2064070503	 1
4043.05	11.204237753	 1
4045.8	11.2063733782	 1
4048.55	11.2086712614	 1
4051.3	11.2132315701	 1
4054.05	11.2152144922	 1
4056.8	11.2169578155	 1
4059.55	11.218207095	 1
4062.3	11.2217931353	 1
4065.05	11.230610229	 1
4067.8	11.2412844829	 1
4070.55	11.2420959749	 1
4073.3	11.242861294	 1
4076.05	11.2493743636	 1
4078.79	11.2574302187	 1
4081.54	11.269835793	 1
4084.29	11.2757785596	 1
4087.04	11.2915762283	 1
4089.79	11.3010022197	 1
4092.54	11.3132781834	 1
4095.29	11.3277736891	 1
4098.04	11.3383656106	 1
4100.79	11.3526419951	 1
4103.54	11.3581418508	 1
4106.29	11.3522397728	 1
4109.04	11.3432786837	 1
4111.79	11.332643532	 1
4114.54	11.3166255268	 1
4117.29	11.3052339398	 1
4120.04	11.2925971522	 1
4122.79	11.2842145084	 1
4125.54	11.279288675	 1
4128.29	11.2719602121	 1
4131.04	11.2648279858	 1
4133.79	11.2602790403	 1
4136.54	11.2507089556	 1
4139.29	11.2533212209	 1
4142.04	11.2534512054	 1
4144.79	11.2523898183	 1
4147.54	11.2486184313	 1
4150.29	11.2516832502	 1
4153.04	11.2490492147	 1
4155.79	11.2493514301	 1
4158.54	11.2523308774	 1
4161.29	11.2518791333	 1
4164.04	11.2491331099	 1
4166.79	11.2516935024	 1
4169.54	11.2552052584	 1
4172.29	11.2545447049	 1
4175.04	11.2525079798	 1
4177.79	11.2540008772	 1
4180.54	11.2568322812	 1
4183.29	11.2559588479	 1
4186.03	11.2551473191	 1
4188.78	11.2578914914	 1
4191.53	11.2607645358	 1
4194.28	11.2618601577	 1
4197.03	11.2647622001	 1
4199.78	11.2619336504	 1
4202.53	11.2618058919	 1
4205.28	11.2649536182	 1
4208.03	11.2700529851	 1
4210.78	11.2694875505	 1
4213.53	11.2721173926	 1
4216.28	11.2700725512	 1
4219.03	11.2715717421	 1
4221.78	11.2704430284	 1
4224.53	11.2729289864	 1
4227.28	11.2747958161	 1
4230.03	11.2748830502	 1
4232.78	11.2782142816	 1
4235.53	11.2767459932	 1
4238.28	11.2831309268	 1
4241.03	11.282598422	 1
4243.78	11.2841159314	 1
4246.53	11.2808947702	 1
4249.28	11.2822411913	 1
4252.03	11.2868332711	 1
4254.77	11.2866141925	 1
4257.52	11.2917822413	 1
4260.27	11.292638837	 1
4263.02	11.2902265399	 1
4265.77	11.2916834146	 1
4268.52	11.2977600996	 1
4271.27	11.297322245	 1
4274.02	11.2977883403	 1
4276.77	11.2984996666	 1
4279.52	11.3010296836	 1
4282.27	11.3050940788	 1
4285.02	11.3097983314	 1
4287.77	11.3148454723	 1
4290.52	11.317335811	 1
4293.27	11.3149570865	 1
4296.02	11.3178310821	 1
4298.77	11.3245217894	 1
4301.52	11.328449066	 1
4304.27	11.334484489	 1
4307.02	11.3408261715	 1
4309.76	11.3432664083	 1
4312.51	11.3455879413	 1
4315.26	11.3609121085	 1
4318.01	11.3684063174	 1
4320.76	11.3794165455	 1
4323.51	11.3890293101	 1
4326.26	11.4005160049	 1
4329.01	11.4236728218	 1
4331.76	11.4423021676	 1
4334.51	11.458075293	 1
4337.26	11.4762405306	 1
4340.01	11.5006572938	 1
4342.76	11.5037785392	 1
4345.51	11.4922379123	 1
4348.26	11.46906179	 1
4351.01	11.4500401494	 1
4353.75	11.4364733069	 1
4356.5	11.4229677423	 1
4359.25	11.4080717645	 1
4362.0	11.3945757016	 1
4364.75	11.3852880024	 1
4367.5	11.380728057	 1
4370.25	11.3776670312	 1
4373.0	11.3726506061	 1
4375.75	11.3700713926	 1
4378.5	11.3645356153	 1
4381.25	11.3605563799	 1
4384.0	11.3596628731	 1
4386.75	11.3569615883	 1
4389.49	11.3576827593	 1
4392.24	11.3577320719	 1
4394.99	11.3591970419	 1
4397.74	11.3519299664	 1
4400.49	11.3549338584	 1
4403.24	11.3512266751	 1
4405.99	11.3481280641	 1
4408.74	11.3499929427	 1
4411.49	11.3541615303	 1
4414.24	11.3530784338	 1
4416.99	11.3527396014	 1
4419.74	11.354231024	 1
4422.48	11.3534954192	 1
4425.23	11.3594945243	 1
4427.98	11.3580089661	 1
4430.73	11.3591896535	 1
4433.48	11.3620931181	 1
4436.23	11.3664633849	 1
4438.98	11.3679528083	 1
4441.73	11.3683403277	 1
4444.48	11.3685925359	 1
4447.23	11.3646134068	 1
4449.97	11.3647318664	 1
4452.72	11.3674912765	 1
4455.47	11.370476793	 1
4458.22	11.3750961753	 1
4460.97	11.3710188392	 1
4463.72	11.3731925244	 1
4466.47	11.3761550908	 1
4469.22	11.3801288021	 1
4471.97	11.3797871968	 1
4474.72	11.3798740509	 1
4477.46	11.3853237633	 1
4480.21	11.3849214297	 1
4482.96	11.3850944936	 1
4485.71	11.3836911079	 1
4488.46	11.3852335473	 1
4491.21	11.3890223881	 1
4493.96	11.3895737511	 1
4496.71	11.3893317874	 1
4499.45	11.3927294793	 1
4502.2	11.3954860762	 1
4504.95	11.3936488574	 1
4507.7	11.394736051	 1
4510.45	11.3946565274	 1
4513.2	11.3967084949	 1
4515.95	11.3981084805	 1
4518.7	11.3959763905	 1
4521.44	11.396207286	 1
4524.19	11.3991717062	 1
4526.94	11.4011139988	 1
4529.69	11.4013555185	 1
4532.44	11.4070491168	 1
4535.19	11.4088795013	 1
4537.94	11.410268323	 1
4540.69	11.4075993944	 1
4543.43	11.4092239781	 1
4546.18	11.4116839018	 1
4548.93	11.4137784866	 1
4551.68	11.4138322341	 1
4554.43	11.4125966305	 1
4557.18	11.4152423106	 1
4559.93	11.4125611775	 1
4562.67	11.4192797612	 1
4565.42	11.4211972455	 1
4568.17	11.420043496	 1
4570.92	11.4225128907	 1
4573.67	11.4198181562	 1
4576.42	11.4271050307	 1
4579.16	11.4233988613	 1
4581.91	11.4231036897	 1
4584.66	11.4275594413	 1
4587.41	11.4308706653	 1
4590.16	11.4283163161	 1
4592.91	11.4299940318	 1
4595.65	11.4347590643	 1
4598.4	11.4358303203	 1
4601.15	11.4320829154	 1
4603.9	11.4368791202	 1
4606.65	11.4381249671	 1
4609.4	11.4369881705	 1
4612.14	11.4417611021	 1
4614.89	11.4491417539	 1
4617.64	11.4416561185	 1
4620.39	11.4371605358	 1
4623.14	11.4377890107	 1
4625.89	11.4402686257	 1
4628.63	11.4376173498	 1
4631.38	11.4418804264	 1
4634.13	11.4438235235	 1
4636.88	11.4471577078	 1
4639.63	11.4471713139	 1
4642.37	11.4489039893	 1
4645.12	11.4502321232	 1
4647.87	11.4529619788	 1
4650.62	11.4590083622	 1
4653.37	11.4633593137	 1
4656.12	11.4607479961	 1
4658.86	11.4601345276	 1
4661.61	11.4642633167	 1
4664.36	11.463483451	 1
4667.11	11.4622870606	 1
4669.85	11.4654463932	 1
4672.6	11.4666017528	 1
4675.35	11.4679317546	 1
4678.1	11.4674973941	 1
4680.85	11.4703590302	 1
4683.59	11.4729022175	 1
4686.34	11.4689141037	 1
4689.09	11.4704386316	 1
4691.84	11.4730783801	 1
4694.59	11.4729996798	 1
4697.33	11.4758352742	 1
4700.08	11.4797145353	 1
4702.83	11.4800803742	 1
4705.58	11.4885051052	 1
4708.32	11.4846359092	 1
4711.07	11.4794719509	 1
4713.82	11.4781183439	 1
4716.57	11.4817020338	 1
4719.32	11.4842624046	 1
4722.06	11.4851819619	 1
4724.81	11.4884660488	 1
4727.56	11.487816278	 1
4730.31	11.4881332733	 1
4733.05	11.4898661106	 1
4735.8	11.4914267346	 1
4738.55	11.4931725196	 1
4741.3	11.494749816	 1
4744.04	11.4969630977	 1
4746.79	11.4993623481	 1
4749.54	11.4956054645	 1
4752.29	11.4974734751	 1
4755.03	11.503308509	 1
4757.78	11.5071950784	 1
4760.53	11.5051268059	 1
4763.28	11.5084908224	 1
4766.02	11.5123355963	 1
4768.77	11.5112653692	 1
4771.52	11.5130267827	 1
4774.27	11.5181952543	 1
4777.01	11.5215581688	 1
4779.76	11.5216024421	 1
4782.51	11.5195214433	 1
4785.25	11.5199423902	 1
4788.0	11.5221247044	 1
4790.75	11.5221784885	 1
4793.5	11.5264307253	 1
4796.24	11.5271536301	 1
4798.99	11.5334227143	 1
4801.74	11.5336877512	 1
4804.48	11.5347164674	 1
4807.23	11.5404000266	 1
4809.98	11.5413495662	 1
4812.73	11.5423042476	 1
4815.47	11.5472980196	 1
4818.22	11.5493311992	 1
4820.97	11.5477066248	 1
4823.71	11.5535309261	 1
4826.46	11.5595929062	 1
4829.21	11.5623672912	 1
4831.96	11.5656492731	 1
4834.7	11.5719245287	 1
4837.45	11.5832498067	 1
4840.2	11.5939115519	 1
4842.94	11.6024576979	 1
4845.69	11.6180264993	 1
4848.44	11.6289117575	 1
4851.18	11.6450503123	 1
4853.93	11.6677778902	 1
4856.68	11.6898643697	 1
4859.42	11.7128894875	 1
4862.17	11.7302192508	 1
4864.92	11.7203857555	 1
4867.66	11.7004220928	 1
4870.41	11.6822635602	 1
4873.16	11.668969407	 1
4875.9	11.6523120609	 1
4878.65	11.6370668718	 1
4881.4	11.6279422427	 1
4884.14	11.6174022062	 1
4886.89	11.6095553786	 1
4889.64	11.5996674634	 1
4892.38	11.5956466658	 1
4895.13	11.592043267	 1
4897.88	11.5873103356	 1
4900.62	11.5856833056	 1
4903.37	11.5815813549	 1
4906.12	11.5753356221	 1
4908.86	11.5763779152	 1
4911.61	11.5776267875	 1
4914.35	11.5796080276	 1
4917.1	11.5830439688	 1
4919.85	11.5799671812	 1
4922.59	11.574218351	 1
4925.34	11.5793045284	 1
4928.09	11.5756098235	 1
4930.83	11.574506158	 1
4933.58	11.575778298	 1
4936.32	11.5776842341	 1
4939.07	11.5756442249	 1
4941.82	11.5794288524	 1
4944.56	11.5801036465	 1
4947.31	11.5837115482	 1
4950.05	11.5800989379	 1
4952.8	11.5824578622	 1
4955.55	11.5851453569	 1
4958.29	11.5867946126	 1
4961.04	11.5865421091	 1
4963.78	11.5886269809	 1
4966.53	11.5910373917	 1
4969.28	11.5927131842	 1
4972.02	11.5822704002	 1
4974.77	11.5864800939	 1
4977.51	11.593933199	 1
4980.26	11.5944504036	 1
4983.01	11.5987414707	 1
4985.75	11.5942075426	 1
4988.5	11.5943019238	 1
4991.24	11.5967779368	 1
4993.99	11.5964468165	 1
4996.73	11.598939515	 1
4999.48	11.5977447523	 1
5002.23	11.5972563223	 1
5004.97	11.6019038731	 1
5007.72	11.6014865754	 1
5010.46	11.6064238798	 1
5013.21	11.6026093738	 1
5015.95	11.6034087527	 1
5018.7	11.6065760866	 1
5021.44	11.6086152372	 1
5024.19	11.6118588845	 1
5026.94	11.6119594766	 1
5029.68	11.6105205446	 1
5032.43	11.6112692634	 1
5035.17	11.6086185416	 1
5037.92	11.608968451	 1
5040.66	11.6124969597	 1
5043.41	11.6210748002	 1
5046.15	11.6219737282	 1
5048.9	11.6190960713	 1
5051.64	11.617285979	 1
5054.39	11.6188831001	 1
5057.13	11.6235583798	 1
5059.88	11.6247002412	 1
5062.62	11.6222262743	 1
5065.37	11.6284252765	 1
5068.11	11.6285352956	 1
5070.86	11.6226632382	 1
5073.6	11.6192077471	 1
5076.35	11.6248585186	 1
5079.09	11.6313427585	 1
5081.84	11.6334071614	 1
5084.58	11.6348006433	 1
5087.33	11.6342655519	 1
5090.07	11.6356678807	 1
5092.82	11.6372828949	 1
5095.56	11.6356244921	 1
5098.31	11.6403528237	 1
5101.05	11.6439268933	 1
5103.8	11.6437591225	 1
5106.54	11.6433373449	 1
5109.29	11.6394439449	 1
5112.03	11.6393639366	 1
5114.78	11.6436215264	 1
5117.52	11.6475421081	 1
5120.26	11.6484174901	 1
5123.01	11.6458449956	 1
5125.75	11.6495549943	 1
5128.5	11.652118037	 1
5131.24	11.6511142968	 1
5133.99	11.6493865862	 1
5136.73	11.6529069823	 1
5139.48	11.650648393	 1
5142.22	11.6529888547	 1
5144.96	11.6572093282	 1
5147.71	11.6581513879	 1
5150.45	11.6588220732	 1
5153.2	11.6557759399	 1
5155.94	11.658362364	 1
5158.69	11.6626373983	 1
5161.43	11.6563688245	 1
5164.17	11.6666925121	 1
5166.92	11.6705329257	 1
5169.66	11.6684771793	 1
5172.41	11.670348678	 1
5175.15	11.6666183484	 1
5177.89	11.6704241442	 1
5180.64	11.6723625218	 1
5183.38	11.6738138998	 1
5186.13	11.6786849695	 1
5188.87	11.6799439175	 1
5191.61	11.6748199996	 1
5194.36	11.6762110148	 1
5197.1	11.6732036136	 1
5199.85	11.6755934124	 1
5202.59	11.6768612618	 1
5205.33	11.6781730915	 1
5208.08	11.6799187535	 1
5210.82	11.6788147415	 1
5213.56	11.6823073568	 1
5216.31	11.6829882504	 1
5219.05	11.6836001788	 1
5221.8	11.6900091856	 1
5224.54	11.691412333	 1
5227.28	11.6852852265	 1
5230.03	11.6830505253	 1
5232.77	11.692032951	 1
5235.51	11.6920639805	 1
5238.26	11.6916249565	 1
5241.0	11.6940286003	 1
5243.74	11.692372456	 1
5246.49	11.6940644385	 1
5249.23	11.6950093147	 1
5251.97	11.6988732882	 1
5254.72	11.6993547497	 1
5257.46	11.6986573162	 1
5260.2	11.6985141901	 1
5262.95	11.7008915995	 1
5265.69	11.7015880608	 1
5268.43	11.7049188927	 1
5271.17	11.7057604051	 1
5273.92	11.7069090843	 1
5276.66	11.7065026084	 1
5279.4	11.7083058974	 1
5282.15	11.7116598323	 1
5284.89	11.7170385483	 1
5287.63	11.7133037098	 1
5290.38	11.7090598217	 1
5293.12	11.7121446353	 1
5295.86	11.7134702175	 1
5298.6	11.7176026626	 1
5301.35	11.7134443994	 1
5304.09	11.7090691391	 1
5306.83	11.7123554356	 1
5309.57	11.7179824756	 1
5312.32	11.7229191514	 1
5315.06	11.7187783862	 1
5317.8	11.7218497702	 1
5320.54	11.724882691	 1
5323.29	11.7280667708	 1
5326.03	11.7251611351	 1
5328.77	11.7302672549	 1
5331.51	11.738833886	 1
5334.26	11.7323163138	 1
5337.0	11.7308935627	 1
5339.74	11.7263728748	 1
5342.48	11.72919648	 1
5345.23	11.7324943248	 1
5347.97	11.7350958263	 1
5350.71	11.732955231	 1
5353.45	11.7363727137	 1
5356.19	11.7352191799	 1
5358.94	11.7394621202	 1
5361.68	11.7335178488	 1
5364.42	11.7371716884	 1
5367.16	11.7383668984	 1
5369.9	11.7409667375	 1
5372.65	11.7423007044	 1
5375.39	11.7461159767	 1
5378.13	11.7485968447	 1
5380.87	11.7492817778	 1
5383.61	11.7440644166	 1
5386.36	11.7486730967	 1
5389.1	11.7499890344	 1
5391.84	11.7499013557	 1
5394.58	11.7493356082	 1
5397.32	11.7453744022	 1
5400.06	11.7434466201	 1
5402.81	11.7532413837	 1
5405.55	11.7563903932	 1
5408.29	11.7574065136	 1
5411.03	11.7599024506	 1
5413.77	11.75788834	 1
5416.51	11.7612232931	 1
5419.25	11.7648892974	 1
5422.0	11.7612619679	 1
5424.74	11.764208831	 1
5427.48	11.7622785043	 1
5430.22	11.7667932823	 1
5432.96	11.7643821152	 1
5435.7	11.7706640637	 1
5438.44	11.7707438654	 1
5441.18	11.7673031545	 1
5443.93	11.7692308613	 1
5446.67	11.7708240301	 1
5449.41	11.7662627304	 1
5451.42	11.7706396303	 1
5456.29	11.771124344	 1
5461.17	11.7734224412	 1
5466.04	11.7764767577	 1
5470.91	11.7734881153	 1
5475.78	11.7772857458	 1
5480.65	11.7797419919	 1
5485.52	11.7819080812	 1
5490.4	11.7827518257	 1
5495.27	11.7852746012	 1
5500.14	11.788239976	 1
5505.01	11.78920244	 1
5509.88	11.7904261276	 1
5514.75	11.7934303056	 1
5519.63	11.7945183422	 1
5524.5	11.7968773106	 1
5529.37	11.7991270019	 1
5534.24	11.7991987766	 1
5539.11	11.8016201728	 1
5543.99	11.805332392	 1
5548.86	11.8066134976	 1
5553.73	11.8058759299	 1
5558.6	11.8051737693	 1
5563.48	11.8092612983	 1
5568.35	11.81128775	 1
5573.22	11.8157343718	 1
5578.09	11.8160325449	 1
5582.97	11.8177739637	 1
5587.84	11.8191839906	 1
5592.71	11.8190559935	 1
5597.59	11.8211659572	 1
5602.46	11.8249751285	 1
5607.33	11.8302357244	 1
5612.2	11.8308396044	 1
5617.08	11.8304789528	 1
5621.95	11.832338095	 1
5626.82	11.8340921578	 1
5631.7	11.8338687986	 1
5636.57	11.8359187377	 1
5641.44	11.840573873	 1
5646.32	11.8424358058	 1
5651.19	11.8424382922	 1
5656.06	11.8457745915	 1
5660.94	11.8470134667	 1
5665.81	11.8483896326	 1
5670.68	11.8479471193	 1
5675.56	11.8508542559	 1
5680.43	11.8518208874	 1
5685.31	11.8537339096	 1
5690.18	11.8523011193	 1
5695.05	11.8551815391	 1
5699.93	11.8608092533	 1
5704.8	11.8613300265	 1
5709.68	11.8616732641	 1
5714.55	11.8630578299	 1
5719.42	11.8655800789	 1
5724.3	11.8659844747	 1
5729.17	11.8705687318	 1
5734.05	11.8740468287	 1
5738.92	11.87395408	 1
5743.8	11.8752853251	 1
5748.67	11.8753889665	 1
5753.54	11.8756461756	 1
5758.42	11.8781211836	 1
5763.29	11.880974389	 1
5768.17	11.8834697312	 1
5773.04	11.8861198613	 1
5777.92	11.885833831	 1
5782.79	11.886881072	 1
5787.67	11.8888081568	 1
5792.54	11.8912880426	 1
5797.42	11.8929972457	 1
5802.29	11.8919595318	 1
5807.17	11.8953796117	 1
5812.04	11.8980565052	 1
5816.92	11.9003809439	 1
5821.79	11.9021809641	 1
5826.67	11.9021746841	 1
5831.54	11.9058770265	 1
5836.42	11.9071834199	 1
5841.29	11.9094907664	 1
5846.17	11.912743459	 1
5851.04	11.9123842819	 1
5855.92	11.913915896	 1
5860.79	11.9163027294	 1
5865.67	11.9158362479	 1
5870.55	11.9172592453	 1
5875.42	11.9205519611	 1
5880.3	11.9176801649	 1
5885.17	11.9219471972	 1
5890.05	11.9231314563	 1
5894.93	11.9255083496	 1
5899.8	11.9268827524	 1
5904.68	11.9293115497	 1
5909.55	11.9322158722	 1
5914.43	11.9338128256	 1
5919.31	11.9332852683	 1
5924.18	11.9332001086	 1
5929.06	11.9360713939	 1
5933.93	11.9392819625	 1
5938.81	11.9439028146	 1
5943.69	11.9432784171	 1
5948.56	11.9444773634	 1
5953.44	11.9444320063	 1
5958.32	11.9484927807	 1
5963.19	11.9506865041	 1
5968.07	11.9487606077	 1
5972.95	11.9510748375	 1
5977.82	11.9513661417	 1
5982.7	11.9553256059	 1
5987.58	11.9577543141	 1
5992.45	11.9587031791	 1
5997.33	11.9585673946	 1
6002.21	11.9590026392	 1
6007.08	11.9647292054	 1
6011.96	11.9649229268	 1
6016.84	11.9697839452	 1
6021.71	11.9713981739	 1
6026.59	11.9699501459	 1
6031.47	11.9718202858	 1
6036.34	11.9735063103	 1
6041.22	11.9729150818	 1
6046.1	11.9742107766	 1
6050.98	11.9748637504	 1
6055.85	11.9773326345	 1
6060.73	11.9811772271	 1
6065.61	11.981861667	 1
6070.49	11.9844019286	 1
6075.36	11.9860470743	 1
6080.24	11.9896795173	 1
6085.12	11.9913051638	 1
6090.0	11.9900497017	 1
6094.87	11.9943167784	 1
6099.75	11.9968403269	 1
6104.63	11.996037478	 1
6109.51	11.9970380184	 1
6114.38	12.0000472602	 1
6119.26	12.0020836352	 1
6124.14	12.0008954537	 1
6129.02	12.0013871958	 1
6133.9	12.0029758226	 1
6138.77	12.0053652467	 1
6143.65	12.0084856516	 1
6148.53	12.0083177345	 1
6153.41	12.0121196052	 1
6158.29	12.0119887281	 1
6163.17	12.0134809498	 1
6168.04	12.0155457112	 1
6172.92	12.0162826766	 1
6177.8	12.0200053286	 1
6182.68	12.023658428	 1
6187.56	12.0223383618	 1
6192.44	12.0214870734	 1
6197.31	12.0239946437	 1
6202.19	12.0230512278	 1
6207.07	12.0272905618	 1
6211.95	12.0306648956	 1
6216.83	12.032134839	 1
6221.71	12.0358023149	 1
6226.59	12.0356105524	 1
6231.46	12.0356275889	 1
6236.34	12.0376185585	 1
6241.22	12.0407674648	 1
6246.1	12.0394518646	 1
6250.98	12.043266051	 1
6255.86	12.0435168898	 1
6260.74	12.0453393168	 1
6265.62	12.0482580788	 1
6270.5	12.0493847207	 1
6275.37	12.0526792267	 1
6280.25	12.0468134918	 1
6285.13	12.0475381068	 1
6290.01	12.055185188	 1
6294.89	12.0576718582	 1
6299.77	12.0574355542	 1
6304.65	12.0538872552	 1
6309.53	12.0539687153	 1
6314.41	12.0611144702	 1
6319.29	12.0687351116	 1
6324.17	12.0746575581	 1
6329.05	12.0844676828	 1
6333.93	12.0866404271	 1
6338.81	12.0853233726	 1
6343.69	12.0843359203	 1
6348.57	12.0852678652	 1
6353.44	12.0840964293	 1
6358.32	12.0794705529	 1
6363.2	12.0813669003	 1
6368.08	12.0815977385	 1
6372.96	12.0812273795	 1
6377.84	12.0832326686	 1
6382.72	12.0846144002	 1
6387.6	12.0876181975	 1
6392.48	12.089219462	 1
6397.36	12.0909717453	 1
6402.24	12.0912489329	 1
6407.12	12.0936395747	 1
6412.0	12.0960748536	 1
6416.88	12.0981582652	 1
6421.76	12.0978406496	 1
6426.64	12.0960776158	 1
6431.52	12.1011476206	 1
6436.4	12.1053990327	 1
6441.28	12.1064266869	 1
6446.17	12.1048363697	 1
6451.05	12.10316432	 1
6455.93	12.1061662075	 1
6460.81	12.1099733873	 1
6465.69	12.1120879501	 1
6470.57	12.1176741636	 1
6475.45	12.1158610259	 1
6480.33	12.115223268	 1
6485.21	12.1201577416	 1
6490.09	12.1229358251	 1
6494.97	12.1235012815	 1
6499.85	12.124787564	 1
6504.73	12.1280273806	 1
6509.61	12.1316212508	 1
6514.49	12.1378143104	 1
6519.37	12.1444316745	 1
6524.25	12.1447322143	 1
6529.14	12.1519815202	 1
6534.02	12.1632335597	 1
6538.9	12.1688767402	 1
6543.78	12.1804054914	 1
6548.66	12.2029348431	 1
6553.54	12.2255823932	 1
6558.42	12.2507948212	 1
6563.3	12.2665287319	 1
6568.18	12.2590434948	 1
6573.06	12.2360127106	 1
6577.95	12.2181079856	 1
6582.83	12.2019574802	 1
6587.71	12.1887898319	 1
6592.59	12.1767096849	 1
6597.47	12.1698724379	 1
6602.35	12.1656450622	 1
6607.23	12.166982596	 1
6612.11	12.1667892106	 1
6617.0	12.1678804924	 1
6621.88	12.1634547858	 1
6626.76	12.1655481453	 1
6631.64	12.1674939085	 1
6636.52	12.1676407378	 1
6641.4	12.1664648943	 1
6646.29	12.1702480101	 1
6651.17	12.1706384133	 1
6656.05	12.1705118649	 1
6660.93	12.1732651097	 1
6665.81	12.1727227502	 1
6670.69	12.1769813362	 1
6675.58	12.1771703791	 1
6680.46	12.1761116133	 1
6685.34	12.1766407273	 1
6690.22	12.1790657568	 1
6695.1	12.1800749387	 1
6699.98	12.1819257243	 1
6704.87	12.1829484183	 1
6709.75	12.1845857293	 1
6714.63	12.182772082	 1
6719.51	12.1826383122	 1
6724.39	12.1872280633	 1
6729.28	12.191952909	 1
6734.16	12.1924199296	 1
6739.04	12.1933014023	 1
6743.92	12.1939159606	 1
6748.8	12.1976931778	 1
6753.69	12.1969454626	 1
6758.57	12.1986837012	 1
6763.45	12.2022686797	 1
6768.33	12.2019163025	 1
6773.22	12.2012505998	 1
6778.1	12.2042108483	 1
6782.98	12.2085227433	 1
6787.86	12.2101916726	 1
6792.75	12.2108457353	 1
6797.63	12.2122151261	 1
6802.51	12.2145151456	 1
6807.39	12.2141642626	 1
6812.27	12.2144201794	 1
6817.16	12.2173160599	 1
6822.04	12.2163693529	 1
6826.92	12.2179291751	 1
6831.81	12.2209700609	 1
6836.69	12.221724693	 1
6841.57	12.2225214702	 1
6846.45	12.2257897094	 1
6851.34	12.2276564387	 1
6856.22	12.2231651312	 1
6861.1	12.2295649107	 1
6865.98	12.2339995838	 1
6870.87	12.2361747133	 1
6875.75	12.2382558045	 1
6880.63	12.2379378238	 1
6885.52	12.2345801642	 1
6890.4	12.2353387064	 1
6895.28	12.2422530146	 1
6900.16	12.2404177636	 1
6905.05	12.2401132438	 1
6909.93	12.2449950888	 1
6914.81	12.2474960974	 1
6919.7	12.2476242338	 1
6924.58	12.2468502278	 1
6929.46	12.2448662801	 1
6934.34	12.2498656058	 1
6939.23	12.2542132033	 1
6944.11	12.2550239221	 1
6948.99	12.2561483187	 1
6953.88	12.2578169112	 1
6958.76	12.261318534	 1
6963.64	12.2634831154	 1
6968.53	12.2631256743	 1
6973.41	12.2632802514	 1
6978.29	12.2620340556	 1
6983.18	12.2642229936	 1
6988.06	12.2673713384	 1
6992.94	12.2648736875	 1
6997.83	12.2687073246	 1
7002.71	12.2688515912	 1
7007.59	12.2730825838	 1
7012.48	12.276384218	 1
7017.36	12.2784299334	 1
7022.24	12.2762001802	 1
7027.13	12.2786957326	 1
7032.01	12.2773488681	 1
7036.89	12.2798650459	 1
7041.78	12.2780342374	 1
7046.66	12.2824685428	 1
7051.54	12.2850237889	 1
7056.43	12.2874697903	 1
7061.31	12.287970097	 1
7066.19	12.2879018438	 1
7071.08	12.2906656426	 1
7075.96	12.2896608612	 1
7080.85	12.2927758111	 1
7085.73	12.3008191286	 1
7090.61	12.2972432208	 1
7095.5	12.3003294749	 1
7100.38	12.2999644876	 1
7105.26	12.3014023612	 1
7110.15	12.3062132809	 1
7115.03	12.3061576241	 1
7119.92	12.3056792554	 1
7124.8	12.3052059057	 1
7129.68	12.306980276	 1
7134.57	12.3091454132	 1
7139.45	12.3091938729	 1
7144.33	12.3121944357	 1
7149.22	12.3110082744	 1
7154.1	12.312956593	 1
7158.99	12.3156894699	 1
7163.87	12.3157628532	 1
7168.75	12.3191302372	 1
7173.64	12.3186039769	 1
7178.52	12.3197346278	 1
7183.41	12.3223533783	 1
7188.29	12.3247286817	 1
7193.17	12.3247022769	 1
7198.06	12.3259069297	 1
7202.94	12.3282253766	 1
7207.83	12.330466482	 1
7212.71	12.329262632	 1
7217.59	12.3299229287	 1
7222.48	12.3319652943	 1
7227.36	12.3348277101	 1
7232.25	12.3395028721	 1
7237.13	12.3385329682	 1
7242.02	12.3384168807	 1
7246.9	12.3374948651	 1
7251.78	12.3413646557	 1
7256.67	12.3452132304	 1
7261.55	12.3463509499	 1
7266.44	12.3472185188	 1
7271.32	12.3458978669	 1
7276.21	12.3498474697	 1
7281.09	12.3492191402	 1
7285.97	12.3503889646	 1
7290.86	12.3524878452	 1
7295.74	12.3561813451	 1
7300.63	12.3554702403	 1
7305.51	12.3549497607	 1
7310.4	12.3590499276	 1
7315.28	12.3599895153	 1
7320.16	12.3630990949	 1
7325.05	12.3616960823	 1
7329.93	12.3611449389	 1
7334.82	12.3626697778	 1
7339.7	12.3637329553	 1
7344.59	12.3664628119	 1
7349.47	12.369785633	 1
7354.36	12.3707317527	 1
7359.24	12.3710157254	 1
7364.12	12.3737548655	 1
7369.01	12.3752046065	 1
7373.89	12.3742979492	 1
7378.78	12.3743076074	 1
7383.66	12.3785423788	 1
7388.55	12.3785634818	 1
7393.43	12.3781520198	 1
7398.32	12.3805217831	 1
7403.2	12.3843811979	 1
7408.09	12.3844709238	 1
7412.97	12.3886127701	 1
7417.85	12.3889648603	 1
7422.74	12.389962849	 1
7427.62	12.3898764594	 1
7432.51	12.3892923609	 1
7437.39	12.3917527339	 1
7442.28	12.3971338857	 1
7447.16	12.3973689848	 1
7452.05	12.3967989732	 1
7456.93	12.3987551681	 1
7461.82	12.3997579975	 1
7466.7	12.4029532014	 1
7471.59	12.4004648395	 1
7476.47	12.4012832473	 1
7481.36	12.4049629729	 1
7486.24	12.4077465605	 1
7491.13	12.4079718869	 1
7496.01	12.4098517812	 1
7500.9	12.4132919595	 1
7505.78	12.4135897089	 1
7510.67	12.4136285053	 1
7515.55	12.4112318588	 1
7520.43	12.4133040105	 1
7525.32	12.4140286128	 1
7530.2	12.4160160503	 1
7535.09	12.4211654774	 1
7539.97	12.4244010908	 1
7544.86	12.4240509081	 1
7549.74	12.4268346992	 1
7554.63	12.4227762741	 1
7559.51	12.4254082648	 1
7564.4	12.4249617384	 1
7569.28	12.4257991773	 1
7574.17	12.4303334415	 1
7579.05	12.4301690108	 1
7583.94	12.4355546394	 1
7588.82	12.435617545	 1
7593.71	12.4351388588	 1
7598.59	12.4331483952	 1
7603.48	12.4370134302	 1
7608.36	12.4383425745	 1
7613.25	12.4416458955	 1
7618.13	12.4421724744	 1
7623.02	12.4438549732	 1
7627.9	12.4458809682	 1
7632.79	12.4498548489	 1
7637.67	12.4536919416	 1
7642.56	12.4545331485	 1
7647.44	12.4501918971	 1
7652.33	12.4499737814	 1
7657.21	12.4505421572	 1
7662.1	12.450944284	 1
7666.98	12.4536525952	 1
7671.87	12.4529420233	 1
7676.75	12.4548245544	 1
7681.64	12.456319411	 1
7686.52	12.4586756884	 1
7691.41	12.4663465699	 1
7696.29	12.4656554977	 1
7701.18	12.4653064097	 1
7706.06	12.4629006859	 1
7710.95	12.4614087789	 1
7715.83	12.4646204876	 1
7720.72	12.4673306654	 1
7725.6	12.4665353081	 1
7730.49	12.4693227506	 1
7735.37	12.4704453527	 1
7740.26	12.4722700859	 1
7745.14	12.4761533479	 1
7750.03	12.4797663346	 1
7754.91	12.4797518727	 1
7759.8	12.4795604393	 1
7764.68	12.4797867817	 1
7769.57	12.4804271258	 1
7774.45	12.4791227698	 1
7779.34	12.4864205295	 1
7784.22	12.4914519905	 1
7789.11	12.4909275989	 1
7793.99	12.492149434	 1
7798.88	12.4904268355	 1
7803.76	12.4915351977	 1
7808.65	12.4942784323	 1
7813.53	12.4958883758	 1
7818.42	12.492773104	 1
7823.31	12.4967548878	 1
7828.19	12.4978365482	 1
7833.08	12.4969073469	 1
7837.96	12.5003223132	 1
7842.85	12.5041871403	 1
7847.73	12.5054862878	 1
7852.62	12.5047508188	 1
7857.5	12.5053172579	 1
7862.39	12.504832458	 1
7867.27	12.5026189306	 1
7872.16	12.5069120996	 1
7877.04	12.5106760572	 1
7881.93	12.5078304458	 1
7886.81	12.5127417605	 1
7891.7	12.5121488842	 1
7896.58	12.5056084568	 1
7901.47	12.5068287862	 1
7906.35	12.5148595949	 1
7911.24	12.5161099685	 1
7916.12	12.520484668	 1
7921.01	12.530533546	 1
7925.89	12.5314498517	 1
7930.78	12.5260572416	 1
7935.66	12.5265210919	 1
7940.55	12.5319586163	 1
7945.43	12.5277156812	 1
7950.32	12.5172514547	 1
7955.2	12.5296402431	 1
7960.09	12.527269116	 1
7964.97	12.5304163565	 1
7969.86	12.5356065321	 1
7974.74	12.5327735868	 1
7979.63	12.5311158525	 1
7984.51	12.5287437367	 1
7989.4	12.5346815502	 1
7994.28	12.5381616434	 1
7999.17	12.5423904825	 1
8004.05	12.5446533883	 1
8008.94	12.545458529	 1
8013.82	12.5450696069	 1
8018.71	12.5439451909	 1
8023.59	12.5421570016	 1
8028.48	12.5386347307	 1
8033.36	12.5438594522	 1
8038.25	12.5528345724	 1
8043.13	12.5549706644	 1
8048.02	12.5586821576	 1
8052.9	12.5607102665	 1
8057.79	12.5586403914	 1
8062.67	12.5612264212	 1
8067.56	12.5558041811	 1
8072.44	12.5522395687	 1
8077.33	12.5529711941	 1
8082.21	12.5601602402	 1
8087.1	12.5636750872	 1
8091.98	12.5677706269	 1
8096.87	12.5695896277	 1
8101.75	12.569117686	 1
8106.64	12.5694123705	 1
8111.52	12.5706924255	 1
8116.41	12.5710650045	 1
8121.29	12.5705312401	 1
8126.18	12.5702067745	 1
8131.06	12.572419807	 1
8135.95	12.5742184025	 1
8140.83	12.5763836677	 1
8145.72	12.5818338105	 1
8150.6	12.5781112096	 1
8155.49	12.5803725795	 1
8160.37	12.575296403	 1
8165.26	12.5792015747	 1
8170.14	12.581412672	 1
8175.03	12.5839930752	 1
8179.91	12.5870243084	 1
8184.8	12.5858711104	 1
8189.68	12.5911008108	 1
8194.57	12.5933731363	 1
8199.45	12.5957338406	 1
8204.34	12.5937806688	 1
8209.22	12.5958594796	 1
8214.11	12.5977997085	 1
8218.99	12.5962156834	 1
8223.88	12.5936005898	 1
8228.76	12.59687807	 1
8233.65	12.600914276	 1
8238.53	12.6026723599	 1
8243.42	12.6012351386	 1
8248.3	12.5983154491	 1
8253.18	12.5991119147	 1
8258.07	12.59849538	 1
8262.95	12.6037075072	 1
8267.84	12.6099365889	 1
8272.72	12.6100132989	 1
8277.61	12.6092586997	 1
8282.49	12.6145699319	 1
8287.38	12.6112384912	 1
8292.26	12.6201714405	 1
8297.15	12.6226493571	 1
8302.03	12.6211421127	 1
8306.92	12.6188653689	 1
8311.8	12.6094096597	 1
8316.68	12.6094307078	 1
8321.57	12.6065541104	 1
8326.45	12.6204632238	 1
8331.34	12.6179535688	 1
8336.22	12.6203131217	 1
8341.11	12.6328243084	 1
8345.99	12.6347724125	 1
8350.88	12.6361764706	 1
8355.76	12.6428168514	 1
8360.65	12.6390092846	 1
8365.53	12.6314251664	 1
8370.42	12.6297626248	 1
8375.3	12.6300722568	 1
8380.18	12.6284921512	 1
8385.07	12.6292760667	 1
8389.95	12.6307792772	 1
8394.84	12.6340347925	 1
8399.72	12.6372327248	 1
8404.61	12.6454269149	 1
8409.49	12.6445690374	 1
8414.38	12.6475833462	 1
8419.26	12.6468904435	 1
8424.14	12.6420787328	 1
8429.03	12.6468826139	 1
8433.91	12.6491178306	 1
8438.8	12.6529957689	 1
8443.68	12.6564088413	 1
8448.56	12.6573725957	 1
8453.45	12.6580918307	 1
8458.33	12.6515780476	 1
8463.22	12.6520463468	 1
8468.1	12.6512874908	 1
8472.99	12.6515961812	 1
8477.87	12.6516632279	 1
8482.75	12.6573560407	 1
8487.64	12.6603414072	 1
8492.52	12.6585939661	 1
8497.41	12.6654443557	 1
8502.29	12.6656235496	 1
8507.17	12.6701843271	 1
8512.06	12.6738416915	 1
8516.94	12.6783764088	 1
8521.83	12.6809715209	 1
8526.71	12.6787880993	 1
8531.59	12.6801120284	 1
8536.48	12.676985193	 1
8541.36	12.6626567338	 1
8546.25	12.6713425463	 1
8551.13	12.6744594133	 1
8556.01	12.6768213745	 1
8560.9	12.67352159	 1
8565.78	12.6708279736	 1
8570.67	12.6756832794	 1
8575.55	12.6741029619	 1
8580.43	12.6745038635	 1
8585.32	12.6849642131	 1
8590.2	12.6933556565	 1
8595.09	12.6966999476	 1
8599.97	12.696792178	 1
8604.85	12.697152198	 1
8609.74	12.6976900092	 1
8614.62	12.6977900724	 1
8619.5	12.694786683	 1
8624.39	12.6930235875	 1
8629.27	12.6873759187	 1
8634.16	12.695536147	 1
8639.04	12.700018434	 1
8643.92	12.6989710629	 1
8648.81	12.7064551371	 1
8653.69	12.7042387533	 1
8658.57	12.7023840763	 1
8663.46	12.7101090993	 1
8668.34	12.7137087543	 1
8673.22	12.7044912126	 1
8678.11	12.7033577988	 1
8682.99	12.7041305555	 1
8687.88	12.7130223459	 1
8692.76	12.710796428	 1
8697.64	12.7054697603	 1
8702.53	12.7057080879	 1
8707.41	12.7093371943	 1
8712.29	12.7167696812	 1
8717.18	12.7158284014	 1
8722.06	12.7220306472	 1
8726.94	12.7238906006	 1
8731.83	12.7243548983	 1
8736.71	12.7274486525	 1
8741.59	12.722957472	 1
8746.47	12.7247427872	 1
8751.36	12.7260644357	 1
8756.24	12.7277721681	 1
8761.12	12.7198900854	 1
8766.01	12.7207414891	 1
8770.89	12.7244249593	 1
8775.77	12.7223688503	 1
8780.66	12.7298617925	 1
8785.54	12.7325562051	 1
8790.42	12.7385226606	 1
8795.31	12.740870889	 1
8800.19	12.7352473658	 1
8805.07	12.7338518208	 1
8809.96	12.741597405	 1
8814.84	12.7445587288	 1
8819.72	12.7447160205	 1
8824.6	12.7498474106	 1
8829.49	12.7506982784	 1
8834.37	12.7510658777	 1
8839.25	12.7387478662	 1
8844.13	12.7407562845	 1
8849.02	12.7384859631	 1
8853.9	12.7465648813	 1
8858.78	12.7516625021	 1
8863.67	12.7480996107	 1
8868.55	12.7496635881	 1
8873.43	12.7496536994	 1
8878.31	12.7513280764	 1
8883.2	12.7582839105	 1
8888.08	12.7586890354	 1
8892.96	12.7619029498	 1
8897.84	12.7567056423	 1
8902.73	12.7616277361	 1
8907.61	12.762047468	 1
8912.49	12.7598518246	 1
8917.37	12.7584620132	 1
8922.26	12.7568693746	 1
8927.14	12.7574930898	 1
8932.02	12.7675419028	 1
8936.9	12.7663558451	 1
8941.79	12.7713923463	 1
8946.67	12.7744112991	 1
8951.55	12.769842428	 1
8956.43	12.7668171651	 1
8961.31	12.7715802229	 1
8966.2	12.7716298777	 1
8971.08	12.7780907648	 1
8975.96	12.7824167496	 1
8980.84	12.7823829422	 1
8985.73	12.7783890682	 1
8990.61	12.7715046922	 1
8995.49	12.7775930045	 1
9000.37	12.7851999729	 1
9005.25	12.7872829176	 1
9010.13	12.7852642749	 1
9015.02	12.7779994006	 1
9019.9	12.7772429375	 1
9024.78	12.7848981684	 1
9029.66	12.7799313293	 1
9034.54	12.7872049798	 1
9039.43	12.7926218132	 1
9044.31	12.7994777037	 1
9049.19	12.7957309888	 1
9054.07	12.8010102212	 1
9058.95	12.7987624934	 1
9063.83	12.7940443619	 1
9068.72	12.7893360263	 1
9073.6	12.7882748587	 1
9078.48	12.7906447787	 1
9083.36	12.7915198192	 1
9088.24	12.7992105471	 1
9093.12	12.8080469072	 1
9098.0	12.8058753096	 1
9102.89	12.7989388906	 1
9107.77	12.7998983172	 1
9112.65	12.8053710689	 1
9117.53	12.8040988622	 1
9122.41	12.8133040569	 1
9127.29	12.8111800915	 1
9132.17	12.81065001	 1
9137.06	12.8110601476	 1
9141.94	12.8017524218	 1
9146.82	12.8067820249	 1
9151.7	12.8122705978	 1
9156.58	12.8174200212	 1
9161.46	12.8192114197	 1
9166.34	12.8173144081	 1
9171.22	12.8301817589	 1
9176.1	12.8264954153	 1
9180.99	12.8257127347	 1
9185.87	12.823685894	 1
9190.75	12.8213207247	 1
9195.63	12.8158976259	 1
9200.51	12.8163591148	 1
9205.39	12.8242790428	 1
9210.27	12.8380905062	 1
9215.15	12.8407567333	 1
9220.03	12.8456016851	 1
9224.91	12.8414512406	 1
9229.79	12.830841168	 1
9234.67	12.8369963431	 1
9239.55	12.8336716036	 1
9244.43	12.8455742817	 1
9249.31	12.8475126588	 1
9254.2	12.8449565296	 1
9259.08	12.8444218357	 1
9263.96	12.8406403447	 1
9268.84	12.8418055426	 1
9273.72	12.8430115343	 1
9278.6	12.8492425957	 1
9283.48	12.8428811601	 1
9288.36	12.835888917	 1
9293.24	12.8350530484	 1
9298.12	12.8308933072	 1
9303.0	12.8321995397	 1
9307.88	12.8481217672	 1
9312.76	12.8525073994	 1
9317.64	12.8545320902	 1
9322.52	12.8580594654	 1
9327.4	12.8654013229	 1
9332.28	12.8593470948	 1
9337.16	12.8611651269	 1
9342.04	12.8546143394	 1
9346.92	12.8495800332	 1
9351.8	12.8509248013	 1
9356.68	12.85751536	 1
9361.56	12.8613433802	 1
9366.44	12.8572182708	 1
9371.32	12.8618013984	 1
9376.2	12.8599138039	 1
9381.08	12.8587350904	 1
9385.95	12.8655716778	 1
9390.83	12.87206904	 1
9395.71	12.8604289575	 1
9400.59	12.8646617535	 1
9405.47	12.873924817	 1
9410.35	12.8744671251	 1
9415.23	12.8765864062	 1
9420.11	12.8779013848	 1
9424.99	12.8807679392	 1
9429.87	12.8758782517	 1
9434.75	12.8722265958	 1
9439.63	12.8581796165	 1
9444.51	12.8702439846	 1
9449.38	12.8803487283	 1
9454.26	12.8775611509	 1
9459.14	12.8879684879	 1
9464.02	12.8830049641	 1
9468.9	12.8810473898	 1
9473.78	12.8801443941	 1
9478.66	12.8846018025	 1
9483.54	12.8872556248	 1
9488.42	12.8908102975	 1
9493.29	12.8995545343	 1
9498.17	12.8970376984	 1
9503.05	12.9003256169	 1
9507.93	12.8944316566	 1
9512.81	12.8883915046	 1
9517.69	12.8925925766	 1
9522.57	12.8973545959	 1
9527.44	12.893510811	 1
9532.32	12.9021670361	 1
9537.2	12.9072650623	 1
9542.08	12.9073819097	 1
9546.96	12.9103208963	 1
9551.84	12.9082570949	 1
9556.71	12.9053238622	 1
9561.59	12.9009803574	 1
9566.47	12.904430495	 1
9571.35	12.9070896823	 1
9576.23	12.9112033644	 1
9581.1	12.924261961	 1
9585.98	12.9158502971	 1
9590.86	12.9111372966	 1
9595.74	12.9148637428	 1
9600.62	12.9103891194	 1
9605.49	12.910736908	 1
9610.37	12.9176923858	 1
9615.25	12.9200445722	 1
9620.13	12.9134747599	 1
9625.0	12.9101369743	 1
9629.88	12.910006767	 1
9634.76	12.91728604	 1
9639.64	12.9237685708	 1
9644.52	12.9296161391	 1
9649.39	12.9296912195	 1
9654.27	12.9221325444	 1
9659.15	12.9245219854	 1
9664.02	12.9244178591	 1
9668.9	12.9292831964	 1
9673.78	12.9319163001	 1
9678.66	12.9331007792	 1
9683.53	12.9368895372	 1
9688.41	12.9366064945	 1
9693.29	12.9285276221	 1
9698.17	12.9226227151	 1
9703.04	12.9292113406	 1
9707.92	12.9385509422	 1
9712.8	12.9483475098	 1
9717.67	12.9464066682	 1
9722.55	12.940838506	 1
9727.43	12.9335302541	 1
9732.3	12.9263301018	 1
9737.18	12.9294723132	 1
9742.06	12.9302105834	 1
9746.93	12.9368577606	 1
9751.81	12.9442292639	 1
9756.69	12.9417594479	 1
9761.56	12.9386964523	 1
9766.44	12.9406029958	 1
9771.31	12.9460455518	 1
9776.19	12.9435127097	 1
9781.07	12.953985668	 1
9785.94	12.9527454176	 1
9790.82	12.9499549911	 1
9795.7	12.9523493406	 1
9800.57	12.948430155	 1
9805.45	12.9508421394	 1
9810.32	12.9585238404	 1
9815.2	12.9589523463	 1
9820.08	12.9695421348	 1
9824.95	12.9604368763	 1
9829.83	12.9566710636	 1
9834.7	12.9615817626	 1
9839.58	12.9583533416	 1
9844.46	12.9591476604	 1
9849.33	12.9524996735	 1
9854.21	12.9582964275	 1
9859.08	12.9693222864	 1
9863.96	12.9648792059	 1
9868.83	12.9695221463	 1
9873.71	12.966864003	 1
9878.58	12.971695047	 1
9883.46	12.9727274484	 1
9888.33	12.9719587602	 1
9893.21	12.9722580965	 1
9898.08	12.9698187199	 1
9902.96	12.9779396102	 1
9907.83	12.9814359721	 1
9912.71	12.9771091073	 1
9917.58	12.9749791005	 1
9922.46	12.9849606365	 1
9927.33	12.981152729	 1
9932.21	12.9803150998	 1
9937.08	12.9846051095	 1
9941.96	12.9802065934	 1
9946.83	12.9847542255	 1
9951.71	12.9892983593	 1
9956.58	12.9838604688	 1
9961.46	12.984695988	 1
9966.33	12.9884835263	 1
9971.21	12.9948988307	 1
9976.08	12.9903266605	 1
9980.95	13.000214464	 1
9985.83	12.9894527983	 1
9990.7	12.9978109717	 1
9995.58	12.99591683	 1
10000.5	13.0011090276	 1
10005.3	12.9999721326	 1
10010.2	13.0014421888	 1
10015.1	13.0099961724	 1
10019.9	13.0038501594	 1
10024.8	13.0152594498	 1
10029.7	13.0246335823	 1
10034.6	13.0236867736	 1
10039.4	13.018040713	 1
10044.3	13.0304695151	 1
10049.2	13.0262187134	 1
10054.1	13.0285977975	 1
10058.9	13.0261358615	 1
10063.8	13.0384396295	 1
10068.7	13.0297345138	 1
10073.6	13.0301934347	 1
10078.4	13.0237986177	 1
10083.3	13.0125072671	 1
10088.2	13.0339274145	 1
10093.1	13.0290312749	 1
10097.9	13.0457976344	 1
10102.8	13.0455005782	 1
10107.7	13.036039347	 1
10112.5	13.0320425342	 1
10117.4	13.0403824401	 1
10122.3	13.0346583702	 1
10127.2	13.0211453574	 1
10132.0	13.0375365016	 1
10136.9	13.028674608	 1
10141.8	13.0283755286	 1
10146.7	13.0443558353	 1
10151.5	13.0373980114	 1
10156.4	13.0460828739	 1
10161.3	13.0305443802	 1
10166.1	13.0401911059	 1
10171.0	13.0277009996	 1
10175.9	13.0304506986	 1
10182.5	13.0354716935	 1
10210.6	13.0353419753	 1
10238.7	13.0374181821	 1
10266.9	13.0456285206	 1
10295.0	13.0504447595	 1
10323.2	13.0565158519	 1
10351.3	13.0591238157	 1
10379.4	13.0629506634	 1
10407.6	13.0747508369	 1
10435.7	13.081619055	 1
10463.9	13.0849793117	 1
10492.0	13.0910239482	 1
10520.1	13.0963933994	 1
10548.3	13.0994440471	 1
10576.4	13.100934593	 1
10604.5	13.1104651227	 1
10632.7	13.1153914027	 1
10660.8	13.1195773336	 1
10689.0	13.1292849412	 1
10717.1	13.1326287877	 1
10745.2	13.1451574232	 1
10773.4	13.1526812837	 1
10801.5	13.1572453235	 1
10829.7	13.1696500257	 1
10857.8	13.182307046	 1
10885.9	13.1928294574	 1
10914.1	13.2021833886	 1
10942.2	13.1968265136	 1
10970.3	13.2028833952	 1
10998.5	13.2010278422	 1
11026.6	13.1987114727	 1
11054.8	13.2041071951	 1
11082.9	13.2037560229	 1
11111.0	13.2078511395	 1
11139.2	13.2105735301	 1
11167.3	13.2150720188	 1
11195.4	13.224219228	 1
11223.6	13.225422399	 1
11251.7	13.2313428287	 1
11279.9	13.2382032015	 1
11308.0	13.2400084959	 1
11336.1	13.2437796167	 1
11364.3	13.2473666546	 1
11392.4	13.2517847563	 1
11420.6	13.2538882186	 1
11448.7	13.2640215236	 1
11476.8	13.2713682544	 1
11505.0	13.2774538371	 1
11533.1	13.2799877311	 1
11561.2	13.2866532164	 1
11589.4	13.2910572859	 1
11617.5	13.296924772	 1
11645.7	13.3083526345	 1
11673.8	13.3110036313	 1
11688.1	13.312165114	 1
11728.1	13.3194322446	 1
11768.1	13.3249469164	 1
11808.1	13.3321663726	 1
11848.0	13.3379008213	 1
11888.0	13.3445056633	 1
11928.0	13.3538351161	 1
11968.0	13.3625307479	 1
12008.0	13.3660820533	 1
12048.0	13.3707656711	 1
12088.0	13.3804117484	 1
12128.0	13.3885508281	 1
12168.0	13.393969772	 1
12207.9	13.4004960698	 1
12247.9	13.40747715	 1
12287.9	13.413967762	 1
12327.9	13.4196985703	 1
12367.9	13.4266422854	 1
12407.9	13.4344803188	 1
12447.9	13.4430621199	 1
12487.9	13.4470476876	 1
12527.8	13.4518233288	 1
12567.8	13.4554399091	 1
12607.8	13.4631755854	 1
12647.8	13.4750011881	 1
12687.8	13.4875349394	 1
12727.8	13.4985779092	 1
12767.8	13.5077606683	 1
12807.8	13.5138291822	 1
12847.8	13.5177179586	 1
12887.7	13.5195463071	 1
12927.7	13.5217882155	 1
12967.7	13.5285689488	 1
13007.7	13.5349273745	 1
13047.7	13.5409337157	 1
13087.7	13.5468414485	 1
13127.7	13.5530522599	 1
13167.7	13.5601248945	 1
13207.7	13.5642364363	 1
13247.6	13.5690993538	 1
13287.6	13.5770727265	 1
13327.6	13.5867067788	 1
13367.6	13.593966932	 1
13407.6	13.6004354664	 1
13447.6	13.6084799248	 1
13487.6	13.6151690821	 1
13527.6	13.6216282007	 1
13567.5	13.6265150319	 1
13607.5	13.6309476528	 1
13647.5	13.6357722579	 1
13687.5	13.6399848755	 1
13727.5	13.6461537409	 1
13767.5	13.6533062876	 1
13807.5	13.6593741687	 1
13847.5	13.6657705611	 1
13887.5	13.6727877245	 1
13927.4	13.6793152732	 1
13967.4	13.6853592553	 1
14007.4	13.6915613341	 1
14047.4	13.6971541855	 1
14087.4	13.7010984706	 1
14127.4	13.7073912836	 1
14167.4	13.7159285742	 1
14207.4	13.7219527272	 1
14247.3	13.7266427944	 1
14287.3	13.732835254	 1
14327.3	13.739185225	 1
14367.3	13.7453070831	 1
14407.3	13.7525671767	 1
14447.3	13.758747983	 1
14487.3	13.7636762829	 1
14527.3	13.7681233742	 1
14567.3	13.7759031522	 1
14607.2	13.7809801012	 1
14647.2	13.7842852423	 1
14687.2	13.7929786163	 1
14727.2	13.8011706311	 1
14767.2	13.8083303818	 1
14807.2	13.8115610605	 1
14847.2	13.8154010524	 1
14887.2	13.8202381904	 1
14927.2	13.8252723696	 1
14967.1	13.8299902314	 1
15007.1	13.8346583706	 1
15047.1	13.8409172092	 1
15087.1	13.8477188419	 1
15127.1	13.8546828886	 1
15167.1	13.8606077658	 1
15207.1	13.8653764556	 1
15247.1	13.8720649295	 1
15287.0	13.8781793437	 1
15327.0	13.8830837015	 1
15367.0	13.8858269547	 1
15407.0	13.8915448519	 1
15447.0	13.8992082019	 1
15487.0	13.9056538922	 1
15527.0	13.9113674986	 1
15567.0	13.9175711517	 1
15607.0	13.9232879481	 1
15646.9	13.9291515054	 1
15686.9	13.9342169867	 1
15726.9	13.9375464354	 1
15766.9	13.9427394182	 1
15806.9	13.9480530551	 1
15846.9	13.9524397103	 1
15886.9	13.9576048771	 1
15926.9	13.965518828	 1
15966.9	13.9728236558	 1
16006.8	13.9777142989	 1
16046.8	13.9802927859	 1
16086.8	13.982843033	 1
16126.8	13.9868920307	 1
16166.8	13.9910372143	 1
16206.8	13.9964221537	 1
16246.8	14.0016130909	 1
16286.8	14.0064969268	 1
16326.7	14.0122529418	 1
16366.7	14.0177984613	 1
16406.7	14.0213184866	 1
16446.7	14.0251103966	 1
16486.7	14.0296676984	 1
16526.7	14.0348983111	 1
16566.7	14.0410354968	 1
16606.7	14.0472031466	 1
16646.7	14.0529847353	 1
16686.6	14.0577852742	 1
16726.6	14.063607803	 1
16766.6	14.069329826	 1
16806.6	14.0746825237	 1
16846.6	14.0777887513	 1
16886.6	14.0821661458	 1
16926.6	14.0863568795	 1
16966.6	14.0897344506	 1
17006.6	14.0950186057	 1
17046.5	14.1004153988	 1
17086.5	14.1065396617	 1
17126.5	14.1118763524	 1
17166.5	14.1167005567	 1
17206.5	14.1204847724	 1
17246.5	14.1244062024	 1
17286.5	14.1289078816	 1
17326.5	14.1352448766	 1
17366.4	14.1417259775	 1
17406.4	14.14623562	 1
17446.4	14.1490933655	 1
17486.4	14.153122793	 1
17526.4	14.1583242553	 1
17566.4	14.1631491047	 1
17606.4	14.1682750882	 1
17646.4	14.1739559987	 1
17686.4	14.17919626	 1
17726.3	14.1822526249	 1
17766.3	14.1860797958	 1
17806.3	14.1913083547	 1
17846.3	14.1974612391	 1
17886.3	14.2034318697	 1
17926.3	14.208471306	 1
17966.3	14.21256816	 1
18006.3	14.2165457486	 1
18046.2	14.220855658	 1
18086.2	14.225001797	 1
18126.2	14.2304897839	 1
18166.2	14.234752841	 1
18206.2	14.2398896834	 1
18246.2	14.245095234	 1
18286.2	14.2506543419	 1
18326.2	14.2561371409	 1
18366.2	14.2607740248	 1
18406.1	14.2657206392	 1
18446.1	14.2701461245	 1
18486.1	14.2753756897	 1
18526.1	14.2790328036	 1
18566.1	14.2846832473	 1
18606.1	14.2901917858	 1
18646.1	14.297638175	 1
18686.1	14.3014933536	 1
18726.1	14.3059973552	 1
18766.0	14.3097265613	 1
18806.0	14.3138185353	 1
18846.0	14.3192761603	 1
18886.0	14.3210835287	 1
18904.2	14.320095929	 1
18961.6	14.3255962968	 1
19019.0	14.3294234486	 1
19076.3	14.3365473772	 1
19133.7	14.3418811601	 1
19191.1	14.3471641851	 1
19248.5	14.3519655372	 1
19305.8	14.3567105572	 1
19363.2	14.364053261	 1
19420.6	14.3694238866	 1
19478.0	14.3767521432	 1
19535.4	14.3834772926	 1
19592.7	14.3893891559	 1
19650.1	14.3957355889	 1
19707.5	14.4012467334	 1
19764.9	14.4072452598	 1
19822.2	14.4110438639	 1
19879.6	14.4166692927	 1
19937.0	14.4237257092	 1
19994.4	14.4307059948	 1
20051.8	14.437365818	 1
20109.1	14.4439915735	 1
20166.5	14.4506552138	 1
20223.9	14.455439281	 1
20281.3	14.4606269225	 1
20338.6	14.4671985261	 1
20396.0	14.4739525256	 1
20453.4	14.4789152663	 1
20510.8	14.4830969115	 1
20568.2	14.4884987352	 1
20625.5	14.4957547986	 1
20682.9	14.5041268278	 1
20740.3	14.5105217135	 1
20797.7	14.515171623	 1
20855.0	14.5199818745	 1
20912.4	14.5257509593	 1
20969.8	14.5342589665	 1
21027.2	14.5408107992	 1
21084.5	14.547359161	 1
21141.9	14.552876649	 1
21199.3	14.5578456793	 1
21256.7	14.5635728661	 1
21314.1	14.5680105117	 1
21371.4	14.5737095019	 1
21428.8	14.5807192025	 1
21486.2	14.5872685221	 1
21543.6	14.5920357579	 1
21600.9	14.5964189302	 1
21658.3	14.6027176882	 1
21715.7	14.6080199485	 1
21773.1	14.612888441	 1
21830.5	14.6177429137	 1
21887.8	14.6227600021	 1
21945.2	14.6273436965	 1
22002.6	14.6329002977	 1
22060.0	14.6387629056	 1
22117.3	14.6435789948	 1
22174.7	14.6484659481	 1
22232.1	14.6533628741	 1
22289.5	14.6593174268	 1
22346.9	14.6649352615	 1
22404.2	14.6706200253	 1
22461.6	14.6751958376	 1
22519.0	14.6802200901	 1
22576.4	14.6872651577	 1
22633.7	14.6949822913	 1
22691.1	14.7013064599	 1
22748.5	14.7040370998	 1
22805.9	14.7073192421	 1
22863.2	14.7131334571	 1
22920.6	14.7202429531	 1
22978.0	14.7260398045	 1
23035.4	14.7302746525	 1
23092.8	14.7356508015	 1
23150.1	14.7393495252	 1
23207.5	14.7450373325	 1
23264.9	14.7501234877	 1
23322.3	14.7560171072	 1
23379.6	14.7600833352	 1
23437.0	14.7642794095	 1
23494.4	14.7687505864	 1
23551.8	14.7739071737	 1
23609.2	14.7806754188	 1
23666.5	14.7853995376	 1
23723.9	14.7908675881	 1
23781.3	14.7947742044	 1
23838.7	14.7987242475	 1
23896.0	14.8034390297	 1
23953.4	14.8089201253	 1
24010.8	14.8135999947	 1
24068.2	14.8196048325	 1
24125.6	14.8255903125	 1
24182.9	14.8307647936	 1
24240.3	14.8355884977	 1
24297.7	14.8397041724	 1
24355.1	14.8452950039	 1
24412.4	14.8514797758	 1
24469.8	14.8559552533	 1
24527.2	14.8631150374	 1
24584.6	14.8695178611	 1
24641.9	14.8741757036	 1
24699.3	14.8789785687	 1
24756.7	14.8853116748	 1
24814.1	14.8904443971	 1
24871.5	14.9014130487	 1
24928.8	14.9076227504	 1
24986.2	14.9208149422	 1
