1140.6	9.94682448743	 1
1141.6	9.78833039473	 1
1142.6	9.84602092511	 1
1143.6	9.91768432789	 1
1144.6	9.92315499144	 1
1145.6	9.86230801877	 1
1146.6	9.78217008671	 1
1147.6	9.75383831657	 1
1148.6	9.79288343195	 1
1149.65	9.71694173481	 1
1150.65	9.80084626351	 1
1151.65	9.86418212528	 1
1152.65	9.76871784234	 1
1153.65	9.838856605	 1
1154.65	9.85452955078	 1
1155.65	9.86060213563	 1
1156.68	9.82935684898	 1
1157.7	9.91636989928	 1
1158.7	9.88843656091	 1
1159.7	9.82213563108	 1
1160.7	9.86105149092	 1
1161.7	9.85810793978	 1
1162.7	9.80988056687	 1
1163.7	9.77697487332	 1
1164.73	9.75613204122	 1
1165.75	9.87846689305	 1
1166.75	9.86835449705	 1
1167.75	9.82428340484	 1
1168.75	9.82526442469	 1
1169.75	9.92520715692	 1
1170.75	9.86600699179	 1
1171.8	9.85066376956	 1
1172.8	9.89377842969	 1
1173.8	9.87696910171	 1
1174.8	9.99187444391	 1
1175.8	10.3070865723	 1
1176.8	10.1197168084	 1
1177.8	9.91293155902	 1
1178.83	9.87732425971	 1
1179.85	9.97113824005	 1
1180.85	9.91726181853	 1
1181.85	9.88420874941	 1
1182.85	9.96447326118	 1
1183.85	10.0552450376	 1
1184.88	10.0809764048	 1
1185.9	9.98104472449	 1
1186.9	9.89404364232	 1
1187.9	9.94083120428	 1
1188.9	9.95852126339	 1
1189.9	9.98339526272	 1
1190.9	10.0590471546	 1
1191.93	9.97008090992	 1
1192.95	10.1212345057	 1
1193.95	10.1559062478	 1
1194.95	10.0418542583	 1
1195.95	10.0395305432	 1
1196.95	9.94975993551	 1
1197.98	10.0255380766	 1
1199.0	10.141795161	 1
1200.0	10.2645385088	 1
1201.0	10.2550195184	 1
1202.0	10.114774277	 1
1203.0	9.96778933697	 1
1204.0	9.98134770079	 1
1205.05	9.96498455565	 1
1206.05	9.98232947169	 1
1207.05	10.1454566071	 1
1208.05	10.0075093007	 1
1209.05	9.97487542135	 1
1210.08	10.0286592263	 1
1211.1	10.0567892149	 1
1212.1	10.1836056737	 1
1213.1	10.4396007298	 1
1214.1	10.908995241	 1
1215.1	11.6879063527	 1
1216.12	11.9863038091	 1
1217.15	11.3624697512	 1
1218.15	10.6385620288	 1
1219.15	10.2495684088	 1
1220.15	10.0971490004	 1
1221.15	9.97474707701	 1
1222.2	9.95443364028	 1
1223.2	9.94360626648	 1
1224.2	9.81438144554	 1
1225.2	9.78488244807	 1
1226.2	9.82787698697	 1
1227.2	9.86349053305	 1
1228.25	9.91879887442	 1
1229.25	9.89946285992	 1
1230.25	9.88045264406	 1
1231.25	9.803622049	 1
1232.25	9.79016523772	 1
1233.28	9.86141530019	 1
1234.3	9.84747697999	 1
1235.3	9.80107214366	 1
1236.3	9.85371974036	 1
1237.3	9.91125965947	 1
1238.3	9.95811513081	 1
1239.33	9.9677865613	 1
1240.35	9.89698415351	 1
1241.35	9.87435100428	 1
1242.35	9.87594309592	 1
1243.35	9.9238792607	 1
1244.38	9.83147417018	 1
1245.4	9.83643883592	 1
1246.4	9.80894569637	 1
1247.4	9.86801288517	 1
1248.4	9.93953784422	 1
1249.4	9.94134458659	 1
1250.45	9.98281474201	 1
1251.45	9.95014024827	 1
1252.45	9.95967360139	 1
1253.45	9.96588054737	 1
1254.45	9.98419258386	 1
1255.48	9.92624280308	 1
1256.5	9.84336938996	 1
1257.5	9.89713485401	 1
1258.5	9.92946553001	 1
1259.5	9.99310616047	 1
1260.5	10.0767735024	 1
1261.55	9.96373145108	 1
1262.55	9.88279899322	 1
1263.55	9.83403105086	 1
1264.55	9.7895050707	 1
1265.55	9.77434262492	 1
1266.6	9.77162005917	 1
1267.6	9.81264455552	 1
1268.6	9.80502737465	 1
1269.6	9.80547667721	 1
1270.6	9.82342506823	 1
1271.62	9.83688795801	 1
1272.65	9.83720671858	 1
1273.65	9.83002447849	 1
1274.65	9.80291759837	 1
1275.65	9.83947577626	 1
1276.68	9.83645210837	 1
1277.7	9.83261672447	 1
1278.7	9.80567098315	 1
1279.7	9.82734041102	 1
1280.7	9.83482664635	 1
1281.7	9.84768225379	 1
1282.75	9.82182589054	 1
1283.75	9.84087973898	 1
1284.75	9.86078906463	 1
1285.75	9.85646432003	 1
1286.75	9.8556123726	 1
1287.8	9.86489724277	 1
1288.8	9.85023849281	 1
1289.8	9.8384759177	 1
1290.8	9.83319925089	 1
1291.8	9.79826760798	 1
1292.8	9.77938297683	 1
1293.85	9.75732544352	 1
1294.85	9.76259709175	 1
1295.85	9.81693041356	 1
1296.85	9.90450798654	 1
1297.85	9.86902065188	 1
1298.9	9.89771189756	 1
1299.9	9.88689170219	 1
1300.9	9.92702084463	 1
1301.9	10.0680383265	 1
1302.9	10.0322210628	 1
1303.93	9.90974504847	 1
1304.95	9.91292235855	 1
1305.95	9.82516261378	 1
1306.95	9.84432258665	 1
1307.95	9.80955058336	 1
1308.98	9.79485803232	 1
1310.0	9.81811621194	 1
1311.0	9.72386117176	 1
1312.0	9.77161481692	 1
1313.0	9.83899955693	 1
1314.0	9.78326677764	 1
1315.05	9.86030592774	 1
1316.05	9.84714576254	 1
1317.05	9.80244253118	 1
1318.05	9.82086727142	 1
1319.05	9.80891213437	 1
1320.1	9.78260986969	 1
1321.1	9.78115610981	 1
1322.1	9.76386637557	 1
1323.1	9.77125862554	 1
1324.1	9.8183172741	 1
1325.1	9.84530135808	 1
1326.15	9.74125037183	 1
1327.15	9.75660039806	 1
1328.15	9.80323587345	 1
1329.15	9.83297654538	 1
1330.15	9.82445462125	 1
1331.2	9.78517042961	 1
1332.2	9.82642873111	 1
1333.2	9.87626038085	 1
1334.2	9.95315872031	 1
1335.2	10.043862908	 1
1336.23	9.87868778849	 1
1337.25	9.82530857718	 1
1338.25	9.86042604006	 1
1339.25	9.84863700223	 1
1340.25	9.8492829072	 1
1341.25	9.82154889356	 1
1342.3	9.80376197089	 1
1343.3	9.8217678817	 1
1344.3	9.84283541349	 1
1345.3	9.82326396285	 1
1346.3	9.88940812887	 1
1347.3	9.86604703204	 1
1348.35	9.93116149207	 1
1349.35	9.85812516621	 1
1350.35	9.85098522512	 1
1351.35	9.82115250226	 1
1352.35	9.78742649407	 1
1353.38	9.80322573474	 1
1354.4	9.76743901839	 1
1355.4	9.81962912205	 1
1356.4	9.88362927683	 1
1357.4	9.87919398788	 1
1358.4	9.83965631904	 1
1359.43	9.84317661787	 1
1360.45	9.80440572548	 1
1361.45	9.81776703315	 1
1362.45	9.88441956575	 1
1363.45	9.88625348854	 1
1364.45	9.82582863755	 1
1365.5	9.81804866776	 1
1366.5	9.80796669582	 1
1367.5	9.81967521611	 1
1368.5	9.79234061804	 1
1369.5	9.77800182957	 1
1370.5	9.77517105998	 1
1371.55	9.80701326355	 1
1372.55	9.83842392751	 1
1373.55	9.80849925714	 1
1374.55	9.87919752886	 1
1375.55	9.86280080398	 1
1376.55	9.82627562549	 1
1377.6	9.83863068949	 1
1378.6	9.86355890902	 1
1379.6	9.82425124833	 1
1380.6	9.80765585684	 1
1381.6	9.80800619677	 1
1382.6	9.82969456305	 1
1383.62	9.80812130167	 1
1384.65	9.87131497389	 1
1385.65	9.89343956945	 1
1386.65	9.94179704835	 1
1387.65	9.99590349324	 1
1388.65	9.95125079198	 1
1389.65	9.83673823684	 1
1390.7	9.84170316977	 1
1391.7	9.86006962991	 1
1392.7	9.98838442504	 1
1393.7	10.289766138	 1
1394.7	10.302173999	 1
1395.7	10.0211248671	 1
1396.73	9.93881421272	 1
1397.75	9.90959232667	 1
1398.75	9.88288528	 1
1399.75	9.82791636953	 1
1400.75	9.9326946808	 1
1401.75	9.96735246998	 1
1402.75	10.1759143963	 1
1403.78	10.1144015571	 1
1404.8	9.92695120764	 1
1405.8	9.87752004481	 1
1406.8	9.89590240441	 1
1407.8	9.91096118726	 1
1408.8	9.91318042723	 1
1409.8	9.95254653481	 1
1410.8	9.92927087803	 1
1411.85	9.91289469794	 1
1412.85	9.8562317119	 1
1413.85	9.86046062166	 1
1414.85	9.95264080038	 1
1415.85	9.90509116324	 1
1416.85	9.89904863483	 1
1417.85	9.9508300168	 1
1418.9	9.96143276405	 1
1419.9	9.99636789759	 1
1420.9	9.97722086242	 1
1421.9	9.91867552951	 1
1422.9	9.89851565085	 1
1423.9	9.8804438394	 1
1424.9	9.86184959058	 1
1425.9	9.94201954665	 1
1426.93	10.0591225432	 1
1427.95	10.067318803	 1
1428.95	9.9101930449	 1
1429.95	9.95031797414	 1
1430.95	10.0150169962	 1
1431.95	9.9892355046	 1
1432.95	9.93079684904	 1
1433.95	9.92143881091	 1
1434.97	9.92062138017	 1
1436.0	9.92271909526	 1
1437.0	9.88155170434	 1
1438.0	9.94717035497	 1
1439.0	9.94057598708	 1
1440.0	9.95253851481	 1
1441.0	9.94073233891	 1
1442.0	9.91832662341	 1
1443.0	9.94687039984	 1
1444.0	9.89592974353	 1
1445.05	9.9352024564	 1
1446.05	9.8976204539	 1
1447.05	9.94232312851	 1
1448.05	9.89112716524	 1
1449.05	9.94727592429	 1
1450.05	9.97966130062	 1
1451.05	9.92635397706	 1
1452.05	10.0112886182	 1
1453.05	10.0268653758	 1
1454.05	9.99725374184	 1
1455.1	9.99207026941	 1
1456.1	9.97921325721	 1
1457.1	9.93549324797	 1
1458.1	9.92150595064	 1
1459.1	9.95063731955	 1
1460.1	9.9777127119	 1
1461.1	10.037026294	 1
1462.1	9.99110790699	 1
1463.1	9.92899170854	 1
1464.1	9.88856274366	 1
1465.1	9.92817615039	 1
1466.1	9.9608509265	 1
1467.15	10.0158996197	 1
1468.15	10.0377101126	 1
1469.15	9.97430694532	 1
1470.15	9.91268523126	 1
1471.15	9.90657479703	 1
1472.15	9.93918455668	 1
1473.15	9.97634683504	 1
1474.15	9.91645555861	 1
1475.15	9.89649423538	 1
1476.15	9.92411515202	 1
1477.15	9.96667448988	 1
1478.15	9.95778480889	 1
1479.15	9.93485226345	 1
1480.15	9.89064022084	 1
1481.18	9.92981199833	 1
1482.2	9.93805077054	 1
1483.2	9.98179508374	 1
1484.2	10.0082256289	 1
1485.2	10.0078499309	 1
1486.2	9.95534919242	 1
1487.2	9.95198223888	 1
1488.2	9.88814684753	 1
1489.2	9.8642541216	 1
1490.2	9.93642374777	 1
1491.2	9.93061674185	 1
1492.2	9.94104469774	 1
1493.2	9.94301987323	 1
1494.2	9.95576255862	 1
1495.2	9.98359458629	 1
1496.2	9.9895609044	 1
1497.2	9.95534777104	 1
1498.2	10.0262759354	 1
1499.2	10.1165161418	 1
1500.2	10.1361910793	 1
1501.2	10.0967550432	 1
1502.2	10.102048811	 1
1503.2	10.0491643439	 1
1504.2	10.0457048034	 1
1505.2	10.0372696251	 1
1506.2	9.99413144574	 1
1507.25	9.91760233641	 1
1508.25	9.88174396006	 1
1509.25	9.8807053837	 1
1510.25	9.92202637008	 1
1511.25	9.98493726901	 1
1512.25	10.0033718082	 1
1513.25	10.0016025622	 1
1514.25	9.96298653865	 1
1515.25	9.93491084211	 1
1516.25	9.99188177005	 1
1517.25	9.99669120824	 1
1518.25	9.92407658414	 1
1519.25	9.91067648831	 1
1520.25	9.92162941012	 1
1521.25	9.93108170342	 1
1522.25	9.93968762126	 1
1523.25	9.89301800772	 1
1524.25	9.94603486204	 1
1525.25	10.0758239852	 1
1526.25	10.177531672	 1
1527.25	10.2609750891	 1
1528.25	10.0865199856	 1
1529.25	9.99177042437	 1
1530.25	10.0433341251	 1
1531.25	10.071344494	 1
1532.25	10.1274608763	 1
1533.23	10.1644398401	 1
1534.2	10.1780640589	 1
1535.2	10.0921945765	 1
1536.2	10.0596266169	 1
1537.2	10.0585615159	 1
1538.2	10.1057572815	 1
1539.2	10.0919152785	 1
1540.2	10.008613165	 1
1541.2	10.0280964402	 1
1542.2	10.0510749508	 1
1543.2	10.1138549328	 1
1544.2	10.1073170519	 1
1545.2	10.0944922646	 1
1546.2	10.087279285	 1
1547.2	10.1255757682	 1
1548.2	10.1825909742	 1
1549.2	10.1849493305	 1
1550.2	10.1412850165	 1
1551.2	10.2131768565	 1
1552.2	10.1252359683	 1
1553.2	10.1678097244	 1
1554.2	10.0700005044	 1
1555.2	10.0446499441	 1
1556.18	10.0873288082	 1
1557.15	10.083331435	 1
1558.15	10.097971966	 1
1559.15	10.1278460533	 1
1560.15	10.1698620863	 1
1561.15	10.1841478813	 1
1562.15	10.1185157513	 1
1563.15	10.1694363919	 1
1564.15	10.1654458378	 1
1565.15	10.1635270307	 1
1566.15	10.1138583127	 1
1567.15	10.1718733421	 1
1568.15	10.1099581095	 1
1569.12	10.1200732874	 1
1570.1	10.1183091434	 1
1571.1	10.1025025168	 1
1572.1	10.0625541403	 1
1573.1	10.0407067119	 1
1574.1	10.0571712284	 1
1575.1	10.0866013268	 1
1576.1	10.140598132	 1
1577.1	10.1032347528	 1
1578.1	10.1145976404	 1
1579.07	10.0947264734	 1
1580.05	10.1149134576	 1
1581.05	10.1128178038	 1
1582.05	10.1217220517	 1
1583.05	10.1214472644	 1
1584.05	10.1171131908	 1
1585.05	10.0766644542	 1
1586.05	10.0443993034	 1
1587.05	9.97967232573	 1
1588.0	9.99149916618	 1
1589.0	10.0009451323	 1
1590.0	9.98181499252	 1
1591.0	10.0239198021	 1
1592.0	10.1247054177	 1
1593.0	10.1140415511	 1
1594.0	10.08710558	 1
1594.98	10.1204631775	 1
1595.95	10.1281220303	 1
1596.95	10.0796109699	 1
1597.95	10.090830737	 1
1599.33	10.0776745268	 1
1600.78	10.0925038665	 1
1602.25	10.1566762732	 1
1603.73	10.134001583	 1
1605.18	10.1547654817	 1
1606.65	10.1741005251	 1
1608.13	10.178848834	 1
1609.58	10.2397081546	 1
1611.05	10.2640538097	 1
1612.53	10.196742478	 1
1613.98	10.1290146408	 1
1615.45	10.1167786427	 1
1616.93	10.0627718511	 1
1618.38	10.0704185991	 1
1619.85	10.092740601	 1
1621.33	10.1206377238	 1
1622.78	10.1168475361	 1
1624.28	10.1026500063	 1
1625.75	10.0880010472	 1
1627.23	10.1248492511	 1
1628.68	10.1291332846	 1
1630.15	10.1751992027	 1
1631.63	10.1892395791	 1
1633.08	10.1461196264	 1
1634.55	10.1266139649	 1
1636.03	10.1259242852	 1
1637.48	10.1521480733	 1
1638.95	10.2869989104	 1
1640.45	10.4611114977	 1
1641.93	10.3835257493	 1
1643.38	10.2007786294	 1
1644.85	10.123576948	 1
1646.33	10.064798698	 1
1647.78	10.0522138981	 1
1649.25	10.0302637058	 1
1650.73	10.0515520791	 1
1652.18	10.0858482136	 1
1653.68	10.1098588837	 1
1655.15	10.0740671417	 1
1656.63	10.1353489487	 1
1658.08	10.1569266816	 1
1659.55	10.0986534251	 1
1661.03	10.0771728221	 1
1662.48	10.0698409115	 1
1663.95	10.055459966	 1
1665.45	10.0794427279	 1
1666.93	10.0453506693	 1
1668.38	10.1020386093	 1
1669.85	10.1569666933	 1
1671.33	10.2032528492	 1
1672.78	10.1894753849	 1
1674.25	10.1225807048	 1
1675.75	10.0679243033	 1
1677.23	10.049488318	 1
1678.68	9.95040154309	 1
1680.15	9.97380899344	 1
1681.63	10.0233032887	 1
1683.08	10.0263068927	 1
1684.58	10.0125758639	 1
1686.05	10.0436366355	 1
1687.53	10.1203412527	 1
1688.98	10.096534949	 1
1690.45	10.0839669694	 1
1691.93	10.081423661	 1
1693.4	10.0550448868	 1
1694.88	10.0645987534	 1
1696.35	10.0867197122	 1
1697.83	10.0841209836	 1
1699.28	10.1532247344	 1
1700.75	10.1110247998	 1
1702.25	10.082005015	 1
1703.73	10.0708099088	 1
1705.18	10.0584025124	 1
1706.65	10.0714175781	 1
1708.13	10.0733900992	 1
1709.58	10.0448834726	 1
1711.08	10.0549283766	 1
1712.55	10.0540925334	 1
1714.03	10.0665811737	 1
1715.48	10.0987180126	 1
1716.95	10.1636335806	 1
1718.45	10.3034700989	 1
1719.93	10.2611578613	 1
1721.38	10.2066926623	 1
1722.85	10.2361976832	 1
1724.33	10.2170935294	 1
1725.8	10.1528077765	 1
1727.28	10.1361946415	 1
1728.75	10.0947012405	 1
1730.23	10.1546134862	 1
1731.68	10.1547574846	 1
1733.18	10.1103244907	 1
1734.65	10.1089974044	 1
1736.13	10.0989427218	 1
1737.58	10.085740006	 1
1739.05	10.1410119766	 1
1740.55	10.1587516414	 1
1742.03	10.18094478	 1
1743.48	10.110948673	 1
1744.95	10.0649874384	 1
1746.43	10.1008465403	 1
1747.9	10.1810696453	 1
1749.38	10.1159859135	 1
1750.85	10.1491528356	 1
1752.33	10.215147899	 1
1753.8	10.1417876203	 1
1755.28	10.0934225526	 1
1756.75	10.0678741957	 1
1758.23	10.0748475542	 1
1759.68	10.0736287804	 1
1761.18	10.0959704386	 1
1762.65	10.1001806475	 1
1764.13	10.116557833	 1
1765.58	10.0960817176	 1
1767.05	10.1142244516	 1
1768.55	10.108288793	 1
1770.03	10.1087413614	 1
1771.48	10.098031974	 1
1772.95	10.1015470173	 1
1774.43	10.0995665313	 1
1775.93	10.1056585764	 1
1777.38	10.1199616433	 1
1778.85	10.0920473267	 1
1780.33	10.0906740876	 1
1781.83	10.0894671418	 1
1783.28	10.0987746368	 1
1784.75	10.1141494091	 1
1786.23	10.1118416831	 1
1787.7	10.1297821227	 1
1789.18	10.1197449334	 1
1790.65	10.1572654134	 1
1792.13	10.1755571735	 1
1793.6	10.1512775929	 1
1795.08	10.1168478481	 1
1796.55	10.1072579017	 1
1798.03	10.0971456079	 1
1799.5	10.1177709763	 1
1800.98	10.1163851905	 1
1802.45	10.1411609315	 1
1803.93	10.1191332429	 1
1805.38	10.1529808027	 1
1806.88	10.1515178251	 1
1808.35	10.1784449228	 1
1809.83	10.1652909475	 1
1811.28	10.200437265	 1
1812.78	10.1814003072	 1
1814.25	10.1126261103	 1
1815.73	10.119864187	 1
1817.18	10.1046147139	 1
1818.68	10.1004479464	 1
1820.15	10.1268226513	 1
1821.63	10.1052021185	 1
1823.08	10.1005265243	 1
1824.58	10.0887018762	 1
1826.05	10.130297368	 1
1827.53	10.1421100214	 1
1828.98	10.1039583209	 1
1830.45	10.1238877612	 1
1831.95	10.0765544175	 1
1833.43	10.0607595677	 1
1834.88	10.056752656	 1
1836.35	10.0664420592	 1
1837.85	10.1215621346	 1
1839.33	10.1380494439	 1
1840.78	10.1487049695	 1
1842.25	10.1788320312	 1
1843.75	10.2148247646	 1
1845.23	10.2087053035	 1
1846.68	10.2174895761	 1
1848.15	10.1773069798	 1
1849.65	10.1728267982	 1
1851.13	10.1542667416	 1
1852.58	10.1467707229	 1
1854.05	10.1595525324	 1
1855.53	10.1641088355	 1
1857.03	10.0768509441	 1
1858.48	10.086930543	 1
1859.95	10.1221177481	 1
1861.43	10.1327587378	 1
1862.93	10.1449702795	 1
1864.38	10.1189912809	 1
1865.85	10.0943391438	 1
1867.33	10.1023434551	 1
1868.83	10.0881707213	 1
1870.28	10.1134649196	 1
1871.75	10.1295194086	 1
1873.23	10.1453750425	 1
1874.7	10.1442636592	 1
1876.18	10.1136388501	 1
1877.65	10.0970185486	 1
1879.13	10.0828026641	 1
1880.6	10.0980416123	 1
1882.08	10.1343886424	 1
1883.55	10.1911682609	 1
1885.03	10.244986339	 1
1886.5	10.2041630914	 1
1887.98	10.1701463511	 1
1889.45	10.1384096046	 1
1890.93	10.1543103231	 1
1892.38	10.188969714	 1
1893.88	10.1636661121	 1
1895.35	10.1676244483	 1
1896.83	10.1648853475	 1
1898.28	10.1263466498	 1
1899.78	10.1337691152	 1
1901.25	10.1375274791	 1
1902.73	10.1347790675	 1
1904.18	10.1313001147	 1
1905.65	10.1338993109	 1
1907.15	10.1622168414	 1
1908.63	10.1863395197	 1
1910.08	10.1416388041	 1
1911.55	10.1193405174	 1
1913.03	10.1269033818	 1
1914.53	10.1923035208	 1
1915.98	10.1756765245	 1
1917.45	10.1958592163	 1
1918.93	10.2283464482	 1
1920.43	10.2027359924	 1
1921.88	10.1875173689	 1
1923.35	10.1755832259	 1
1924.83	10.1643238411	 1
1926.3	10.1752024285	 1
1927.78	10.1946271641	 1
1929.25	10.205008424	 1
1930.73	10.1612112014	 1
1932.18	10.1109722134	 1
1933.68	10.0730178099	 1
1935.15	10.0821604561	 1
1936.63	10.1509106836	 1
1938.08	10.1720592723	 1
1939.55	10.1924741086	 1
1941.03	10.1545005748	 1
1942.53	10.1163702443	 1
1943.98	10.1550675726	 1
1945.45	10.1642254743	 1
1946.93	10.1650389982	 1
1948.4	10.1518014341	 1
1949.88	10.1894885553	 1
1951.35	10.2007528941	 1
1952.83	10.2201595804	 1
1954.28	10.2588035366	 1
1955.75	10.2125334959	 1
1957.25	10.1722059077	 1
1958.73	10.192966937	 1
1960.18	10.211308508	 1
1961.65	10.1920095174	 1
1963.13	10.1804742579	 1
1964.63	10.2259195926	 1
1966.08	10.1720456249	 1
1967.55	10.1741038187	 1
1969.03	10.1309471795	 1
1970.48	10.102954049	 1
1971.95	10.1153609834	 1
1973.45	10.13655334	 1
1974.93	10.1057723294	 1
1976.38	10.105443612	 1
1977.85	10.1240360792	 1
1979.33	10.1300137035	 1
1980.8	10.1369618339	 1
1982.28	10.146771441	 1
1983.75	10.1602144345	 1
1985.23	10.1564739145	 1
1986.68	10.1668192739	 1
1988.15	10.178562235	 1
1989.63	10.1822305604	 1
1991.13	10.2160335599	 1
1992.58	10.2054061911	 1
1994.05	10.180435715	 1
1995.53	10.1635585315	 1
1996.98	10.1819751148	 1
1998.45	10.18165183	 1
1999.93	10.1950513761	 1
2001.43	10.1801022889	 1
2002.88	10.1595094128	 1
2004.35	10.1393236383	 1
2005.83	10.1463690986	 1
2007.28	10.1519735766	 1
2008.75	10.1251332038	 1
2010.23	10.1362639396	 1
2011.73	10.1458814	 1
2013.18	10.1612812178	 1
2014.65	10.1340229616	 1
2016.13	10.1271088151	 1
2017.58	10.1006376217	 1
2019.05	10.0975613521	 1
2020.53	10.0846841235	 1
2022.0	10.0883220536	 1
2023.48	10.1051550969	 1
2024.95	10.1048558806	 1
2026.43	10.1483071016	 1
2027.88	10.1694373216	 1
2029.35	10.1432066753	 1
2030.83	10.1172529457	 1
2032.28	10.1151582155	 1
2033.75	10.1282478245	 1
2035.23	10.1582370691	 1
2036.73	10.1650528252	 1
2038.18	10.1621219489	 1
2039.65	10.1634641167	 1
2041.13	10.1698917087	 1
2042.58	10.151345802	 1
2044.05	10.1289915238	 1
2045.53	10.1569576377	 1
2046.98	10.1685685752	 1
2048.45	10.1503619632	 1
2049.93	10.1462313622	 1
2051.38	10.1468451561	 1
2052.88	10.1466610494	 1
2054.35	10.1395098107	 1
2055.83	10.1648201208	 1
2057.28	10.1957602346	 1
2058.75	10.2059586396	 1
2060.23	10.1752222795	 1
2061.68	10.1697589397	 1
2063.15	10.1943582392	 1
2064.62	10.1904139397	 1
2066.08	10.2019809226	 1
2067.55	10.2100058165	 1
2069.03	10.2493445056	 1
2070.48	10.1922638018	 1
2071.95	10.1681775258	 1
2073.43	10.1435863029	 1
2074.88	10.1429784167	 1
2076.35	10.136400283	 1
2077.83	10.1545702736	 1
2079.3	10.1859907043	 1
2080.78	10.1712075882	 1
2082.25	10.1476412267	 1
2083.73	10.1538251666	 1
2085.95	10.165485503	 1
2087.4	10.1703040817	 1
2088.85	10.2017267099	 1
2090.25	10.2019962654	 1
2091.7	10.1880252079	 1
2093.12	10.1698886011	 1
2094.55	10.1565008017	 1
2096.0	10.1784956159	 1
2097.43	10.2106150456	 1
2098.85	10.2201144863	 1
2100.28	10.1767792478	 1
2101.73	10.1575431897	 1
2103.15	10.1967182395	 1
2104.58	10.1945713208	 1
2106.03	10.1702268731	 1
2107.45	10.1607870119	 1
2108.88	10.1383312629	 1
2110.3	10.1248462838	 1
2111.75	10.1424760639	 1
2113.18	10.1824780106	 1
2114.6	10.1837926981	 1
2116.05	10.1466024699	 1
2117.45	10.1585045063	 1
2118.9	10.1567542981	 1
2120.35	10.156862488	 1
2121.75	10.1629529785	 1
2123.2	10.1663870172	 1
2124.62	10.1462516946	 1
2126.05	10.139961976	 1
2127.5	10.1593675598	 1
2128.93	10.1480053287	 1
2130.35	10.1495386411	 1
2131.8	10.1581174301	 1
2133.23	10.1435875826	 1
2134.65	10.1524896443	 1
2136.08	10.1543229906	 1
2137.53	10.1476296707	 1
2138.95	10.1553782419	 1
2140.38	10.1617640952	 1
2141.8	10.1655572126	 1
2143.25	10.18462515	 1
2144.68	10.193012405	 1
2146.1	10.2143888437	 1
2147.55	10.2167883634	 1
2148.95	10.2230905777	 1
2150.4	10.1894106457	 1
2151.85	10.2015929158	 1
2153.25	10.1700269431	 1
2154.7	10.1659846014	 1
2156.15	10.1540007516	 1
2157.55	10.1799219897	 1
2159.0	10.1770456664	 1
2160.43	10.1825155765	 1
2161.85	10.187326352	 1
2163.3	10.2174249428	 1
2164.73	10.2002666094	 1
2166.15	10.2121807568	 1
2167.58	10.18961854	 1
2169.03	10.196395722	 1
2170.45	10.1854466236	 1
2171.88	10.1607332015	 1
2173.3	10.1632301798	 1
2174.75	10.164406069	 1
2176.18	10.1531827571	 1
2177.6	10.1715635983	 1
2179.05	10.1655551452	 1
2180.48	10.1828465164	 1
2181.9	10.2110477075	 1
2183.35	10.2288697387	 1
2184.75	10.2295037192	 1
2186.2	10.2323563364	 1
2187.65	10.2389004078	 1
2189.05	10.2365367366	 1
2190.5	10.2119992772	 1
2191.93	10.2175641492	 1
2193.35	10.179117818	 1
2194.8	10.1548281949	 1
2196.23	10.1572971345	 1
2197.65	10.1534011521	 1
2199.1	10.1609272264	 1
2200.53	10.1531498032	 1
2201.95	10.179393244	 1
2203.38	10.1583444074	 1
2204.83	10.1690891578	 1
2206.25	10.1734080008	 1
2207.68	10.1930250998	 1
2209.12	10.2052631121	 1
2210.55	10.2283086868	 1
2211.98	10.2392056793	 1
2213.4	10.2653445498	 1
2214.85	10.2661195463	 1
2216.28	10.2669320454	 1
2217.7	10.261049039	 1
2219.15	10.2332366649	 1
2220.58	10.2024997006	 1
2222.0	10.1918580326	 1
2223.45	10.1704770744	 1
2224.85	10.1675949232	 1
2226.3	10.1783855688	 1
2227.75	10.1611623064	 1
2229.15	10.1655172403	 1
2230.6	10.1489528589	 1
2232.03	10.1659142196	 1
2233.45	10.167093557	 1
2234.9	10.1501659435	 1
2236.33	10.1548944578	 1
2237.75	10.1688136094	 1
2239.2	10.1509314645	 1
2240.62	10.1636655418	 1
2242.05	10.1744033308	 1
2243.5	10.2071082547	 1
2244.93	10.1954818209	 1
2246.35	10.2062292317	 1
2247.78	10.2771064244	 1
2249.23	10.2918692885	 1
2250.65	10.3002615656	 1
2252.08	10.3326848816	 1
2253.53	10.3086805031	 1
2254.95	10.2884939331	 1
2256.38	10.2650568931	 1
2257.8	10.2601400711	 1
2259.25	10.2252462489	 1
2260.68	10.1839694171	 1
2262.1	10.1920491786	 1
2263.55	10.1705490171	 1
2264.98	10.1598653961	 1
2266.4	10.1495123019	 1
2267.85	10.1571689482	 1
2269.28	10.1673502331	 1
2270.7	10.1677959028	 1
2272.15	10.1637556307	 1
2273.55	10.1731400136	 1
2275.0	10.1702518381	 1
2276.45	10.1690191453	 1
2277.85	10.1675694442	 1
2279.3	10.1597612198	 1
2280.75	10.1517471815	 1
2282.15	10.1537889433	 1
2283.6	10.1801317716	 1
2285.05	10.1780602425	 1
2286.45	10.2341932698	 1
2287.9	10.1985338311	 1
2289.35	10.2009107408	 1
2290.93	10.2146564176	 1
2292.95	10.2001233215	 1
2295.03	10.2446119979	 1
2297.05	10.302873444	 1
2299.15	10.2894376826	 1
2301.18	10.3003778926	 1
2303.25	10.3168882868	 1
2305.28	10.3844100589	 1
2307.35	10.3772280667	 1
2309.4	10.3265068431	 1
2311.45	10.3352608459	 1
2313.53	10.3001046025	 1
2315.55	10.2507897457	 1
2317.62	10.2954043067	 1
2319.65	10.2810782282	 1
2321.75	10.247059127	 1
2323.75	10.2499626612	 1
2325.85	10.2326810363	 1
2327.88	10.2442652476	 1
2329.95	10.2431404506	 1
2331.98	10.2788542434	 1
2334.05	10.2752049722	 1
2336.1	10.2643029786	 1
2338.15	10.2648366624	 1
2340.2	10.2680015567	 1
2342.25	10.278100584	 1
2344.3	10.2885140198	 1
2346.35	10.2503434097	 1
2348.43	10.267057738	 1
2350.45	10.2635187983	 1
2352.53	10.2501673234	 1
2354.55	10.2669745373	 1
2356.65	10.2753766741	 1
2358.65	10.279802204	 1
2360.75	10.305411166	 1
2362.75	10.2757079998	 1
2364.85	10.2893994694	 1
2366.85	10.3248676529	 1
2368.95	10.3117772603	 1
2370.98	10.2800729199	 1
2373.05	10.3298892487	 1
2375.08	10.3630004127	 1
2377.15	10.3527515359	 1
2379.18	10.3944614362	 1
2381.25	10.4502610185	 1
2383.28	10.5292120466	 1
2385.35	10.4934678505	 1
2387.4	10.4821015748	 1
2389.45	10.425984381	 1
2391.5	10.3922002691	 1
2393.55	10.370727244	 1
2395.6	10.3626430275	 1
2397.65	10.3575230485	 1
2399.7	10.3706002122	 1
2401.75	10.3398214679	 1
2403.8	10.3461297274	 1
2405.85	10.3191954884	 1
2407.9	10.3396993868	 1
2409.95	10.3232437784	 1
2412.0	10.3420514486	 1
2414.05	10.3303895178	 1
2416.1	10.3330918065	 1
2418.15	10.330001394	 1
2420.2	10.3291412097	 1
2422.25	10.3346325891	 1
2424.3	10.3539745117	 1
2426.35	10.3080879607	 1
2428.4	10.3232441521	 1
2430.45	10.3222988443	 1
2432.5	10.3273512453	 1
2434.55	10.3306130381	 1
2436.6	10.3190397815	 1
2438.65	10.3139474974	 1
2440.7	10.3144128683	 1
2442.75	10.2986083422	 1
2444.8	10.2916151345	 1
2446.85	10.3149456008	 1
2448.9	10.307923134	 1
2450.95	10.2956388203	 1
2453.0	10.3050529705	 1
2455.05	10.320703791	 1
2457.08	10.3060533619	 1
2459.15	10.3032519355	 1
2461.18	10.3130387317	 1
2463.25	10.3180984349	 1
2465.28	10.2953062249	 1
2467.35	10.297275294	 1
2469.38	10.3283793263	 1
2471.45	10.3293186587	 1
2473.45	10.3384848818	 1
2475.55	10.3225575008	 1
2477.55	10.3153827882	 1
2479.65	10.3218455554	 1
2481.65	10.3404233053	 1
2483.75	10.3365976993	 1
2485.75	10.337578126	 1
2487.83	10.3526952683	 1
2489.85	10.3422764391	 1
2491.93	10.3273387921	 1
2493.95	10.3443079858	 1
2496.03	10.3602822705	 1
2498.05	10.3488161569	 1
2500.1	10.3733654237	 1
2502.15	10.3823152393	 1
2504.2	10.3897255241	 1
2506.25	10.4315029691	 1
2508.28	10.4592085258	 1
2510.35	10.5362990963	 1
2512.38	10.5656303929	 1
2514.45	10.5204722003	 1
2516.48	10.4827809037	 1
2518.55	10.4714563637	 1
2520.55	10.4267491965	 1
2522.65	10.3993047281	 1
2524.65	10.3831295853	 1
2526.75	10.3924389891	 1
2528.75	10.4018492017	 1
2530.83	10.3803734114	 1
2532.85	10.3873583109	 1
2534.9	10.3810975828	 1
2536.95	10.3823670699	 1
2539.0	10.3992755615	 1
2541.05	10.4117240273	 1
2543.08	10.4149195081	 1
2545.15	10.4102563635	 1
2547.18	10.4352221766	 1
2549.25	10.4060829824	 1
2551.25	10.4015025894	 1
2553.35	10.4205751454	 1
2555.35	10.4100936865	 1
2557.43	10.3901431933	 1
2559.45	10.4174154559	 1
2561.53	10.4242115002	 1
2563.55	10.4157827727	 1
2565.6	10.4213731832	 1
2567.65	10.4315329454	 1
2569.68	10.4128854529	 1
2571.75	10.4238130934	 1
2573.75	10.4030653651	 1
2575.85	10.4199839108	 1
2577.85	10.4322833228	 1
2579.95	10.4300220276	 1
2581.95	10.4312318823	 1
2584.03	10.4563957402	 1
2586.05	10.5071605398	 1
2588.1	10.4515301191	 1
2590.15	10.4618594003	 1
2592.18	10.4490309093	 1
2594.25	10.4426080711	 1
2596.25	10.4589947407	 1
2598.35	10.4942331804	 1
2600.35	10.527998038	 1
2602.43	10.4496461915	 1
2604.45	10.4314078119	 1
2606.53	10.4450844075	 1
2608.55	10.4521720013	 1
2610.6	10.4489550884	 1
2612.65	10.4363653843	 1
2614.68	10.4573276277	 1
2616.75	10.4382309397	 1
2618.75	10.447665194	 1
2620.85	10.4357309447	 1
2622.85	10.4428855602	 1
2624.93	10.4427016379	 1
2626.95	10.4387619571	 1
2629.0	10.421781801	 1
2631.05	10.4211260471	 1
2633.08	10.4430350572	 1
2635.15	10.4587302747	 1
2637.15	10.4388604192	 1
2639.25	10.4593431537	 1
2641.25	10.4497246875	 1
2643.33	10.4325943861	 1
2645.35	10.465828051	 1
2647.4	10.4424774722	 1
2649.45	10.4455746344	 1
2651.48	10.4535842084	 1
2653.55	10.4636913809	 1
2655.55	10.4576213282	 1
2657.65	10.4568159047	 1
2659.65	10.4525262838	 1
2661.7	10.4673149206	 1
2663.75	10.4617371495	 1
2665.78	10.4618265868	 1
2667.85	10.4653496826	 1
2669.85	10.4782960343	 1
2671.95	10.4658325329	 1
2673.95	10.4701839265	 1
2676.03	10.4820140877	 1
2678.05	10.5089505163	 1
2680.1	10.495770809	 1
2682.15	10.489174183	 1
2684.18	10.4807527912	 1
2686.25	10.4909575735	 1
2688.25	10.511153173	 1
2690.33	10.4930941011	 1
2692.35	10.4872322797	 1
2694.4	10.4805209767	 1
2696.45	10.5170199979	 1
2698.48	10.5047583155	 1
2700.55	10.4966557826	 1
2702.55	10.5073851094	 1
2704.65	10.4903872839	 1
2706.65	10.5175572203	 1
2708.7	10.4919597318	 1
2710.75	10.4970130862	 1
2712.78	10.4941807581	 1
2714.85	10.499820279	 1
2716.85	10.5025664495	 1
2718.95	10.522290736	 1
2720.95	10.538945426	 1
2723.03	10.5453488922	 1
2725.05	10.5628157492	 1
2727.08	10.5750179553	 1
2729.15	10.5957710618	 1
2731.15	10.6257240973	 1
2733.25	10.6833635874	 1
2735.25	10.6701557356	 1
2737.33	10.6225268345	 1
2739.35	10.5619486818	 1
2741.38	10.5294563019	 1
2743.45	10.5351110806	 1
2745.45	10.490026331	 1
2747.55	10.4998025014	 1
2749.55	10.5121090842	 1
2751.6	10.5101368812	 1
2753.65	10.5089290552	 1
2755.68	10.5047122826	 1
2757.75	10.5418547046	 1
2759.75	10.5469024394	 1
2761.85	10.531369444	 1
2763.85	10.5469048197	 1
2765.9	10.5349611675	 1
2767.95	10.5136862259	 1
2769.97	10.5077472567	 1
2772.05	10.5110054551	 1
2774.05	10.4941714584	 1
2776.13	10.508264366	 1
2778.15	10.5232714914	 1
2780.2	10.5165854025	 1
2782.25	10.5223999546	 1
2784.25	10.5250323055	 1
2786.35	10.5365583498	 1
2788.35	10.573092247	 1
2790.43	10.5772956691	 1
2792.45	10.5994429856	 1
2794.47	10.6305322047	 1
2796.55	10.706399412	 1
2798.55	10.6129409276	 1
2800.65	10.5840505287	 1
2802.65	10.6800309306	 1
2804.7	10.6139240978	 1
2806.75	10.5690878872	 1
2808.78	10.5626691597	 1
2810.85	10.5559648891	 1
2812.85	10.5498630763	 1
2814.93	10.5673273535	 1
2816.95	10.5776105872	 1
2819.0	10.563670658	 1
2821.05	10.5532289498	 1
2823.05	10.5653549784	 1
2825.15	10.5585870856	 1
2827.15	10.5664989809	 1
2829.23	10.622508844	 1
2831.25	10.627944823	 1
2833.28	10.5818645693	 1
2835.35	10.5683730708	 1
2837.35	10.5529133961	 1
2839.43	10.5517949357	 1
2841.45	10.5575170089	 1
2843.5	10.5604387158	 1
2845.55	10.5480391713	 1
2847.55	10.5628543873	 1
2849.65	10.5625139081	 1
2851.65	10.5477581062	 1
2853.73	10.5702947788	 1
2855.75	10.5798102841	 1
2857.78	10.5666553403	 1
2859.85	10.5742059782	 1
2861.85	10.5853231255	 1
2863.93	10.6029740609	 1
2865.95	10.6138946094	 1
2868.0	10.5721960122	 1
2870.05	10.5768199026	 1
2872.05	10.5693692763	 1
2874.15	10.5667407799	 1
2876.15	10.5816151993	 1
2878.2	10.5761934886	 1
2880.25	10.575908801	 1
2882.28	10.5904138588	 1
2884.35	10.5734174316	 1
2886.35	10.5917376353	 1
2888.43	10.6012936699	 1
2890.45	10.6003661026	 1
2892.5	10.5935278871	 1
2894.55	10.6255099708	 1
2896.55	10.6122056943	 1
2898.65	10.6129227828	 1
2900.65	10.6244895973	 1
2902.7	10.6023247063	 1
2904.75	10.612921562	 1
2906.78	10.6133453435	 1
2908.85	10.6134306414	 1
2910.85	10.603728907	 1
2912.93	10.6092049722	 1
2914.95	10.6110876246	 1
2916.97	10.610456559	 1
2919.05	10.5792637337	 1
2921.05	10.5917501486	 1
2923.15	10.6290801091	 1
2925.15	10.6300469252	 1
2927.2	10.6069037739	 1
2929.25	10.6128674439	 1
2931.25	10.6183291422	 1
2933.35	10.5995953985	 1
2935.35	10.6264556771	 1
2937.43	10.6289993436	 1
2939.45	10.6299486122	 1
2941.47	10.6261545602	 1
2943.55	10.666602311	 1
2945.55	10.7144606036	 1
2947.63	10.686865216	 1
2949.65	10.6385763478	 1
2951.7	10.6455821449	 1
2953.75	10.6273180222	 1
2955.75	10.6467283299	 1
2957.85	10.6080208973	 1
2959.85	10.6185536819	 1
2961.9	10.6190619998	 1
2963.95	10.6367415361	 1
2965.97	10.6268245924	 1
2968.05	10.622572325	 1
2970.05	10.6159771376	 1
2972.13	10.6220429256	 1
2974.15	10.634637356	 1
2976.18	10.6355169317	 1
2978.25	10.6587831145	 1
2980.25	10.6573659331	 1
2982.35	10.6452092015	 1
2984.35	10.6570765293	 1
2986.4	10.6584331087	 1
2988.45	10.6670160602	 1
2990.45	10.6610540993	 1
2992.55	10.6413555603	 1
2994.55	10.6351628734	 1
2996.63	10.6464893988	 1
2998.65	10.6480452449	 1
3000.68	10.6503496199	 1
3002.75	10.6773493146	 1
3004.75	10.663330573	 1
3006.83	10.6623751557	 1
3008.85	10.6742934803	 1
3010.9	10.6563752366	 1
3012.95	10.6523711868	 1
3014.95	10.6571677082	 1
3017.05	10.6721669003	 1
3019.05	10.6664879727	 1
3021.13	10.6672945102	 1
3023.15	10.6840560405	 1
3025.18	10.6870774053	 1
3027.25	10.6816571846	 1
3029.25	10.6906960804	 1
3031.33	10.6758099051	 1
3033.35	10.6657863209	 1
3035.4	10.6792644371	 1
3037.45	10.689028029	 1
3039.45	10.6578060553	 1
3041.55	10.6716120979	 1
3043.55	10.6755557044	 1
3045.6	10.6931374233	 1
3047.65	10.6843465337	 1
3049.68	10.6888482367	 1
3051.75	10.6895205358	 1
3053.75	10.6686776291	 1
3055.83	10.6887201578	 1
3057.85	10.6781732235	 1
3059.9	10.6792081475	 1
3061.95	10.6835334219	 1
3063.95	10.6680198702	 1
3066.05	10.6813137345	 1
3068.05	10.6797555848	 1
3070.13	10.6712157914	 1
3072.15	10.6852161026	 1
3074.18	10.7058149163	 1
3076.25	10.6751184094	 1
3078.25	10.6814429256	 1
3080.35	10.7029400506	 1
3082.35	10.6862049608	 1
3084.4	10.7030491448	 1
3086.45	10.6986423409	 1
3088.47	10.6816804282	 1
3090.55	10.7037037215	 1
3092.55	10.6901741577	 1
3094.63	10.7307365765	 1
3096.65	10.7158856862	 1
3098.7	10.7185537753	 1
3100.75	10.716783795	 1
3102.75	10.7083994709	 1
3104.85	10.6876544639	 1
3106.85	10.6936436431	 1
3108.93	10.7059893993	 1
3110.95	10.7155101627	 1
3112.97	10.6949693788	 1
3115.05	10.726197015	 1
3117.05	10.7315969019	 1
3119.15	10.7309155806	 1
3121.15	10.7344438663	 1
3123.2	10.7165748821	 1
3125.25	10.714978868	 1
3127.28	10.7047215367	 1
3129.35	10.7131989817	 1
3131.35	10.7030583519	 1
3133.43	10.7313797403	 1
3135.45	10.7202460087	 1
3137.5	10.7066363778	 1
3139.55	10.7043586818	 1
3141.58	10.7262344604	 1
3143.65	10.7221687025	 1
3145.65	10.7089669109	 1
3147.73	10.7192258425	 1
3149.75	10.7332797772	 1
3151.8	10.7398077048	 1
3153.85	10.7209104685	 1
3155.85	10.7377161975	 1
3157.95	10.734295434	 1
3159.95	10.7405166353	 1
3162.02	10.7193465964	 1
3164.05	10.7068478109	 1
3166.1	10.760195338	 1
3168.15	10.7325782995	 1
3170.18	10.7352811789	 1
3172.25	10.7557077845	 1
3174.25	10.7345043917	 1
3176.33	10.7501477748	 1
3178.35	10.7272497893	 1
3180.4	10.7461155848	 1
3182.45	10.7645569872	 1
3184.47	10.7851396407	 1
3186.55	10.7918873308	 1
3188.55	10.8551075736	 1
3190.63	10.8067053859	 1
3192.65	10.7797480668	 1
3194.7	10.797378163	 1
3196.75	10.8291555294	 1
3198.78	10.8384519126	 1
3200.85	10.863785184	 1
3202.85	10.9463693104	 1
3204.95	10.9332744585	 1
3206.95	10.8922188229	 1
3209.02	10.843774119	 1
3211.05	10.8277015898	 1
3213.08	10.8220268647	 1
3215.15	10.7973372587	 1
3217.15	10.785478487	 1
3219.25	10.8053111773	 1
3221.25	10.7801212186	 1
3223.33	10.7780068409	 1
3225.35	10.7706222047	 1
3227.4	10.7720400468	 1
3229.45	10.7774963965	 1
3231.47	10.7938053176	 1
3233.55	10.7912928575	 1
3235.55	10.7787666763	 1
3237.65	10.7441027115	 1
3239.65	10.7811236131	 1
3241.73	10.786839593	 1
3243.75	10.8016873431	 1
3245.8	10.8056859329	 1
3248.6	10.7880875456	 1
3251.65	10.7981206597	 1
3254.65	10.7898473779	 1
3257.65	10.7995870961	 1
3260.68	10.7994500181	 1
3263.7	10.802026106	 1
3266.7	10.7932713611	 1
3269.7	10.8047793331	 1
3272.75	10.8013154873	 1
3275.75	10.8096188646	 1
3278.75	10.8124010469	 1
3281.78	10.8073582186	 1
3284.8	10.8173273743	 1
3287.8	10.8251293417	 1
3290.8	10.8289494405	 1
3293.85	10.8262454563	 1
3296.85	10.8337845608	 1
3299.85	10.8357279503	 1
3301.45	10.8146499703	 1
3304.53	10.8184084941	 1
3307.62	10.8154749146	 1
3310.68	10.8186539239	 1
3313.75	10.8125525991	 1
3316.85	10.8266153271	 1
3319.93	10.8351512789	 1
3322.98	10.8373595991	 1
3326.08	10.8408971105	 1
3329.15	10.8534236721	 1
3332.23	10.8545770603	 1
3335.3	10.8560187846	 1
3338.38	10.8503663891	 1
3341.45	10.8586125945	 1
3344.55	10.866790041	 1
3347.62	10.8632628397	 1
3350.68	10.8563669271	 1
3353.78	10.8695437945	 1
3356.85	10.8849196946	 1
3359.93	10.8777687349	 1
3363.0	10.866102622	 1
3366.08	10.8741109394	 1
3369.15	10.8787452919	 1
3372.25	10.8747521885	 1
3375.32	10.8704142033	 1
3378.38	10.8590493816	 1
3381.48	10.8523120612	 1
3384.55	10.8537177081	 1
3387.62	10.8569501222	 1
3390.73	10.8632859026	 1
3393.78	10.8562313098	 1
3396.88	10.8599195983	 1
3399.95	10.8578284701	 1
3403.03	10.8526145104	 1
3406.1	10.8488883392	 1
3409.18	10.8598873753	 1
3412.25	10.8627109652	 1
3415.35	10.8604231519	 1
3418.43	10.8627607237	 1
3421.5	10.8663201114	 1
3424.58	10.8621449533	 1
3427.65	10.8594571776	 1
3430.75	10.8646041306	 1
3433.82	10.867940095	 1
3436.9	10.8756430819	 1
3439.98	10.8816687029	 1
3443.05	10.8786587679	 1
3446.15	10.8994958329	 1
3449.23	10.9097049269	 1
3452.28	10.9034387001	 1
3455.38	10.8885873974	 1
3458.45	10.8833402023	 1
3461.53	10.88918399	 1
3464.62	10.8843651647	 1
3467.68	10.8831913985	 1
3470.78	10.8876043447	 1
3473.85	10.8932247394	 1
3476.93	10.8983363978	 1
3480.03	10.9096848949	 1
3483.1	10.9039263857	 1
3486.18	10.9005955473	 1
3489.25	10.9158744777	 1
3492.35	10.9062184922	 1
3495.43	10.9037665798	 1
3498.5	10.9207393961	 1
3501.58	10.9230014826	 1
3504.65	10.9233887179	 1
3507.75	10.92160065	 1
3510.82	10.9269536257	 1
3513.9	10.933289524	 1
3516.98	10.9270028749	 1
3520.05	10.9251371628	 1
3523.15	10.922247345	 1
3526.23	10.9322037141	 1
3529.3	10.9365795687	 1
3532.38	10.9419552834	 1
3535.45	10.9352198015	 1
3538.55	10.9380353856	 1
3541.62	10.949335287	 1
3544.73	10.941784943	 1
3547.78	10.9325237715	 1
3550.88	10.9408930877	 1
3553.95	10.9527783843	 1
3557.03	10.94758081	 1
3560.12	10.9443739086	 1
3563.18	10.9404630509	 1
3566.28	10.9374197186	 1
3569.35	10.9329300811	 1
3572.45	10.9286784609	 1
3575.53	10.9383527867	 1
3578.6	10.9529290736	 1
3581.68	10.9610984281	 1
3584.75	10.9770410111	 1
3587.85	10.9739958956	 1
3590.93	10.9779951537	 1
3594.03	10.9686519671	 1
3597.08	10.9631711805	 1
3600.18	10.9469774157	 1
3603.25	10.9511544286	 1
3606.32	10.9536242067	 1
3609.43	10.9609112323	 1
3612.48	10.9771370496	 1
3615.58	10.9904491642	 1
3618.65	10.9748913163	 1
3621.75	10.9702130674	 1
3624.82	10.9766584346	 1
3627.9	10.9875946876	 1
3630.98	11.0118802447	 1
3634.05	11.0413835837	 1
3637.15	11.044386329	 1
3640.23	11.0206089713	 1
3643.32	10.9996745539	 1
3646.38	10.9917519218	 1
3649.48	10.9792314803	 1
3652.55	10.9753496948	 1
3655.62	10.9752279233	 1
3658.73	10.9737346129	 1
3661.8	10.9671863743	 1
3664.88	10.970990957	 1
3667.95	10.9651495127	 1
3671.05	10.9656598338	 1
3674.12	10.9618522381	 1
3677.2	10.9642275098	 1
3680.28	10.9623242896	 1
3683.38	10.9689900545	 1
3686.45	10.9755856245	 1
3689.53	10.9794896557	 1
3692.62	11.0044378989	 1
3695.68	11.0204701309	 1
3698.78	11.049334142	 1
3701.85	11.0815963098	 1
3704.95	11.1195979485	 1
3708.03	11.1120873637	 1
3711.1	11.083041835	 1
3714.18	11.0556330016	 1
3717.25	11.0338783555	 1
3720.35	11.018405127	 1
3723.43	11.0044943253	 1
3726.53	11.0006047474	 1
3729.58	11.0080307915	 1
3732.68	11.0154547878	 1
3735.75	11.0141933942	 1
3738.82	11.0101674213	 1
3741.93	11.0117801305	 1
3744.98	11.0129742787	 1
3748.08	11.0106978764	 1
3751.15	11.0108861389	 1
3754.25	11.0174301899	 1
3757.32	11.0213216589	 1
3760.4	11.0149666369	 1
3763.48	11.0172851777	 1
3766.55	11.0177508818	 1
3769.65	11.0148276466	 1
3772.73	11.0245049818	 1
3775.8	11.0237671205	 1
3778.88	11.0152493564	 1
3781.98	11.0144518154	 1
3785.05	11.0239040173	 1
3788.12	11.0179601982	 1
3791.23	11.0307407818	 1
3794.28	11.0461220342	 1
3797.38	11.0504549241	 1
3800.45	11.0554040369	 1
3803.53	11.0513373157	 1
3806.62	11.0499575483	 1
3809.68	11.0669271874	 1
3812.78	11.0884403481	 1
3815.85	11.1334721311	 1
3818.93	11.1936476413	 1
3822.03	11.2134011168	 1
3825.08	11.1584493997	 1
3828.18	11.1140465922	 1
3831.25	11.1060473173	 1
3834.35	11.101425759	 1
3837.43	11.0967761078	 1
3840.5	11.0859079642	 1
3843.58	11.0673465826	 1
3846.65	11.0423292683	 1
3849.75	11.0284597779	 1
3850.09	11.037683551	 1
3851.09	11.0356834594	 1
3852.09	11.0326817883	 1
3853.09	11.0286814551	 1
3854.09	11.0286829881	 1
3855.09	11.025686015	 1
3856.09	11.0256868683	 1
3857.09	11.0256881609	 1
3858.09	11.025689893	 1
3859.09	11.0256920647	 1
3860.09	11.0306952371	 1
3861.09	11.0356925165	 1
3862.09	11.0426939263	 1
3863.09	11.0496976923	 1
3864.09	11.054704352	 1
3865.1	11.0606989672	 1
3866.1	11.0636990776	 1
3867.1	11.0637051273	 1
3868.1	11.0637076465	 1
3869.1	11.0617131551	 1
3870.1	11.0617155131	 1
3871.1	11.060717941	 1
3872.1	11.0587256067	 1
3873.1	11.0607277781	 1
3874.1	11.061733301	 1
3875.1	11.0637375642	 1
3876.1	11.0667476582	 1
3877.1	11.0707494162	 1
3878.1	11.07575534	 1
3879.1	11.080765737	 1
3880.1	11.0867722844	 1
3881.1	11.0917759743	 1
3882.1	11.0967837093	 1
3883.1	11.1037916879	 1
3884.1	11.1107985402	 1
3885.1	11.1198066012	 1
3886.1	11.1278188999	 1
3887.1	11.1368260615	 1
3888.1	11.1398350993	 1
3889.1	11.1418457254	 1
3890.1	11.1398513096	 1
3891.1	11.1328646658	 1
3892.1	11.1258734118	 1
3893.1	11.1198817644	 1
3894.1	11.1108938624	 1
3895.1	11.1039047884	 1
3896.1	11.0969163306	 1
3897.1	11.0899287042	 1
3898.1	11.0809440301	 1
3899.1	11.0729562978	 1
3900.1	11.0659698677	 1
3901.1	11.0589811988	 1
3902.1	11.0519945563	 1
3903.11	11.0480024929	 1
3904.11	11.0430179422	 1
3905.11	11.0400305683	 1
3906.11	11.0400491791	 1
3907.11	11.0380673025	 1
3908.11	11.0360795318	 1
3909.11	11.0360934064	 1
3910.11	11.0381160453	 1
3911.11	11.0381318576	 1
3912.11	11.0381481124	 1
3913.11	11.03816481	 1
3914.11	11.0381819505	 1
3915.11	11.0361978252	 1
3916.11	11.0382175615	 1
3917.11	11.0382360325	 1
3918.11	11.0402555558	 1
3919.11	11.0452762959	 1
3920.11	11.0482925888	 1
3921.11	11.0523141086	 1
3922.11	11.0573292034	 1
3923.11	11.0613491913	 1
3924.11	11.0643695217	 1
3925.11	11.0693902258	 1
3926.11	11.0714101744	 1
3927.11	11.0744325616	 1
3928.11	11.0784465391	 1
3929.11	11.0814711664	 1
3930.11	11.0834924034	 1
3931.11	11.0855073377	 1
3932.11	11.0855287091	 1
3933.11	11.0855505242	 1
3934.11	11.0855685902	 1
3935.11	11.0855912913	 1
3936.11	11.0836141074	 1
3937.11	11.0836324467	 1
3938.11	11.0836554196	 1
3939.11	11.0816748359	 1
3940.12	11.0806909816	 1
3941.12	11.0787089378	 1
3942.12	11.0747346504	 1
3943.12	11.0737504672	 1
3944.12	11.0717674681	 1
3945.12	11.0697906514	 1
3946.12	11.0678158456	 1
3947.12	11.0678343625	 1
3948.12	11.0678533168	 1
3949.12	11.0678727089	 1
3950.12	11.0678925388	 1
3951.12	11.0699119766	 1
3952.12	11.0739327056	 1
3953.12	11.0819530463	 1
3954.12	11.0909693066	 1
3955.12	11.0979897094	 1
3956.12	11.107003394	 1
3957.12	11.1140229485	 1
3958.12	11.1190452918	 1
3959.12	11.1290665085	 1
3960.12	11.1400804167	 1
3961.12	11.1500995999	 1
3962.12	11.1641202719	 1
3963.12	11.1761353974	 1
3964.12	11.1901524679	 1
3965.12	11.2021650984	 1
3966.12	11.2111819068	 1
3967.12	11.2212013529	 1
3968.12	11.23021302	 1
3969.12	11.2392310596	 1
3970.12	11.2442444191	 1
3971.12	11.2472616616	 1
3972.12	11.2492764219	 1
3973.12	11.2492865976	 1
3974.12	11.2473040024	 1
3975.12	11.2423172254	 1
3976.12	11.2353310413	 1
3977.12	11.2183415854	 1
3978.12	11.2003531056	 1
3979.13	11.1783656285	 1
3980.13	11.1573763602	 1
3981.13	11.1433883867	 1
3982.13	11.1313962051	 1
3983.13	11.124403806	 1
3984.13	11.12141141	 1
3985.13	11.1194229064	 1
3986.13	11.1174320235	 1
3987.13	11.1174415771	 1
3988.13	11.1154477247	 1
3989.13	11.1124523264	 1
3990.13	11.1124605837	 1
3991.13	11.112464835	 1
3992.13	11.1104708401	 1
3993.13	11.1084789152	 1
3994.13	11.1084823895	 1
3995.13	11.1084862758	 1
3996.13	11.1104895923	 1
3997.13	11.1124901586	 1
3998.13	11.1144879401	 1
3999.13	11.1174953105	 1
4000.13	11.1194942589	 1
4001.13	11.1244935896	 1
4002.13	11.1294943801	 1
4003.13	11.1334887559	 1
4004.13	11.1384914906	 1
4005.13	11.1434907387	 1
4006.13	11.1504877161	 1
4007.13	11.1554803414	 1
4008.13	11.1594760323	 1
4009.13	11.1664704644	 1
4010.13	11.1714646272	 1
4011.13	11.1764541181	 1
4012.13	11.1804483571	 1
4013.13	11.1834394919	 1
4014.13	11.1884272892	 1
4015.13	11.1934194013	 1
4016.13	11.1994100939	 1
4017.14	11.2073896625	 1
4018.14	11.2163743827	 1
4019.14	11.2283645216	 1
4020.14	11.240349612	 1
4021.14	11.2523328831	 1
4022.14	11.265315441	 1
4023.14	11.2773013519	 1
4024.14	11.2872813702	 1
4025.14	11.2922657842	 1
4026.14	11.2962490396	 1
4027.14	11.2942231865	 1
4028.14	11.291205618	 1
4029.14	11.2801828101	 1
4030.14	11.2701571161	 1
4031.14	11.254134597	 1
4032.14	11.2391109835	 1
4033.14	11.2250846791	 1
4034.14	11.2110557274	 1
4035.14	11.2000267578	 1
4036.14	11.192000532	 1
4037.14	11.1829674681	 1
4038.14	11.1729370664	 1
4039.14	11.1639102911	 1
4040.14	11.1568744643	 1
4041.14	11.1518413843	 1
4042.14	11.1468035592	 1
4043.14	11.1427689864	 1
4044.14	11.1407298605	 1
4045.14	11.1376925149	 1
4046.14	11.1336499255	 1
4047.14	11.1286118162	 1
4048.14	11.1235694369	 1
4049.14	11.1185229192	 1
4050.14	11.1144851092	 1
4051.14	11.1134334283	 1
4052.14	11.1113885909	 1
4053.14	11.1093414307	 1
4054.15	11.1062831243	 1
4055.15	11.104237291	 1
4056.15	11.1021846359	 1
4057.15	11.10013423	 1
4058.15	11.0990749291	 1
4059.15	11.097023117	 1
4060.15	11.0969665074	 1
4061.15	11.0969102404	 1
4062.15	11.0968497989	 1
4063.15	11.0967896962	 1
4064.15	11.0987255262	 1
4065.15	11.0986624439	 1
4066.15	11.0966023722	 1
4067.15	11.0965345681	 1
4068.15	11.0984661386	 1
4069.15	11.0983998576	 1
4070.15	11.099337948	 1
4071.15	11.0992636706	 1
4072.15	11.0991942676	 1
4073.15	11.0991206428	 1
4074.15	11.1010433837	 1
4075.15	11.1029626793	 1
4076.15	11.1048830747	 1
4077.15	11.1078061656	 1
4078.15	11.1117230779	 1
4079.15	11.1126455347	 1
4080.15	11.1165591762	 1
4081.15	11.1214748856	 1
4082.15	11.1283887676	 1
4083.15	11.1353021822	 1
4084.15	11.1422100025	 1
4085.15	11.1521215254	 1
4086.15	11.1630280761	 1
4087.15	11.1709285745	 1
4088.15	11.1778348674	 1
4089.15	11.1867400197	 1
4090.15	11.1956427613	 1
4091.15	11.20553949	 1
4092.15	11.2154352023	 1
4093.16	11.226325548	 1
4094.16	11.240218983	 1
4095.16	11.2521170755	 1
4096.16	11.2680078716	 1
4097.16	11.2828957915	 1
4098.16	11.2947848173	 1
4099.16	11.3056741458	 1
4100.16	11.3105547506	 1
4101.16	11.3104399153	 1
4102.16	11.3123234249	 1
4103.16	11.3122043096	 1
4104.16	11.3120798563	 1
4105.16	11.307958759	 1
4106.16	11.3028280812	 1
4107.16	11.2887035209	 1
4108.16	11.2745730898	 1
4109.16	11.2554475496	 1
4110.16	11.2363092577	 1
4111.16	11.2201766591	 1
4112.16	11.2050423315	 1
4113.16	11.1959008321	 1
4114.16	11.1887619609	 1
4115.16	11.1866217282	 1
4116.16	11.1864768661	 1
4117.16	11.1883294877	 1
4118.16	11.1881808074	 1
4119.16	11.1880323873	 1
4120.16	11.1828827775	 1
4121.16	11.1797332166	 1
4122.16	11.1725777272	 1
4123.16	11.163422085	 1
4124.16	11.1592598406	 1
4125.16	11.1561031534	 1
4126.16	11.1539349303	 1
4127.16	11.1537722825	 1
4128.16	11.1536049684	 1
4129.16	11.1534379004	 1
4130.17	11.1532609022	 1
4131.17	11.1570870587	 1
4132.17	11.1599148822	 1
4133.17	11.1667357346	 1
4134.17	11.1715549579	 1
4135.17	11.1753787686	 1
4136.17	11.1801957258	 1
4137.17	11.1850036509	 1
4138.17	11.1898227054	 1
4139.17	11.1966305612	 1
4140.17	11.2034418136	 1
4141.17	11.2072481918	 1
4142.17	11.2100498325	 1
4143.17	11.2098541223	 1
4144.17	11.207652314	 1
4145.17	11.2044503944	 1
4146.17	11.20224518	 1
4147.17	11.1990387126	 1
4148.17	11.1968301611	 1
4149.17	11.1916221219	 1
4150.17	11.1864087328	 1
4151.17	11.1801913559	 1
4152.17	11.1749720504	 1
4153.17	11.1677500243	 1
4154.17	11.1605291294	 1
4155.17	11.1533046212	 1
4156.17	11.148092484	 1
4157.17	11.1448965439	 1
4158.17	11.1427189847	 1
4159.17	11.1405736504	 1
4160.17	11.1404658184	 1
4161.17	11.1444115027	 1
4162.17	11.1474065262	 1
4163.17	11.1474712868	 1
4164.17	11.1476061228	 1
4165.17	11.1498238506	 1
4166.17	11.1501256612	 1
4167.17	11.1525227662	 1
4168.17	11.1560271935	 1
4169.18	11.1586345076	 1
4170.18	11.1593333309	 1
4171.18	11.1601093758	 1
4172.18	11.158937784	 1
4173.18	11.1578070476	 1
4174.18	11.1607060326	 1
4175.18	11.1616082693	 1
4176.18	11.1645024845	 1
4177.18	11.1683611915	 1
4178.18	11.1711881707	 1
4179.18	11.171953753	 1
4180.18	11.1746462797	 1
4181.18	11.1752476837	 1
4182.18	11.1777676034	 1
4183.18	11.1762069469	 1
4184.18	11.1765746701	 1
4185.18	11.1768761396	 1
4186.18	11.1771112044	 1
4187.18	11.1792869284	 1
4188.18	11.1804058687	 1
4189.18	11.1824834572	 1
4190.18	11.1845152857	 1
4191.18	11.1865062381	 1
4192.18	11.1874619385	 1
4193.18	11.1913930439	 1
4194.18	11.1922939613	 1
4195.18	11.1941765555	 1
4196.18	11.1960540287	 1
4197.18	11.1979157488	 1
4198.18	11.1987648447	 1
4199.18	11.2006191087	 1
4200.18	11.2024840096	 1
4201.18	11.2023557031	 1
4202.18	11.2022383119	 1
4203.18	11.202142505	 1
4204.18	11.2020736381	 1
4205.18	11.200028324	 1
4206.18	11.2000231653	 1
4207.18	11.1980593063	 1
4208.19	11.1971339235	 1
4209.19	11.1952524247	 1
4210.19	11.195432441	 1
4211.19	11.1936687849	 1
4212.19	11.1919703014	 1
4213.19	11.1913435137	 1
4214.19	11.1917880919	 1
4215.19	11.1903023589	 1
4216.19	11.1889023586	 1
4217.19	11.1865985817	 1
4218.19	11.1853806609	 1
4219.19	11.1832606198	 1
4220.19	11.1822395664	 1
4221.19	11.1813243126	 1
4222.19	11.1825195318	 1
4223.19	11.1838339326	 1
4224.19	11.1832616319	 1
4225.19	11.1848124082	 1
4226.19	11.1854968425	 1
4227.19	11.1851157276	 1
4228.19	11.1860356152	 1
4229.19	11.1838286329	 1
4230.19	11.1847165511	 1
4231.19	11.1830035698	 1
4232.19	11.1829786438	 1
4233.19	11.1839528569	 1
4234.19	11.184237527	 1
4235.19	11.1830175342	 1
4236.19	11.1842391576	 1
4237.19	11.1848132862	 1
4238.19	11.1846420072	 1
4239.19	11.1866382443	 1
4240.19	11.1886993276	 1
4241.19	11.190766645	 1
4242.19	11.1908239618	 1
4243.19	11.1908763233	 1
4244.19	11.1889252158	 1
4245.19	11.1869654142	 1
4246.2	11.1849918422	 1
4247.2	11.1850213024	 1
4248.2	11.1840549512	 1
4249.2	11.1840739826	 1
4250.2	11.1820910882	 1
4251.2	11.1820991975	 1
4252.2	11.1821076751	 1
4253.2	11.1821058083	 1
4254.2	11.1801018962	 1
4255.2	11.180089105	 1
4256.2	11.1800766618	 1
4257.2	11.1800592105	 1
4258.2	11.1800421026	 1
4259.2	11.1820162009	 1
4260.2	11.1839853481	 1
4261.2	11.1849517528	 1
4262.2	11.1849167088	 1
4263.2	11.1838789024	 1
4264.2	11.1818344135	 1
4265.2	11.1817882634	 1
4266.2	11.1817370428	 1
4267.2	11.1816861347	 1
4268.2	11.1836269983	 1
4269.2	11.1845669666	 1
4270.2	11.1845020239	 1
4271.2	11.1844373817	 1
4272.2	11.18437304	 1
4273.2	11.1863046287	 1
4274.2	11.1882363912	 1
4275.2	11.1911556385	 1
4276.2	11.1950881739	 1
4277.2	11.1980051383	 1
4278.2	11.2019261045	 1
4279.2	11.2048405223	 1
4280.2	11.2087661312	 1
4281.2	11.2116722091	 1
4282.21	11.2115839233	 1
4283.21	11.2134953796	 1
4284.21	11.2134079204	 1
4285.21	11.2133207416	 1
4286.21	11.2132282452	 1
4287.21	11.213136025	 1
4288.21	11.2150459763	 1
4289.21	11.2159549814	 1
4290.21	11.2158591171	 1
4291.21	11.215763526	 1
4292.21	11.2176674272	 1
4293.21	11.2175787788	 1
4294.21	11.2194835542	 1
4295.21	11.2203860726	 1
4296.21	11.222299586	 1
4297.21	11.2242015663	 1
4298.21	11.2261090138	 1
4299.21	11.2270232697	 1
4300.21	11.2289280588	 1
4301.21	11.2288348368	 1
4302.21	11.2287476095	 1
4303.21	11.2256543295	 1
4304.21	11.2255665025	 1
4305.21	11.2254789528	 1
4306.21	11.2253916803	 1
4307.21	11.2263055034	 1
4308.21	11.2282186169	 1
4309.21	11.2301314937	 1
4310.21	11.2320498794	 1
4311.21	11.2329697849	 1
4312.21	11.2348854483	 1
4313.21	11.236800838	 1
4314.21	11.2397208768	 1
4315.21	11.2396419329	 1
4316.21	11.2415542095	 1
4317.21	11.2454768907	 1
4318.21	11.2463965951	 1
4319.21	11.2503140507	 1
4320.21	11.255236486	 1
4321.22	11.2581571293	 1
4322.22	11.2640783927	 1
4323.22	11.2690003052	 1
4324.22	11.2759277586	 1
4325.22	11.2828518164	 1
4326.22	11.2907761474	 1
4327.22	11.299699093	 1
4328.22	11.3106261763	 1
4329.22	11.3205521983	 1
4330.22	11.3324781333	 1
4331.22	11.3444126114	 1
4332.22	11.3583396142	 1
4333.22	11.3702636631	 1
4334.22	11.3841927914	 1
4335.22	11.400124395	 1
4336.22	11.414052094	 1
4337.22	11.4279856024	 1
4338.22	11.4399067981	 1
4339.22	11.4468371104	 1
4340.22	11.4517717792	 1
4341.22	11.4496995556	 1
4342.22	11.4476368497	 1
4343.22	11.4395699445	 1
4344.22	11.4285011174	 1
4345.22	11.4144345379	 1
4346.22	11.3993665378	 1
4347.22	11.3853009492	 1
4348.22	11.3712362828	 1
4349.22	11.355169218	 1
4350.22	11.3431048357	 1
4351.22	11.3310338461	 1
4352.22	11.3209700757	 1
4353.22	11.3099036912	 1
4354.22	11.3028411088	 1
4355.22	11.2957744286	 1
4356.22	11.2887101632	 1
4357.22	11.2836466497	 1
4358.22	11.2785839238	 1
4359.23	11.273517076	 1
4360.23	11.2714531292	 1
4361.23	11.2683849439	 1
4362.23	11.2643257165	 1
4363.23	11.2622610282	 1
4364.23	11.2591992144	 1
4365.23	11.2591377413	 1
4366.23	11.2590765574	 1
4367.23	11.2590096006	 1
4368.23	11.2619489873	 1
4369.23	11.2638871719	 1
4370.23	11.2658248359	 1
4371.23	11.2677619628	 1
4372.23	11.2707053138	 1
4373.23	11.2726374199	 1
4374.23	11.2775775149	 1
4375.23	11.2825139954	 1
4376.23	11.28945432	 1
4377.23	11.2943930537	 1
4378.23	11.3013339078	 1
4379.23	11.3082687601	 1
4380.23	11.3122085595	 1
4381.23	11.3191481961	 1
4382.23	11.3240828658	 1
4383.23	11.3310203084	 1
4384.23	11.3379631083	 1
4385.23	11.3448977912	 1
4386.23	11.3498407785	 1
4387.23	11.3547778441	 1
4388.23	11.3567111628	 1
4389.23	11.3546571485	 1
4390.23	11.3515909632	 1
4391.23	11.3455267913	 1
4392.23	11.3404689053	 1
4393.23	11.3324002656	 1
4394.23	11.323335302	 1
4395.23	11.3142794306	 1
4396.23	11.3062141386	 1
4397.24	11.2991462226	 1
4398.24	11.2920784937	 1
4399.24	11.2850189396	 1
4400.24	11.2809526693	 1
4401.24	11.27589098	 1
4402.24	11.2738229684	 1
4403.24	11.2727554408	 1
4404.24	11.2706969967	 1
4405.24	11.2686284722	 1
4406.24	11.2665623426	 1
4407.24	11.2634938698	 1
4408.24	11.2614277698	 1
4409.24	11.2593578772	 1
4410.24	11.2592858546	 1
4411.24	11.2592141065	 1
4412.24	11.259142633	 1
4413.24	11.2590652434	 1
4414.24	11.2589943168	 1
4415.24	11.2589174695	 1
4416.24	11.257837296	 1
4417.24	11.2577544107	 1
4418.24	11.2556720534	 1
4419.24	11.2575894357	 1
4420.24	11.2575011447	 1
4421.24	11.2584185925	 1
4422.24	11.2603270304	 1
4423.24	11.2622346571	 1
4424.24	11.2621367932	 1
4425.24	11.2640383176	 1
4426.24	11.2649429983	 1
4427.24	11.2668405639	 1
4428.24	11.2717347669	 1
4429.24	11.2736244508	 1
4430.24	11.2765143385	 1
4431.24	11.280401055	 1
4432.24	11.2822815241	 1
4433.24	11.2831640351	 1
4434.25	11.2850352204	 1
4435.25	11.2869101657	 1
4436.25	11.2867799317	 1
4437.25	11.2866435077	 1
4438.25	11.2885062021	 1
4439.25	11.2893623723	 1
4440.25	11.289214712	 1
4441.25	11.2890672692	 1
4442.25	11.2889135968	 1
4443.25	11.2887536887	 1
4444.25	11.2885939902	 1
4445.25	11.2884280483	 1
4446.25	11.2882558572	 1
4447.25	11.2900808655	 1
4448.25	11.2919044406	 1
4449.25	11.2937200657	 1
4450.25	11.2965306864	 1
4451.25	11.3013336653	 1
4452.25	11.3031335031	 1
4453.25	11.3079342887	 1
4454.25	11.3117212727	 1
4455.25	11.3165093086	 1
4456.25	11.32128979	 1
4457.25	11.3260624796	 1
4458.25	11.3328335508	 1
4459.25	11.3365945143	 1
4460.25	11.3433477169	 1
4461.25	11.3501014753	 1
4462.25	11.359851432	 1
4463.25	11.3715865523	 1
4464.25	11.3853236898	 1
4465.25	11.4060493199	 1
4466.25	11.4247724962	 1
4467.25	11.4384856982	 1
4468.25	11.455196461	 1
4469.25	11.4638950858	 1
4470.25	11.473592768	 1
4471.25	11.4752839964	 1
4472.26	11.4769593106	 1
4473.26	11.4696341872	 1
4474.26	11.4623059501	 1
4475.26	11.4509716628	 1
4476.26	11.4406403028	 1
4477.26	11.4283030716	 1
4478.26	11.417966631	 1
4479.26	11.4066224683	 1
4480.26	11.3922798839	 1
4481.26	11.3779411236	 1
4482.26	11.3655999667	 1
4483.26	11.3512636532	 1
4484.26	11.34392257	 1
4485.26	11.3355880582	 1
4486.26	11.3312615317	 1
4487.26	11.3259339856	 1
4488.26	11.3216111073	 1
4489.26	11.3182891053	 1
4490.26	11.3129792181	 1
4491.26	11.3106720227	 1
4492.26	11.3083814178	 1
4493.26	11.3050891827	 1
4494.26	11.304806837	 1
4495.26	11.3025372535	 1
4496.26	11.2992766771	 1
4497.26	11.2970214537	 1
4498.26	11.2967850174	 1
4499.26	11.2965554048	 1
4500.26	11.2963392827	 1
4501.26	11.2961366608	 1
4502.26	11.2979557696	 1
4503.26	11.2987831939	 1
4504.26	11.3006235931	 1
4505.26	11.304485377	 1
4506.26	11.305363198	 1
4507.26	11.3072481706	 1
4508.26	11.3091587163	 1
4509.27	11.3120873448	 1
4510.27	11.3120334791	 1
4511.27	11.3140057701	 1
4512.27	11.3159905455	 1
4513.27	11.3170039873	 1
4514.27	11.3190390699	 1
4515.27	11.3190921654	 1
4516.27	11.3171603492	 1
4517.27	11.3172474219	 1
4518.27	11.3163494204	 1
4519.27	11.3174638805	 1
4520.27	11.3175933116	 1
4521.27	11.3197413915	 1
4522.27	11.3218890684	 1
4523.27	11.3240501319	 1
4524.27	11.3272217936	 1
4525.27	11.3293914961	 1
4526.27	11.3315677864	 1
4527.27	11.332753197	 1
4528.27	11.3349403045	 1
4529.27	11.3391187909	 1
4530.27	11.3423027525	 1
4531.27	11.3474798219	 1
4532.27	11.3516551151	 1
4533.27	11.3548227183	 1
4534.27	11.358991032	 1
4535.27	11.3621437227	 1
4536.27	11.3662901368	 1
4537.27	11.3694273441	 1
4538.27	11.3715524355	 1
4539.27	11.3736547768	 1
4540.27	11.3747424434	 1
4541.27	11.3748256188	 1
4542.27	11.3768810256	 1
4543.27	11.3769221343	 1
4544.27	11.3769489632	 1
4545.27	11.3749503745	 1
4546.27	11.3719476128	 1
4547.27	11.3699184913	 1
4548.27	11.3678771515	 1
4549.28	11.3628182221	 1
4550.28	11.3597528527	 1
4551.28	11.3536724518	 1
4552.28	11.3505908892	 1
4553.28	11.3454871848	 1
4554.28	11.3433774496	 1
4555.28	11.338257927	 1
4556.28	11.3361365529	 1
4557.28	11.3329996945	 1
4558.28	11.328868888	 1
4559.28	11.3257195448	 1
4560.28	11.3235795301	 1
4561.28	11.3214281573	 1
4562.28	11.321274376	 1
4563.28	11.3191183014	 1
4564.28	11.3189643259	 1
4565.28	11.3188105501	 1
4566.28	11.3206542367	 1
4567.28	11.3205014534	 1
4568.28	11.3203488702	 1
4569.28	11.320196487	 1
4570.28	11.3180376566	 1
4571.28	11.3178850769	 1
4572.28	11.3177326969	 1
4573.28	11.3175805167	 1
4574.28	11.3174355544	 1
4575.28	11.3162803454	 1
4576.28	11.3141307929	 1
4577.28	11.3119839241	 1
4578.28	11.311838255	 1
4579.28	11.3116927891	 1
4580.28	11.3115405277	 1
4581.28	11.311395466	 1
4582.28	11.3112506073	 1
4583.28	11.3111059519	 1
4584.28	11.3109544928	 1
4585.28	11.3128096595	 1
4586.29	11.3126614843	 1
4587.29	11.3125182484	 1
4588.29	11.3143660702	 1
4589.29	11.3142238481	 1
4590.29	11.3170873984	 1
4591.29	11.3189413015	 1
4592.29	11.3207932099	 1
4593.29	11.3236603956	 1
4594.29	11.3235151431	 1
4595.29	11.3253731055	 1
4596.29	11.3252288616	 1
4597.29	11.3270855977	 1
4598.29	11.3279516019	 1
4599.29	11.3298092562	 1
4600.29	11.3316720233	 1
4601.29	11.3345277872	 1
4602.29	11.3363957522	 1
4603.29	11.3382543831	 1
4604.29	11.3401108684	 1
4605.29	11.340976074	 1
4606.29	11.3448386285	 1
4607.29	11.3477005497	 1
4608.29	11.3495672243	 1
4609.29	11.351424341	 1
4610.29	11.352284921	 1
4611.29	11.3541501122	 1
4612.29	11.3560130496	 1
4613.29	11.3588744164	 1
4614.29	11.3607423497	 1
4615.29	11.3626079849	 1
4616.29	11.3644712955	 1
4617.29	11.3653303773	 1
4618.29	11.365196485	 1
4619.29	11.3670612315	 1
4620.29	11.3669283715	 1
4621.29	11.3707910995	 1
4622.29	11.3716538226	 1
4623.3	11.373517198	 1
4624.3	11.3753904175	 1
4625.3	11.3782473386	 1
4626.3	11.3801178292	 1
4627.3	11.3829847572	 1
4628.3	11.3868496632	 1
4629.3	11.389717435	 1
4630.3	11.391578808	 1
4631.3	11.3934452949	 1
4632.3	11.3953169174	 1
4633.3	11.3961790156	 1
4634.3	11.3960433585	 1
4635.3	11.3959156515	 1
4636.3	11.3957804033	 1
4637.3	11.3976471165	 1
4638.3	11.3955105169	 1
4639.3	11.3943835173	 1
4640.3	11.3942487776	 1
4641.3	11.3921155395	 1
4642.3	11.3919805928	 1
4643.3	11.389841867	 1
4644.3	11.3877135281	 1
4645.3	11.384578724	 1
4646.3	11.3824418129	 1
4647.3	11.3803152415	 1
4648.3	11.3791804372	 1
4649.3	11.3770499569	 1
4650.3	11.3769123602	 1
4651.3	11.3767826281	 1
4652.3	11.3766454346	 1
4653.3	11.3765084415	 1
4654.3	11.37637932	 1
4655.3	11.3762427302	 1
4656.3	11.3741047853	 1
4657.3	11.3739756523	 1
4658.3	11.3718399592	 1
4659.3	11.3707083089	 1
4660.31	11.3705741967	 1
4661.31	11.3684342342	 1
4662.31	11.3682969275	 1
4663.31	11.3661592366	 1
4664.31	11.3680305572	 1
4665.31	11.3678938508	 1
4666.31	11.3697634579	 1
4667.31	11.3706171659	 1
4668.31	11.3724794729	 1
4669.31	11.3743468797	 1
4670.31	11.3772083935	 1
4671.31	11.3810731658	 1
4672.31	11.383935101	 1
4673.31	11.3908049236	 1
4674.31	11.3966678606	 1
4675.31	11.4025283421	 1
4676.31	11.4093914992	 1
4677.31	11.4182513475	 1
4678.31	11.4271108476	 1
4679.31	11.4369772929	 1
4680.31	11.4488404122	 1
4681.31	11.4596966034	 1
4682.31	11.4715616916	 1
4683.31	11.4814187766	 1
4684.31	11.4902784597	 1
4685.31	11.4991406536	 1
4686.31	11.500001106	 1
4687.31	11.5018497152	 1
4688.31	11.4967153836	 1
4689.31	11.4895768729	 1
4690.31	11.4804281587	 1
4691.31	11.4702857333	 1
4692.31	11.4631472236	 1
4693.31	11.4559992433	 1
4694.31	11.4488589031	 1
4695.31	11.4437097446	 1
4696.31	11.4385642862	 1
4697.31	11.4314150531	 1
4698.32	11.425266688	 1
4699.32	11.4201292064	 1
4700.32	11.4149794419	 1
4701.32	11.4128325998	 1
4703.32	11.4405402039	 1
4705.32	11.4372345183	 1
4707.32	11.4349360778	 1
4709.32	11.43263977	 1
4711.32	11.4293382299	 1
4713.32	11.4270392008	 1
4715.32	11.4247340756	 1
4717.32	11.422422881	 1
4719.32	11.4191207522	 1
4721.32	11.4168151568	 1
4723.32	11.4134975223	 1
4725.32	11.411189358	 1
4727.32	11.4078808418	 1
4729.32	11.4055620046	 1
4731.32	11.4032534853	 1
4733.32	11.4029372452	 1
4735.33	11.4006178053	 1
4737.33	11.39930306	 1
4739.33	11.3969831832	 1
4741.33	11.3966670563	 1
4743.33	11.3943489897	 1
4745.33	11.3920331179	 1
4747.33	11.3937100018	 1
4749.33	11.3933875199	 1
4751.33	11.3950727955	 1
4753.33	11.3947528271	 1
4755.33	11.3964302238	 1
4757.33	11.3971089398	 1
4759.33	11.3967927429	 1
4761.33	11.398466348	 1
4763.33	11.3981526692	 1
4765.33	11.3978315011	 1
4767.33	11.3975110366	 1
4769.33	11.3991883765	 1
4771.33	11.398862178	 1
4773.33	11.4005478635	 1
4775.33	11.4012316783	 1
4777.34	11.4009046529	 1
4779.34	11.4005911439	 1
4781.34	11.400270066	 1
4783.34	11.3999496861	 1
4785.34	11.3996382888	 1
4787.34	11.3993193093	 1
4789.34	11.3990010278	 1
4791.34	11.3986917427	 1
4793.34	11.3983748618	 1
4795.34	11.4000626116	 1
4797.34	11.3997482172	 1
4799.34	11.399442854	 1
4801.34	11.401132451	 1
4803.34	11.4008212527	 1
4805.34	11.4005107551	 1
4807.34	11.4022105424	 1
4809.34	11.4029092879	 1
4811.35	11.4026064321	 1
4813.35	11.4043105022	 1
4815.35	11.4060127811	 1
4817.35	11.4087287595	 1
4819.35	11.4084456655	 1
4821.35	11.4101655469	 1
4823.35	11.4118921436	 1
4825.35	11.4126275628	 1
4827.35	11.4143567076	 1
4829.35	11.4161011731	 1
4831.35	11.4178438774	 1
4833.35	11.4186038496	 1
4835.35	11.4223685543	 1
4837.35	11.4271344846	 1
4839.35	11.4319130305	 1
4841.35	11.4366954545	 1
4843.35	11.4454935119	 1
4845.35	11.4542988941	 1
4847.35	11.4641028575	 1
4849.36	11.4729255223	 1
4851.36	11.4847563638	 1
4853.36	11.4965987326	 1
4855.36	11.5054478221	 1
4857.36	11.5153062065	 1
4859.36	11.5261840558	 1
4861.36	11.5310653597	 1
4863.36	11.5339617412	 1
4865.36	11.5378731898	 1
4867.36	11.535784976	 1
4869.36	11.5307228801	 1
4871.36	11.5266610512	 1
4873.36	11.5166207044	 1
4875.36	11.5066002338	 1
4877.36	11.4945784163	 1
4879.36	11.4835722221	 1
4881.36	11.4715907378	 1
4883.36	11.4596123642	 1
4885.36	11.4526496041	 1
4887.37	11.448696096	 1
4889.37	11.4437737043	 1
4891.37	11.4408517889	 1
4893.37	11.4419529082	 1
4895.37	11.4420658574	 1
4897.37	11.4442033602	 1
4899.37	11.4493456365	 1
4901.37	11.4515092237	 1
4903.37	11.4566938212	 1
4905.37	11.4638876996	 1
4907.37	11.4690971452	 1
4909.37	11.4763234457	 1
4911.37	11.4835640153	 1
4913.37	11.49080921	 1
4915.37	11.4970733415	 1
4917.37	11.502346146	 1
4919.37	11.5096388388	 1
4921.38	11.5129260512	 1
4923.38	11.5152289305	 1
4925.38	11.5185497196	 1
4927.38	11.5188733211	 1
4929.38	11.5162093234	 1
4931.38	11.5145457523	 1
4933.38	11.5118964378	 1
4935.38	11.5062421959	 1
4937.38	11.5016066275	 1
4939.38	11.4949683897	 1
4941.38	11.4903374354	 1
4943.38	11.4837022373	 1
4945.38	11.4790760919	 1
4947.38	11.4754598091	 1
4949.38	11.4708282678	 1
4951.38	11.4702065078	 1
4953.38	11.4685915179	 1
4955.38	11.4669679308	 1
4957.38	11.4673496012	 1
4959.38	11.4657263699	 1
4961.39	11.4660954942	 1
4963.39	11.4664707885	 1
4965.39	11.4668383877	 1
4967.39	11.4672077625	 1
4969.39	11.4675694046	 1
4971.39	11.4679232845	 1
4973.39	11.4682693728	 1
4975.39	11.4706231544	 1
4977.39	11.4709558084	 1
4979.39	11.4732851103	 1
4981.39	11.475604975	 1
4983.39	11.4769211255	 1
4985.39	11.4792285398	 1
4987.39	11.4795193131	 1
4989.39	11.4818013193	 1
4991.39	11.4850675714	 1
4993.39	11.487332423	 1
4995.39	11.4895772761	 1
4997.4	11.4928111455	 1
4999.4	11.4970342204	 1
5001.4	11.5002386471	 1
5003.4	11.5024327537	 1
5005.4	11.5056148105	 1
5007.4	11.5077796553	 1
5009.4	11.5099332398	 1
5011.4	11.5130735708	 1
5013.4	11.5152070316	 1
5015.4	11.5173288645	 1
5017.4	11.5174372337	 1
5019.4	11.517536662	 1
5021.4	11.5176271236	 1
5023.4	11.5177187713	 1
5025.4	11.5157861779	 1
5027.4	11.5158580604	 1
5029.4	11.5139262847	 1
5031.4	11.5129816095	 1
5033.4	11.5110414934	 1
5035.41	11.5110788289	 1
5037.41	11.5111215749	 1
5039.41	11.5111654182	 1
5041.41	11.5131993087	 1
5043.41	11.5142385774	 1
5045.41	11.5162757327	 1
5047.41	11.5183107039	 1
5049.41	11.5183453197	 1
5051.41	11.5193701361	 1
5053.41	11.5214109889	 1
5055.41	11.5214409775	 1
5057.41	11.5214823875	 1
5059.41	11.5195166572	 1
5061.41	11.5185653622	 1
5063.41	11.5186178912	 1
5065.41	11.516663813	 1
5067.41	11.5167168632	 1
5069.41	11.5147843253	 1
5071.42	11.5148439779	 1
5073.42	11.5139257118	 1
5075.42	11.5140014062	 1
5077.42	11.5121005473	 1
5079.42	11.512197526	 1
5081.42	11.5123060403	 1
5083.42	11.5124157466	 1
5085.42	11.514542561	 1
5087.42	11.514687682	 1
5089.42	11.5148340585	 1
5091.42	11.5160042881	 1
5093.42	11.516175023	 1
5095.42	11.5183675788	 1
5097.42	11.5185638053	 1
5099.42	11.5207895853	 1
5101.42	11.5210220606	 1
5103.42	11.5222682355	 1
5105.42	11.5245339942	 1
5107.42	11.524805551	 1
5109.42	11.5270948055	 1
5111.42	11.5273927081	 1
5113.43	11.527698555	 1
5115.43	11.5300259706	 1
5117.43	11.5303627463	 1
5119.43	11.5307011497	 1
5121.43	11.5320484197	 1
5123.43	11.532401923	 1
5125.43	11.5347680795	 1
5127.43	11.5371333112	 1
5129.43	11.5375178962	 1
5131.43	11.5408947428	 1
5133.43	11.5432823967	 1
5135.43	11.543671334	 1
5137.43	11.5460609835	 1
5139.43	11.5484573428	 1
5141.43	11.5498484589	 1
5143.43	11.5502434865	 1
5145.43	11.5526422302	 1
5147.44	11.5530322023	 1
5149.44	11.5534259251	 1
5151.44	11.5528148518	 1
5153.44	11.5532031582	 1
5155.44	11.5545887032	 1
5157.44	11.5559647089	 1
5159.44	11.5563393146	 1
5161.44	11.5577096303	 1
5163.44	11.5580719961	 1
5165.44	11.559424217	 1
5167.44	11.5607778406	 1
5169.44	11.56111711	 1
5171.44	11.5624433722	 1
5173.44	11.5627621771	 1
5175.44	11.5640731879	 1
5177.44	11.5643702186	 1
5179.44	11.5656578674	 1
5181.44	11.5669262166	 1
5183.44	11.567185616	 1
5185.44	11.5684324329	 1
5187.45	11.5686585253	 1
5189.45	11.5698755845	 1
5191.45	11.5700742202	 1
5193.45	11.5712589228	 1
5195.45	11.5714233709	 1
5197.45	11.5725685114	 1
5199.45	11.5726973535	 1
5201.45	11.5737439513	 1
5203.45	11.5737471641	 1
5205.45	11.574736923	 1
5207.45	11.5747105576	 1
5209.45	11.5756661296	 1
5211.45	11.5756122968	 1
5213.45	11.5725455412	 1
5215.45	11.5724659177	 1
5217.45	11.5743762204	 1
5219.45	11.5742730402	 1
5221.45	11.5761568006	 1
5223.45	11.5760321885	 1
5225.46	11.576895856	 1
5227.46	11.5787502886	 1
5229.46	11.5785984554	 1
5231.46	11.5804419847	 1
5233.46	11.5822725009	 1
5235.46	11.5820995813	 1
5237.46	11.5829209142	 1
5239.46	11.5827347425	 1
5241.46	11.5845426151	 1
5243.46	11.5843472296	 1
5245.46	11.5861506935	 1
5247.46	11.5859483846	 1
5249.46	11.5857420181	 1
5251.46	11.5875333172	 1
5253.46	11.588324542	 1
5255.46	11.5881147741	 1
5257.46	11.5879032924	 1
5259.46	11.5896912027	 1
5261.47	11.5894768605	 1
5263.47	11.5892685033	 1
5265.47	11.5890608103	 1
5267.47	11.5888561716	 1
5269.47	11.5906567345	 1
5271.47	11.5904593721	 1
5273.47	11.5912620993	 1
5275.47	11.5930754339	 1
5277.47	11.5948894685	 1
5279.47	11.5947109913	 1
5281.47	11.5965421102	 1
5283.47	11.597373874	 1
5285.47	11.5992198209	 1
5287.47	11.5990714358	 1
5289.47	11.6009286729	 1
5291.23	11.628232903	 1
5296.09	11.6158988367	 1
5300.96	11.6158366647	 1
5305.83	11.6027338838	 1
5310.7	11.5942648574	 1
5315.57	11.5800268685	 1
5320.44	11.5773867337	 1
5325.31	11.5797998218	 1
5330.18	11.5827191891	 1
5335.05	11.5742584149	 1
5339.92	11.5734751351	 1
5344.79	11.5798578939	 1
5349.66	11.584562673	 1
5354.53	11.5909671914	 1
5359.4	11.588572553	 1
5364.27	11.5953167982	 1
5369.14	11.6011158478	 1
5374.01	11.6061635745	 1
5378.88	11.6136017457	 1
5383.75	11.6132567492	 1
5388.62	11.6248851719	 1
5393.49	11.6316718146	 1
5398.36	11.6501417151	 1
5403.23	11.6719466218	 1
5408.1	11.7105211474	 1
5412.98	11.73740343	 1
5417.85	11.7225632592	 1
5422.72	11.6913415401	 1
5427.59	11.6692189502	 1
5432.46	11.6535330797	 1
5437.33	11.6461107448	 1
5442.2	11.6494679211	 1
5447.07	11.6403871568	 1
5451.94	11.6456120485	 1
5456.81	11.6477272069	 1
5461.69	11.6424472584	 1
5466.56	11.653246436	 1
5471.43	11.6460678472	 1
5476.3	11.6426420122	 1
5481.17	11.6494189476	 1
5486.04	11.6500792477	 1
5490.91	11.6465217722	 1
5495.79	11.6526880669	 1
5500.66	11.6532369192	 1
5505.53	11.6499196324	 1
5510.4	11.6444702548	 1
5515.27	11.6518968283	 1
5520.14	11.64868987	 1
5525.02	11.6538663084	 1
5529.89	11.6588421708	 1
5534.76	11.6623662574	 1
5539.63	11.6626043635	 1
5544.5	11.6623949585	 1
5549.38	11.6670354033	 1
5554.25	11.6666567506	 1
5559.12	11.6676263035	 1
5563.99	11.6659395282	 1
5568.87	11.6691578826	 1
5573.74	11.6713661982	 1
5578.61	11.6776858713	 1
5583.48	11.6767078071	 1
5588.36	11.6743450041	 1
5593.23	11.6766378424	 1
5598.1	11.6793151869	 1
5602.97	11.6842549585	 1
5607.85	11.6883150537	 1
5612.72	11.6909368815	 1
5617.59	11.6988753772	 1
5622.47	11.688629682	 1
5627.34	11.684587692	 1
5632.21	11.6927802637	 1
5637.09	11.6908845832	 1
5641.96	11.7143951881	 1
5646.83	11.7067352853	 1
5651.71	11.6948942194	 1
5656.58	11.7015053625	 1
5661.45	11.7053536055	 1
5666.33	11.71031185	 1
5671.2	11.7136082297	 1
5676.07	11.7211857801	 1
5680.95	11.7270586592	 1
5685.82	11.7291516166	 1
5690.69	11.7208947968	 1
5695.57	11.7196479065	 1
5700.44	11.7243360086	 1
5705.32	11.7195329114	 1
5710.19	11.7135611479	 1
5715.06	11.7269539132	 1
5719.94	11.7228663937	 1
5724.81	11.7273657148	 1
5729.69	11.7236569956	 1
5734.56	11.7339656776	 1
5739.43	11.7339855678	 1
5744.31	11.7370156701	 1
5749.18	11.7346543739	 1
5754.06	11.7333819524	 1
5758.93	11.7343992754	 1
5763.81	11.7365196123	 1
5768.68	11.7397296733	 1
5773.56	11.7456613035	 1
5778.43	11.7432169104	 1
5783.3	11.746488733	 1
5788.18	11.7442076004	 1
5793.05	11.746300776	 1
5797.93	11.7446561314	 1
5802.8	11.7518779453	 1
5807.68	11.7533604208	 1
5812.55	11.7576593432	 1
5817.43	11.7581682606	 1
5822.3	11.763306521	 1
5827.18	11.7603563273	 1
5832.05	11.7659489242	 1
5836.93	11.7687984449	 1
5841.8	11.7696576621	 1
5846.68	11.776874591	 1
5851.56	11.7787452695	 1
5856.43	11.7779404571	 1
5861.31	11.7885265905	 1
5866.18	11.8079305298	 1
5871.06	11.8400142797	 1
5875.93	11.9115808339	 1
5880.81	11.9137085034	 1
5885.68	11.8438009201	 1
5890.56	11.8173035705	 1
5895.44	11.8055731371	 1
5900.31	11.8009328944	 1
5905.19	11.7940822229	 1
5910.06	11.7935083983	 1
5914.94	11.7936795201	 1
5919.81	11.7977673713	 1
5924.69	11.7958134139	 1
5929.57	11.7978186183	 1
5934.44	11.8046236509	 1
5939.32	11.8083291092	 1
5944.2	11.8149085819	 1
5949.07	11.8078585898	 1
5953.95	11.8101136429	 1
5958.82	11.8100616461	 1
5963.7	11.8121153227	 1
5968.58	11.8128631736	 1
5973.45	11.8137921218	 1
5978.33	11.8106774587	 1
5983.21	11.8196645244	 1
5988.08	11.8192143732	 1
5992.96	11.8199111844	 1
5997.84	11.8233804245	 1
6002.71	11.8177216115	 1
6007.59	11.8225294311	 1
6012.47	11.8246669848	 1
6017.34	11.8284946339	 1
6022.22	11.8357553117	 1
6027.1	11.8326443463	 1
6031.98	11.8348105345	 1
6036.85	11.8369959719	 1
6041.73	11.8376307118	 1
6046.61	11.838173081	 1
6051.48	11.8378918296	 1
6056.36	11.8405542695	 1
6061.24	11.8492325252	 1
6066.12	11.8428693921	 1
6070.99	11.8468691032	 1
6075.87	11.8499463753	 1
6080.75	11.8498421206	 1
6085.62	11.8543998524	 1
6090.5	11.8536170393	 1
6095.38	11.8552673949	 1
6100.26	11.8579354582	 1
6105.13	11.8595342228	 1
6110.01	11.864617614	 1
6114.89	11.8620137941	 1
6119.77	11.8641820672	 1
6124.65	11.8619732458	 1
6129.52	11.8606005349	 1
6134.4	11.8607236242	 1
6139.28	11.8625416962	 1
6144.16	11.8670792521	 1
6149.04	11.8665743227	 1
6153.91	11.8728339454	 1
6158.79	11.8739552443	 1
6163.67	11.8780923884	 1
6168.55	11.8783831524	 1
6173.43	11.8817055799	 1
6178.3	11.8830929646	 1
6183.18	11.8823921081	 1
6188.06	11.879708461	 1
6192.94	11.8775871666	 1
6197.82	11.8809742983	 1
6202.7	11.8811070766	 1
6207.57	11.8842281405	 1
6212.45	11.8906118817	 1
6217.33	11.8937238637	 1
6222.21	11.8948013046	 1
6227.09	11.8941824059	 1
6231.97	11.8920389767	 1
6236.85	11.8983296593	 1
6241.72	11.8975707986	 1
6246.6	11.8997379188	 1
6251.48	11.9008876708	 1
6256.36	11.9044331999	 1
6261.24	11.9061268879	 1
6266.12	11.9067215098	 1
6271.0	11.9070043887	 1
6275.88	11.9114166862	 1
6280.76	11.9121744844	 1
6285.63	11.9000616331	 1
6290.51	11.9065432163	 1
6295.39	11.9137324243	 1
6300.27	11.9183067466	 1
6305.15	11.9151676567	 1
6310.03	11.9152696527	 1
6314.91	11.9160488851	 1
6319.79	11.9260880827	 1
6324.67	11.9286676873	 1
6329.55	11.9399087149	 1
6334.43	11.9463472838	 1
6339.31	11.9464779709	 1
6344.19	11.946347886	 1
6349.07	11.9442687075	 1
6353.95	11.9431062034	 1
6358.83	11.9428616526	 1
6363.7	11.9404274487	 1
6368.58	11.9415632383	 1
6373.46	11.9437986513	 1
6378.34	11.9433017023	 1
6383.22	11.9471433084	 1
6388.1	11.9478051237	 1
6392.98	11.9528453108	 1
6397.86	11.9538990844	 1
6402.74	11.9550598521	 1
6407.62	11.9544449228	 1
6412.5	11.9560900394	 1
6417.38	11.9589179826	 1
6422.26	11.9627177908	 1
6427.14	11.9596907136	 1
6432.02	11.9597210987	 1
6436.9	11.9636796847	 1
6441.78	11.9662762012	 1
6446.66	11.9671901551	 1
6451.54	11.9691032261	 1
6456.42	11.9735337497	 1
6461.3	11.9768167242	 1
6466.19	11.9755595466	 1
6471.07	11.9774495383	 1
6475.95	11.9820470462	 1
6480.83	11.9825147945	 1
6485.71	11.9842908553	 1
6490.59	11.9825011607	 1
6495.47	11.9822518241	 1
6500.35	11.9798903288	 1
6505.23	11.9832287296	 1
6510.11	11.9833314277	 1
6514.99	11.9901895341	 1
6519.87	11.9992242066	 1
6524.75	12.0062093762	 1
6529.63	12.0036707044	 1
6534.51	12.0110995525	 1
6539.39	12.0169653258	 1
6544.27	12.0240678372	 1
6549.16	12.0481105119	 1
6554.04	12.0873498249	 1
6558.92	12.1425624477	 1
6563.8	12.1968803824	 1
6568.68	12.1897906355	 1
6573.56	12.1214909594	 1
6578.44	12.0753059681	 1
6583.32	12.043347045	 1
6588.2	12.0326416501	 1
6593.08	12.0250302786	 1
6597.97	12.0192040836	 1
6602.85	12.012649408	 1
6607.73	12.0204903617	 1
6612.61	12.0190831613	 1
6617.49	12.0232904069	 1
6622.37	12.0181780002	 1
6627.25	12.0257890777	 1
6632.14	12.0234239424	 1
6637.02	12.021713675	 1
6641.9	12.0252455317	 1
6646.78	12.0298020077	 1
6651.66	12.0309821045	 1
6656.54	12.033865434	 1
6661.42	12.0384442003	 1
6666.31	12.0485662445	 1
6671.19	12.0749251869	 1
6676.07	12.104798679	 1
6680.95	12.1588233524	 1
6685.83	12.124936238	 1
6690.71	12.0807648666	 1
6695.6	12.0607741167	 1
6700.48	12.0554710642	 1
6705.36	12.0582971748	 1
6710.24	12.0529048732	 1
6715.12	12.0532904153	 1
6720.0	12.0481146818	 1
6724.89	12.0493591946	 1
6729.77	12.0500485686	 1
6734.65	12.0524189674	 1
6739.53	12.0529136493	 1
6744.41	12.0566034837	 1
6749.3	12.0545173928	 1
6754.18	12.0560250126	 1
6759.06	12.0526153765	 1
6763.94	12.0645221605	 1
6768.83	12.0599644521	 1
6773.71	12.058460395	 1
6778.59	12.0619942799	 1
6783.47	12.0613804926	 1
6788.35	12.064329963	 1
6793.24	12.0649826564	 1
6798.12	12.0680553024	 1
6803.0	12.0699375177	 1
6807.88	12.0693121351	 1
6812.77	12.0714255108	 1
6817.65	12.0733679793	 1
6822.53	12.0765472883	 1
6827.41	12.0757802543	 1
6832.3	12.0858242779	 1
6837.18	12.0826546016	 1
6842.06	12.0854604994	 1
6846.94	12.0868148509	 1
6851.83	12.0900018656	 1
6856.71	12.0895149673	 1
6861.59	12.0908638098	 1
6866.47	12.0950012804	 1
6871.36	12.0987436954	 1
6876.24	12.1003939828	 1
6881.12	12.1040522096	 1
6886.0	12.1051707986	 1
6890.89	12.1019549755	 1
6895.77	12.1049542323	 1
6900.65	12.1065851167	 1
6905.54	12.1067000643	 1
6910.42	12.1029513965	 1
6915.3	12.1043613566	 1
6920.18	12.1081069511	 1
6925.07	12.1082046273	 1
6929.95	12.1075083339	 1
6934.83	12.1116301917	 1
6939.72	12.1115419406	 1
6944.6	12.1126368362	 1
6949.48	12.1145489458	 1
6954.36	12.118608419	 1
6959.25	12.1218424397	 1
6964.13	12.1253412345	 1
6969.01	12.123648981	 1
6973.9	12.1234958987	 1
6978.78	12.1198540852	 1
6983.66	12.1194313341	 1
6988.55	12.1245744746	 1
6993.43	12.1226797977	 1
6998.31	12.1299828316	 1
7003.2	12.1345940876	 1
7008.08	12.1310581949	 1
7012.96	12.1362939477	 1
7017.85	12.1366054712	 1
7022.73	12.1397428456	 1
7027.61	12.1377406538	 1
7032.5	12.1399744974	 1
7037.38	12.1420479129	 1
7042.26	12.1421769382	 1
7047.15	12.1464805871	 1
7052.03	12.1511071744	 1
7056.91	12.1595722841	 1
7061.8	12.1748862612	 1
7066.68	12.2082052205	 1
7071.56	12.2068583929	 1
7076.45	12.1685453864	 1
7081.33	12.1613253274	 1
7086.21	12.1644495638	 1
7091.1	12.1580387649	 1
7095.98	12.1596953622	 1
7100.86	12.1630559713	 1
7105.75	12.1599408764	 1
7110.63	12.1569425069	 1
7115.52	12.1645638123	 1
7120.4	12.162889816	 1
7125.28	12.1636272709	 1
7130.17	12.1647765521	 1
7135.05	12.162286541	 1
7139.93	12.1672905809	 1
7144.82	12.1719930031	 1
7149.7	12.1766214687	 1
7154.59	12.1788883751	 1
7159.47	12.1794215172	 1
7164.35	12.1808360951	 1
7169.24	12.1856645733	 1
7174.12	12.1869904729	 1
7179.0	12.1911426749	 1
7183.89	12.1939242972	 1
7188.77	12.1929154864	 1
7193.66	12.1891895459	 1
7198.54	12.1908207408	 1
7203.42	12.1890383889	 1
7208.31	12.193055307	 1
7213.19	12.1935002944	 1
7218.08	12.1898018669	 1
7222.96	12.1881781762	 1
7227.84	12.1899943441	 1
7232.73	12.1989081023	 1
7237.61	12.1982340846	 1
7242.5	12.1964511414	 1
7247.38	12.1949094317	 1
7252.26	12.201422554	 1
7257.15	12.2069902052	 1
7262.03	12.2093046139	 1
7266.92	12.2097751851	 1
7271.8	12.2138109764	 1
7276.69	12.2190944574	 1
7281.57	12.2398271582	 1
7286.45	12.2420384179	 1
7291.34	12.2294964327	 1
7296.22	12.220838934	 1
7301.11	12.2199176404	 1
7305.99	12.2181383549	 1
7310.88	12.2211269307	 1
7315.76	12.2165505768	 1
7320.64	12.2219451239	 1
7325.53	12.2247210697	 1
7330.41	12.2188009725	 1
7335.3	12.2158243637	 1
7340.18	12.2225435281	 1
7345.07	12.2245969387	 1
7349.95	12.2243655146	 1
7354.83	12.2242200464	 1
7359.72	12.2261279506	 1
7364.6	12.2298191239	 1
7369.49	12.2342952967	 1
7374.37	12.2329002303	 1
7379.26	12.2326057886	 1
7384.14	12.231721968	 1
7389.03	12.2388508603	 1
7393.91	12.2382304793	 1
7398.79	12.241647214	 1
7403.68	12.246250874	 1
7408.56	12.2453824712	 1
7413.45	12.2455519768	 1
7418.33	12.2442964111	 1
7423.22	12.2496483799	 1
7428.1	12.2486575791	 1
7432.99	12.2434390383	 1
7437.87	12.2488620307	 1
7442.75	12.2526573703	 1
7447.64	12.2530793602	 1
7452.52	12.2543469113	 1
7457.41	12.2599210455	 1
7462.29	12.2569019714	 1
7467.18	12.2624236599	 1
7472.06	12.2584625609	 1
7476.95	12.2548610675	 1
7481.83	12.2606264772	 1
7486.72	12.2668433255	 1
7491.6	12.2661497951	 1
7496.49	12.2716557598	 1
7501.37	12.2774841097	 1
7506.26	12.2780357362	 1
7511.14	12.275023391	 1
7516.02	12.2780102226	 1
7520.91	12.2727493919	 1
7525.79	12.2718440681	 1
7530.68	12.2772266232	 1
7535.56	12.2792786465	 1
7540.45	12.2836126737	 1
7545.33	12.2851836985	 1
7550.22	12.2912993658	 1
7555.1	12.2940301288	 1
7559.99	12.2907911344	 1
7564.87	12.2864338477	 1
7569.76	12.2934979314	 1
7574.64	12.3005847448	 1
7579.53	12.3025201176	 1
7584.41	12.3112911466	 1
7589.3	12.3156414451	 1
7594.18	12.3149240781	 1
7599.07	12.3157099394	 1
7603.95	12.3159686913	 1
7608.84	12.312919906	 1
7613.72	12.3079875011	 1
7618.61	12.3078043789	 1
7623.49	12.3072382252	 1
7628.38	12.2938342064	 1
7633.26	12.2966754207	 1
7638.15	12.3123711129	 1
7643.03	12.3177568899	 1
7647.91	12.3148949479	 1
7652.8	12.3166087269	 1
7657.68	12.3149779794	 1
7662.57	12.3131974992	 1
7667.45	12.3177442305	 1
7672.34	12.3174007423	 1
7677.22	12.3184527871	 1
7682.11	12.3292661513	 1
7686.99	12.3298493074	 1
7691.88	12.3317970119	 1
7696.76	12.334366822	 1
7701.65	12.3306581813	 1
7706.53	12.3330833314	 1
7711.42	12.3346542108	 1
7716.3	12.3408402069	 1
7721.19	12.345375201	 1
7726.07	12.3426125894	 1
7730.96	12.3436089179	 1
7735.84	12.3318173152	 1
7740.73	12.3378272647	 1
7745.61	12.3328126469	 1
7750.5	12.3387982429	 1
7755.38	12.3381026457	 1
7760.27	12.3363724255	 1
7765.15	12.336971068	 1
7770.04	12.3433383852	 1
7774.92	12.338542263	 1
7779.81	12.3373846915	 1
7784.69	12.3390917737	 1
7789.58	12.3484060925	 1
7794.46	12.3476249036	 1
7799.35	12.3536032036	 1
7804.23	12.3477504582	 1
7809.12	12.3504609655	 1
7814.0	12.3582528844	 1
7818.89	12.3544401573	 1
7823.77	12.3558600734	 1
7828.66	12.3575530349	 1
7833.54	12.3562534488	 1
7838.43	12.3563460385	 1
7843.31	12.3599419526	 1
7848.2	12.3637751933	 1
7853.08	12.3541708568	 1
7857.97	12.3585312783	 1
7862.85	12.3690807132	 1
7867.74	12.3589172079	 1
7872.62	12.365237691	 1
7877.51	12.3719955465	 1
7882.39	12.3663710263	 1
7887.28	12.3720563931	 1
7892.16	12.3710991628	 1
7897.05	12.3748385197	 1
7901.93	12.3684678157	 1
7906.82	12.376705592	 1
7911.7	12.3771473358	 1
7916.59	12.3843642423	 1
7921.47	12.3908605016	 1
7926.36	12.3922957438	 1
7931.24	12.3898256185	 1
7936.13	12.385997379	 1
7941.01	12.3916371235	 1
7945.9	12.3856456595	 1
7950.78	12.3869211692	 1
7955.67	12.3898528805	 1
7960.55	12.388008404	 1
7965.44	12.3858206183	 1
7970.32	12.3920317356	 1
7975.21	12.3957565155	 1
7980.09	12.3954077747	 1
7984.98	12.3947118677	 1
7989.86	12.3953481228	 1
7994.75	12.3978980961	 1
7999.63	12.3965730325	 1
8004.52	12.3964065347	 1
8009.4	12.4056421402	 1
8014.29	12.4068992223	 1
8019.17	12.4072239583	 1
8024.06	12.4044299512	 1
8028.94	12.4015827535	 1
8033.83	12.4020814956	 1
8038.71	12.4162753484	 1
8043.6	12.4157303337	 1
8048.48	12.4164441804	 1
8053.37	12.4169203638	 1
8058.25	12.4163238142	 1
8063.14	12.4180670229	 1
8068.02	12.4124349542	 1
8072.91	12.4112389502	 1
8077.79	12.4156286479	 1
8082.68	12.4090317013	 1
8087.56	12.4197648347	 1
8092.45	12.4294071196	 1
8097.33	12.4322654765	 1
8102.21	12.4315099661	 1
8107.1	12.4343854132	 1
8111.98	12.4305530934	 1
8116.87	12.4303525804	 1
8121.75	12.4296019124	 1
8126.64	12.432988371	 1
8131.52	12.4141879007	 1
8136.41	12.4303793539	 1
8141.29	12.4357821326	 1
8146.18	12.4348519514	 1
8151.06	12.4417429549	 1
8155.95	12.441822375	 1
8160.83	12.4351321017	 1
8165.72	12.4358343099	 1
8170.6	12.4410722811	 1
8175.49	12.441539317	 1
8180.37	12.4494364199	 1
8185.26	12.4475022645	 1
8190.14	12.4460171559	 1
8195.03	12.4621003776	 1
8199.91	12.4703525402	 1
8204.79	12.4644400431	 1
8209.68	12.4701171839	 1
8214.56	12.4679774714	 1
8219.45	12.4774488098	 1
8224.33	12.4760280513	 1
8229.22	12.4868737709	 1
8234.1	12.4940222553	 1
8238.99	12.5006254351	 1
8243.87	12.497378057	 1
8248.76	12.4785938156	 1
8253.64	12.487599059	 1
8258.53	12.4853734663	 1
8263.41	12.4833531433	 1
8268.3	12.4852906911	 1
8273.18	12.48865814	 1
8278.06	12.4784348657	 1
8282.95	12.4845435333	 1
8287.83	12.4873173323	 1
8292.72	12.4828605404	 1
8297.6	12.4937287361	 1
8302.49	12.4960033734	 1
8307.37	12.4984991172	 1
8312.26	12.4919445621	 1
8317.14	12.4884164699	 1
8322.03	12.4820355922	 1
8326.91	12.4879157355	 1
8331.79	12.494119317	 1
8336.68	12.4946360835	 1
8341.56	12.4895118029	 1
8346.45	12.4942318717	 1
8351.33	12.5001004109	 1
8356.22	12.5067844783	 1
8361.1	12.5082516586	 1
8365.99	12.5093719836	 1
8370.87	12.5099368614	 1
8375.75	12.4992666924	 1
8380.64	12.502059959	 1
8385.52	12.4980637725	 1
8390.41	12.4979879297	 1
8395.29	12.4924610961	 1
8400.18	12.4935014505	 1
8405.06	12.5009447901	 1
8409.94	12.4928693186	 1
8414.83	12.5055640113	 1
8419.71	12.5085701198	 1
8424.6	12.5039669674	 1
8429.48	12.5084047981	 1
8434.37	12.4914843563	 1
8439.25	12.505675345	 1
8444.13	12.5158988036	 1
8449.02	12.5200643941	 1
8453.9	12.5271053214	 1
8458.79	12.5223493762	 1
8463.67	12.5136961865	 1
8468.55	12.511143713	 1
8473.44	12.5194658071	 1
8478.32	12.5175600069	 1
8483.21	12.5168906491	 1
8488.09	12.5205343813	 1
8492.97	12.518847274	 1
8497.86	12.5217753925	 1
8502.74	12.5227341927	 1
8507.63	12.5310204799	 1
8512.51	12.5357306473	 1
8517.39	12.5411501206	 1
8522.28	12.5428368963	 1
8527.16	12.5370846409	 1
8532.05	12.5320215995	 1
8536.93	12.5342981511	 1
8541.81	12.5300622885	 1
8546.7	12.5300165043	 1
8551.58	12.5310248913	 1
8556.47	12.5389732647	 1
8561.35	12.5457071108	 1
8566.23	12.5369517367	 1
8571.12	12.5434591254	 1
8576.0	12.5410804613	 1
8580.88	12.5454941051	 1
8585.77	12.5457121511	 1
8590.65	12.5491633111	 1
8595.54	12.5610140583	 1
8600.42	12.5672077223	 1
8605.3	12.5590173292	 1
8610.19	12.55435992	 1
8615.07	12.5542955382	 1
8619.95	12.5508127278	 1
8624.84	12.5430040341	 1
8629.72	12.5470343077	 1
8634.6	12.5568706447	 1
8639.49	12.5635798307	 1
8644.37	12.5607770091	 1
8649.25	12.5606548858	 1
8654.14	12.5677389204	 1
8659.02	12.5681847252	 1
8663.91	12.5695083907	 1
8668.79	12.5737235288	 1
8673.67	12.5686601312	 1
8678.56	12.5633696721	 1
8683.44	12.5642999837	 1
8688.32	12.5755114468	 1
8693.21	12.573644513	 1
8698.09	12.5620759077	 1
8702.97	12.5746799685	 1
8707.86	12.5717631791	 1
8712.74	12.5841977046	 1
8717.62	12.5728084216	 1
8722.5	12.5883279361	 1
8727.39	12.575410258	 1
8732.27	12.5853213452	 1
8737.15	12.5832862593	 1
8742.04	12.5773982577	 1
8746.92	12.5919250004	 1
8751.8	12.5907968548	 1
8756.69	12.5923266043	 1
8761.57	12.5873784698	 1
8766.45	12.5875800923	 1
8771.34	12.5894459664	 1
8776.22	12.5981933838	 1
8781.1	12.602716213	 1
8785.98	12.6004120067	 1
8790.87	12.6036862702	 1
8795.75	12.5997725455	 1
8800.63	12.6070551162	 1
8805.52	12.5915443042	 1
8810.4	12.59135073	 1
8815.28	12.5868707978	 1
8820.17	12.6064221228	 1
8825.05	12.6078757464	 1
8829.93	12.6132975148	 1
8834.81	12.6113216368	 1
8839.7	12.5984592101	 1
8844.58	12.5978579131	 1
8849.46	12.5970015057	 1
8854.34	12.6065267345	 1
8859.23	12.6187723018	 1
8864.11	12.6210732397	 1
8868.99	12.6170798071	 1
8873.87	12.6148378201	 1
8878.76	12.6101571527	 1
8883.64	12.6204172787	 1
8888.52	12.616240523	 1
8893.4	12.6161887271	 1
8898.29	12.6175426235	 1
8903.17	12.6194346744	 1
8908.05	12.6204520047	 1
8912.93	12.6153810269	 1
8917.82	12.6185137089	 1
8922.7	12.6104512029	 1
8927.58	12.6059304649	 1
8932.46	12.6238295156	 1
8937.34	12.6209511587	 1
8942.23	12.6161204122	 1
8947.11	12.6337251845	 1
8951.99	12.6301970966	 1
8956.87	12.6197771361	 1
8961.75	12.6191302694	 1
8966.64	12.6346912407	 1
8971.52	12.6373270194	 1
8976.4	12.6458403198	 1
8981.28	12.6451195398	 1
8986.17	12.6540014402	 1
8991.05	12.6424829839	 1
8995.93	12.6436962014	 1
9000.81	12.6537180258	 1
9005.69	12.6611343072	 1
9010.57	12.6628688978	 1
9015.46	12.6507449052	 1
9020.34	12.6484533833	 1
9025.22	12.6492334565	 1
9030.1	12.6614633857	 1
9034.98	12.6575585566	 1
9039.86	12.6601556051	 1
9044.75	12.6766839045	 1
9049.63	12.6725420729	 1
9054.51	12.6771282584	 1
9059.39	12.6755735014	 1
9064.27	12.6754624776	 1
9069.15	12.6748714443	 1
9074.04	12.6598245932	 1
9078.92	12.655049678	 1
9083.8	12.672330108	 1
9088.68	12.6555635236	 1
9093.56	12.6628880869	 1
9098.44	12.6705698101	 1
9103.32	12.668247425	 1
9108.21	12.6658281707	 1
9113.09	12.6616826528	 1
9117.97	12.6546753797	 1
9122.85	12.6727954206	 1
9127.73	12.668913995	 1
9132.61	12.671251977	 1
9137.49	12.6787900178	 1
9142.37	12.6704911349	 1
9147.25	12.6658287253	 1
9152.13	12.675509954	 1
9157.02	12.6708226946	 1
9161.9	12.6715259996	 1
9166.78	12.6754772005	 1
9171.66	12.6734357967	 1
9176.54	12.689234075	 1
9181.42	12.6875801252	 1
9186.3	12.6749022045	 1
9191.18	12.6843745414	 1
9196.06	12.6851196217	 1
9200.94	12.7040454481	 1
9205.82	12.6867219181	 1
9210.7	12.7084850767	 1
9215.58	12.7219835296	 1
9220.46	12.7385294561	 1
9225.35	12.7326380739	 1
9230.23	12.7327517131	 1
9235.11	12.7280321149	 1
9239.99	12.7009761311	 1
9244.87	12.721655732	 1
9249.75	12.7184220461	 1
9254.63	12.7147767016	 1
9259.51	12.6992648464	 1
9264.39	12.6941235806	 1
9269.27	12.7081236473	 1
9274.15	12.7104095389	 1
9279.03	12.7059421609	 1
9283.91	12.7077093198	 1
9288.79	12.7106328815	 1
9293.67	12.7107461038	 1
9298.55	12.7033519296	 1
9303.43	12.7017969392	 1
9308.31	12.7016976981	 1
9313.19	12.7105895413	 1
9318.07	12.7215903469	 1
9322.95	12.7244943575	 1
9327.83	12.7291264083	 1
9332.71	12.7311011987	 1
9337.59	12.7327624002	 1
9342.47	12.7341075567	 1
9347.35	12.7425464904	 1
9352.23	12.7347584335	 1
9357.11	12.7338421294	 1
9361.99	12.7260191677	 1
9366.87	12.7307126943	 1
9371.75	12.7304473299	 1
9376.62	12.7271564024	 1
9381.5	12.7214986177	 1
9386.38	12.6918082911	 1
9391.26	12.7303896519	 1
9396.14	12.7203742517	 1
9401.02	12.7231348117	 1
9405.9	12.7301966096	 1
9410.78	12.7340527462	 1
9415.66	12.7275630748	 1
9420.54	12.7370823742	 1
9425.42	12.7300203983	 1
9430.3	12.732097042	 1
9435.18	12.7323246771	 1
9440.06	12.7324885508	 1
9444.93	12.7362985405	 1
9449.81	12.7358292581	 1
9454.69	12.7504953455	 1
9459.57	12.76239229	 1
9464.45	12.7654373756	 1
9469.33	12.7815566714	 1
9474.21	12.7696259739	 1
9479.09	12.7520032737	 1
9483.96	12.7571187697	 1
9488.84	12.7657593908	 1
9493.72	12.7752644322	 1
9498.6	12.7869112214	 1
9503.48	12.7953727963	 1
9508.36	12.7991851912	 1
9513.24	12.7948468786	 1
9518.11	12.8094002898	 1
9522.99	12.8161084324	 1
9527.87	12.8168237882	 1
9532.75	12.8276867466	 1
9537.63	12.8236273172	 1
9542.51	12.8376597669	 1
9547.38	12.8266006765	 1
9552.26	12.8260926727	 1
9557.14	12.8259542819	 1
9562.02	12.82344534	 1
9566.9	12.7974934888	 1
9571.77	12.8086482714	 1
9576.65	12.7881059829	 1
9581.53	12.7880611315	 1
9586.41	12.7731669749	 1
9591.29	12.7880121011	 1
9596.16	12.7812220374	 1
9601.04	12.7868703649	 1
9605.92	12.7852165874	 1
9610.8	12.7878279731	 1
9615.67	12.7927576301	 1
9620.55	12.7786395306	 1
9625.43	12.780882483	 1
9630.31	12.7671758101	 1
9635.18	12.7725648965	 1
9640.06	12.7711680499	 1
9644.94	12.7859405132	 1
9649.82	12.7896430691	 1
9654.69	12.783239825	 1
9659.57	12.7774249585	 1
9664.45	12.7784317342	 1
9669.33	12.7795275363	 1
9674.2	12.7825288698	 1
9679.08	12.7770859022	 1
9683.96	12.7857135551	 1
9688.83	12.7974549836	 1
9693.71	12.7885750306	 1
9698.59	12.7802243111	 1
9703.46	12.7870031367	 1
9708.34	12.7944043491	 1
9713.22	12.8155197763	 1
9718.09	12.7988490102	 1
9722.97	12.7952452563	 1
9727.85	12.7869198146	 1
9732.72	12.7902402567	 1
9737.6	12.775349729	 1
9742.48	12.7767127094	 1
9747.35	12.7870772913	 1
9752.23	12.7804529447	 1
9757.11	12.7841887823	 1
9761.98	12.7852402014	 1
9766.86	12.7953549972	 1
9771.73	12.7983490185	 1
9776.61	12.7944871718	 1
9781.49	12.7980495302	 1
9786.36	12.8019749682	 1
9791.24	12.7984996044	 1
9796.12	12.8003653039	 1
9800.99	12.7896288643	 1
9805.87	12.7848908912	 1
9810.74	12.7960174778	 1
9815.62	12.7986234393	 1
9820.5	12.7982650767	 1
9825.37	12.807089814	 1
9830.25	12.8213521486	 1
9835.12	12.8180256647	 1
9840.0	12.8101078235	 1
9844.87	12.809020545	 1
9849.75	12.7972358575	 1
9854.62	12.797918701	 1
9859.5	12.8139684991	 1
9864.38	12.8142145652	 1
9869.25	12.8110202833	 1
9874.12	12.8153150541	 1
9879.0	12.8208106808	 1
9883.88	12.8064082333	 1
9888.75	12.8248432164	 1
9893.63	12.8188136933	 1
9898.5	12.8269976357	 1
9903.38	12.8346472166	 1
9908.25	12.8226709675	 1
9913.13	12.835508283	 1
9918.0	12.817641157	 1
9922.88	12.8243782795	 1
9927.75	12.8345920488	 1
9932.62	12.8355612987	 1
9937.5	12.8180233849	 1
9942.37	12.8198263026	 1
9947.25	12.8303176748	 1
9952.12	12.8327768752	 1
9957.0	12.8272280801	 1
9961.87	12.8378911461	 1
9966.75	12.8359907875	 1
9971.62	12.8369828776	 1
9976.5	12.8453157606	 1
9981.37	12.8491897964	 1
9986.24	12.8518216209	 1
9991.12	12.8532651656	 1
9995.99	12.8689358233	 1
10000.9	12.8683312447	 1
10005.7	12.8579936457	 1
10010.6	12.8594312278	 1
10015.5	12.8714238629	 1
10020.4	12.8791674884	 1
10025.2	12.9021340373	 1
10030.1	12.9057549853	 1
10035.0	12.9193945064	 1
10039.9	12.9224336157	 1
10044.7	12.9305374786	 1
10049.6	12.9307950022	 1
10054.5	12.9285694662	 1
10059.3	12.8940932455	 1
10064.2	12.9160284155	 1
10069.1	12.9008455449	 1
10074.0	12.9074177867	 1
10078.8	12.8881203184	 1
10083.7	12.869545438	 1
10088.6	12.8750343749	 1
10093.5	12.8632419335	 1
10098.3	12.89006408	 1
10103.2	12.8790834243	 1
10108.1	12.8818312828	 1
10113.0	12.8865560319	 1
10117.8	12.8854674013	 1
10122.7	12.882075462	 1
10127.6	12.907275666	 1
10132.4	12.9098828977	 1
10137.3	12.8898336079	 1
10142.2	12.8677639566	 1
10147.1	12.8864307028	 1
10151.9	12.8779574701	 1
10156.8	12.8381345675	 1
10161.7	12.8381126374	 1
10166.6	12.8606056026	 1
10171.4	12.8723654348	 1
10176.3	12.849980449	 1
10181.2	12.8532038529	 1
10186.0	12.8637427655	 1
10190.9	12.821420415	 1
10195.8	12.8748917098	 1
10200.7	12.8459918957	 1
10205.5	12.8427758068	 1
10210.4	12.8544346195	 1
10215.3	12.8378339827	 1
10220.1	12.8624730228	 1
10225.0	12.8735073958	 1
10229.9	12.8702935375	 1
10234.8	12.8487475993	 1
10239.6	12.8844055415	 1
10244.5	12.8946230379	 1
