3050.0	13.7646381499	 1
3054.0	13.761792183	 1
3058.0	13.7581834196	 1
3062.0	13.7552557979	 1
3066.0	13.7523348586	 1
3070.0	13.7494146529	 1
3074.0	13.7465011098	 1
3078.0	13.7435912503	 1
3082.0	13.7406820964	 1
3086.0	13.7377795758	 1
3090.0	13.7348777422	 1
3094.0	13.7319825225	 1
3098.0	13.729090939	 1
3102.0	13.726200015	 1
3106.0	13.7233156761	 1
3110.0	13.7204319785	 1
3114.0	13.7175548471	 1
3118.0	13.7146813053	 1
3122.0	13.7118054119	 1
3126.0	13.7089390225	 1
3130.0	13.7060761955	 1
3134.0	13.7032139563	 1
3138.0	13.7003582268	 1
3142.0	13.6975030675	 1
3146.0	13.6946543996	 1
3150.0	13.6918092489	 1
3154.0	13.6889646423	 1
3158.0	13.6861264995	 1
3162.0	13.6832918474	 1
3166.0	13.6804577135	 1
3170.0	13.6776300163	 1
3174.0	13.6748028203	 1
3178.0	13.6719790804	 1
3182.0	13.6691617504	 1
3186.0	13.6663448963	 1
3190.0	13.6635344343	 1
3194.0	13.6607273934	 1
3198.0	13.6579208033	 1
3202.0	13.6551205791	 1
3206.0	13.6523207892	 1
3210.0	13.6495273477	 1
3214.0	13.6467372848	 1
3218.0	13.6439476317	 1
3222.0	13.6411643011	 1
3226.0	13.6383813642	 1
3230.0	13.6353531859	 1
3234.0	13.6330149414	 1
3238.0	13.6297093788	 1
3242.0	13.6267919111	 1
3246.0	13.6245374117	 1
3250.0	13.6219578698	 1
3254.0	13.6190443164	 1
3258.0	13.6161400138	 1
3262.0	13.6128487685	 1
3266.0	13.6099216389	 1
3270.0	13.607671688	 1
3274.0	13.6061292621	 1
3278.0	13.6042476231	 1
3282.0	13.6014454957	 1
3286.0	13.5988509242	 1
3290.0	13.595398144	 1
3294.0	13.5919550928	 1
3298.0	13.5893759924	 1
3302.0	13.5867054637	 1
3306.0	13.5840292525	 1
3310.0	13.5813473522	 1
3314.0	13.5785740227	 1
3318.0	13.5748997745	 1
3322.0	13.5712267555	 1
3326.0	13.5688202251	 1
3330.0	13.5667091229	 1
3334.0	13.5649824848	 1
3338.0	13.5626713646	 1
3342.0	13.5596275505	 1
3346.0	13.5567701404	 1
3350.0	13.5539365669	 1
3354.0	13.5509703412	 1
3358.0	13.5492770001	 1
3362.0	13.5470731034	 1
3366.0	13.5448221547	 1
3370.0	13.5425773308	 1
3374.0	13.5403327108	 1
3378.0	13.538094203	 1
3382.0	13.535858843	 1
3386.0	13.5336236626	 1
3390.0	13.5313945758	 1
3394.0	13.5291656527	 1
3398.0	13.5269428108	 1
3402.0	13.5247201166	 1
3406.0	13.5225034915	 1
3410.0	13.5202899646	 1
3414.0	13.5180795292	 1
3418.0	13.51586921	 1
3422.0	13.5136619665	 1
3426.0	13.5114607619	 1
3430.0	13.509262621	 1
3434.0	13.5070675372	 1
3438.0	13.5048725307	 1
3442.0	13.5026805657	 1
3446.0	13.5004946101	 1
3450.0	13.4983116844	 1
3454.0	13.4961317818	 1
3458.0	13.4939519183	 1
3462.0	13.4917750627	 1
3466.0	13.4896041876	 1
3470.0	13.487436309	 1
3474.0	13.4852714204	 1
3478.0	13.4831065331	 1
3482.0	13.4809446208	 1
3486.0	13.4787886606	 1
3490.0	13.4766356643	 1
3494.0	13.4744856251	 1
3498.0	13.4723325636	 1
3502.0	13.4701734803	 1
3506.0	13.4678440144	 1
3510.0	13.4658670831	 1
3514.0	13.4638902107	 1
3518.0	13.4614616905	 1
3522.0	13.4592423682	 1
3526.0	13.4569241765	 1
3530.0	13.4549499677	 1
3534.0	13.4527482126	 1
3538.0	13.4509446592	 1
3542.0	13.4486348204	 1
3546.0	13.4465165647	 1
3550.0	13.4439875397	 1
3554.0	13.4410388453	 1
3558.0	13.4385063859	 1
3562.0	13.4359377455	 1
3566.0	13.4334527114	 1
3570.0	13.4312219807	 1
3574.0	13.4289011491	 1
3578.0	13.4267658097	 1
3582.0	13.4248700638	 1
3586.0	13.4229143024	 1
3590.0	13.4207094415	 1
3594.0	13.4185793285	 1
3598.0	13.4159358847	 1
3602.0	13.413568136	 1
3606.0	13.4112060672	 1
3610.0	13.4090837173	 1
3614.0	13.4070571645	 1
3618.0	13.4051865667	 1
3622.0	13.403225736	 1
3626.0	13.4012256501	 1
3630.0	13.3994208052	 1
3634.0	13.3978476243	 1
3638.0	13.396295763	 1
3642.0	13.3948376044	 1
3646.0	13.3930932562	 1
3650.0	13.3868218801	 1
3654.0	13.3889834651	 1
3658.0	13.4114013247	 1
3662.0	13.4325136388	 1
3666.0	13.4499558284	 1
3670.0	13.4794449957	 1
3674.0	13.4943162228	 1
3678.0	13.4978019525	 1
3682.0	13.4953926438	 1
3686.0	13.480503172	 1
3690.0	13.4830480209	 1
3694.0	13.51130883	 1
3698.0	13.5423265153	 1
3702.0	13.5406125117	 1
3706.0	13.5169250789	 1
3710.0	13.4983119875	 1
3714.0	13.4997543502	 1
3718.0	13.5124800865	 1
3722.0	13.5362356587	 1
3726.0	13.562784918	 1
3730.0	13.5688908514	 1
3734.0	13.5599260312	 1
3738.0	13.5598109274	 1
3742.0	13.5769482793	 1
3746.0	13.569713823	 1
3750.0	13.5166513706	 1
3754.0	13.4619614685	 1
3758.0	13.4685662196	 1
3762.0	13.5089685354	 1
3766.0	13.5257486832	 1
3770.0	13.4736076274	 1
3774.0	13.3678224602	 1
3778.0	13.2955494121	 1
3782.0	13.3112404618	 1
3786.0	13.4159587773	 1
3790.0	13.5394012472	 1
3794.0	13.5800051658	 1
3798.0	13.5026110648	 1
3802.0	13.3832697892	 1
3806.0	13.2992156996	 1
3810.0	13.2765042226	 1
3814.0	13.3065813905	 1
3818.0	13.3674528814	 1
3822.0	13.4899857784	 1
3826.0	13.6676315396	 1
3830.0	13.8068502669	 1
3834.0	13.8020952023	 1
3838.0	13.648651017	 1
3842.0	13.4598688634	 1
3846.0	13.3380422033	 1
3850.0	13.273536931	 1
3854.0	13.239684271	 1
3858.0	13.2218022181	 1
3862.0	13.2258259528	 1
3866.0	13.2414923359	 1
3870.0	13.2696105013	 1
3874.0	13.329106361	 1
3878.0	13.4434351507	 1
3882.0	13.5875363455	 1
3886.0	13.6896767997	 1
3890.0	13.6837801055	 1
3894.0	13.5816386666	 1
3898.0	13.4625386996	 1
3902.0	13.3833731249	 1
3906.0	13.3323502771	 1
3910.0	13.3080409501	 1
3914.0	13.3075271026	 1
3918.0	13.3357615288	 1
3922.0	13.4465782391	 1
3926.0	13.659363534	 1
3930.0	13.9028790133	 1
3934.0	13.9617053484	 1
3938.0	13.7908270636	 1
3942.0	13.5705349914	 1
3946.0	13.4358977841	 1
3950.0	13.3894135304	 1
3954.0	13.4173591867	 1
3958.0	13.5266436795	 1
3962.0	13.740393651	 1
3966.0	13.9548660323	 1
3970.0	13.9998649811	 1
3974.0	13.8276606161	 1
3978.0	13.5864119028	 1
3982.0	13.4157400216	 1
3986.0	13.3344576294	 1
3990.0	13.2976309227	 1
3994.0	13.266760252	 1
3998.0	13.248585513	 1
4002.0	13.2464721417	 1
4006.0	13.2396613733	 1
4010.0	13.2355573483	 1
4014.0	13.2360151975	 1
4018.0	13.2358399051	 1
4022.0	13.234604105	 1
4026.0	13.2324328957	 1
4030.0	13.2306064488	 1
4034.0	13.2288327069	 1
4038.0	13.227942687	 1
4042.0	13.2275787782	 1
4046.0	13.226730345	 1
4050.0	13.2242831971	 1
4054.0	13.2279540311	 1
4058.0	13.2411231789	 1
4062.0	13.2536998116	 1
4066.0	13.2471079922	 1
4070.0	13.2517915153	 1
4074.0	13.2801912625	 1
4078.0	13.2975657457	 1
4082.0	13.2988785516	 1
4086.0	13.3044333943	 1
4090.0	13.3433837799	 1
4094.0	13.4350939852	 1
4098.0	13.5484884997	 1
4102.0	13.6217369574	 1
4106.0	13.601358324	 1
4110.0	13.4931749902	 1
4114.0	13.3842327939	 1
4118.0	13.3226789179	 1
4122.0	13.2868259897	 1
4126.0	13.2722169006	 1
4130.0	13.261251722	 1
4134.0	13.239285829	 1
4138.0	13.2177383651	 1
4142.0	13.2000970666	 1
4146.0	13.1903541433	 1
4150.0	13.1936711932	 1
4154.0	13.1938095384	 1
4158.0	13.1907111134	 1
4162.0	13.1897381886	 1
4166.0	13.1884823332	 1
4170.0	13.1873270429	 1
4174.0	13.1862346642	 1
4178.0	13.185668569	 1
4182.0	13.185191771	 1
4186.0	13.1842796754	 1
4190.0	13.183443058	 1
4194.0	13.1826755892	 1
4198.0	13.1816055571	 1
4202.0	13.18012674	 1
4206.0	13.178969833	 1
4210.0	13.1784128131	 1
4214.0	13.1774303184	 1
4218.0	13.1766625053	 1
4222.0	13.1763850557	 1
4226.0	13.1754755668	 1
4230.0	13.1742406259	 1
4234.0	13.1734567137	 1
4238.0	13.1730754841	 1
4242.0	13.172658765	 1
4246.0	13.1715657333	 1
4250.0	13.1706323949	 1
4254.0	13.1693044273	 1
4258.0	13.1680577608	 1
4262.0	13.1668604402	 1
4266.0	13.1661222455	 1
4270.0	13.1653740981	 1
4274.0	13.1616063938	 1
4278.0	13.1561077152	 1
4282.0	13.1552239489	 1
4286.0	13.1646263334	 1
4290.0	13.1837615021	 1
4294.0	13.2062556524	 1
4298.0	13.2280036213	 1
4302.0	13.2473103114	 1
4306.0	13.2595802686	 1
4310.0	13.2587079096	 1
4314.0	13.2421667235	 1
4318.0	13.2250502825	 1
4322.0	13.2219131797	 1
4326.0	13.2324307632	 1
4330.0	13.2665388295	 1
4334.0	13.3376562551	 1
4338.0	13.439678234	 1
4342.0	13.507961816	 1
4346.0	13.4931069817	 1
4350.0	13.4042515766	 1
4354.0	13.2972285363	 1
4358.0	13.2217078152	 1
4362.0	13.1762092303	 1
4366.0	13.1436891519	 1
4370.0	13.1254285707	 1
4374.0	13.1234831768	 1
4378.0	13.1315152874	 1
4382.0	13.139048236	 1
4386.0	13.1395741395	 1
4390.0	13.1366301966	 1
4394.0	13.135317422	 1
4398.0	13.1339584555	 1
4402.0	13.1331732042	 1
4406.0	13.1325480051	 1
4410.0	13.1312256822	 1
4414.0	13.1308217896	 1
4418.0	13.1303628287	 1
4422.0	13.1300888138	 1
4426.0	13.1307229342	 1
4430.0	13.1314945316	 1
4434.0	13.1316960718	 1
4438.0	13.1320372113	 1
4442.0	13.1315964889	 1
4446.0	13.1321925975	 1
4450.0	13.1325101382	 1
4454.0	13.1326606511	 1
4458.0	13.1321749537	 1
4462.0	13.1316255149	 1
4466.0	13.1312716252	 1
4470.0	13.1305764409	 1
4474.0	13.1297988988	 1
4478.0	13.1292848121	 1
4482.0	13.1283384926	 1
4486.0	13.1270838278	 1
4490.0	13.1262390881	 1
4494.0	13.125809084	 1
4498.0	13.1257596412	 1
4502.0	13.1249137937	 1
4506.0	13.1244196077	 1
4510.0	13.1244370123	 1
4514.0	13.1241600221	 1
4518.0	13.1240282178	 1
4522.0	13.1236403983	 1
4526.0	13.1230244584	 1
4530.0	13.1224008962	 1
4534.0	13.1212575312	 1
4538.0	13.1198366295	 1
4542.0	13.1191630019	 1
4546.0	13.1185616625	 1
4550.0	13.1171945631	 1
4554.0	13.1157638019	 1
4558.0	13.1150462419	 1
4562.0	13.1144924001	 1
4566.0	13.1134189333	 1
4570.0	13.113116451	 1
4574.0	13.1133315058	 1
4578.0	13.1128908701	 1
4582.0	13.1118212988	 1
4586.0	13.1111256919	 1
4590.0	13.1110043413	 1
4594.0	13.1105035665	 1
4598.0	13.1104239611	 1
4602.0	13.1105786763	 1
4606.0	13.1104011916	 1
4610.0	13.1098787749	 1
4614.0	13.1098619742	 1
4618.0	13.1100960815	 1
4622.0	13.1097084962	 1
4626.0	13.1094068507	 1
4630.0	13.1090005332	 1
4634.0	13.1077508115	 1
4638.0	13.1065218113	 1
4642.0	13.105868843	 1
4646.0	13.1052902438	 1
4650.0	13.1042108296	 1
4654.0	13.1033104617	 1
4658.0	13.1024615284	 1
4662.0	13.1016717074	 1
4666.0	13.10016388	 1
4670.0	13.0991332808	 1
4674.0	13.0981351315	 1
4678.0	13.0970182782	 1
4682.0	13.0957749066	 1
4686.0	13.0957035401	 1
4690.0	13.0949538168	 1
4694.0	13.0946168834	 1
4698.0	13.094291248	 1
4702.0	13.094906629	 1
4706.0	13.0958272223	 1
4710.0	13.0961436177	 1
4714.0	13.0964467064	 1
4718.0	13.0961560599	 1
4722.0	13.0958076317	 1
4726.0	13.0951084152	 1
4730.0	13.0949132929	 1
4734.0	13.0950892778	 1
4738.0	13.0946009495	 1
4742.0	13.0929116571	 1
4746.0	13.0923197852	 1
4750.0	13.0919558575	 1
4754.0	13.0916381831	 1
4758.0	13.09097408	 1
4762.0	13.0904646025	 1
4766.0	13.0904807735	 1
4770.0	13.0896228822	 1
4774.0	13.088825985	 1
4778.0	13.0889393511	 1
4782.0	13.0887091234	 1
4786.0	13.088483523	 1
4790.0	13.0884442169	 1
4794.0	13.0889049438	 1
4798.0	13.0870134891	 1
4802.0	13.0825730303	 1
4806.0	13.0853089975	 1
4810.0	13.0868556748	 1
4814.0	13.0863243388	 1
4818.0	13.0911539284	 1
4822.0	13.0946161384	 1
4826.0	13.0954117161	 1
4830.0	13.1006392301	 1
4834.0	13.1158405128	 1
4838.0	13.1286386578	 1
4842.0	13.1404338504	 1
4846.0	13.1657090706	 1
4850.0	13.2227880048	 1
4854.0	13.3105957602	 1
4858.0	13.4074868524	 1
4862.0	13.4740154278	 1
4866.0	13.4700665099	 1
4870.0	13.397271364	 1
4874.0	13.3039859184	 1
4878.0	13.240272481	 1
4882.0	13.2096691402	 1
4886.0	13.1898985531	 1
4890.0	13.1607865331	 1
4894.0	13.1307212731	 1
4898.0	13.1134975405	 1
4902.0	13.1052894841	 1
4906.0	13.0924524414	 1
4910.0	13.0879377954	 1
4914.0	13.0938755295	 1
4918.0	13.1011658521	 1
4922.0	13.1044438737	 1
4926.0	13.1063613083	 1
4930.0	13.1018198528	 1
4934.0	13.084675468	 1
4938.0	13.071867316	 1
4942.0	13.0682071571	 1
4946.0	13.0693692578	 1
4950.0	13.0693285338	 1
4954.0	13.0684446579	 1
4958.0	13.0675405789	 1
4962.0	13.0667539752	 1
4966.0	13.0665978659	 1
4970.0	13.0664040236	 1
4974.0	13.065952126	 1
4978.0	13.0657942982	 1
4982.0	13.0656818534	 1
4986.0	13.0652645855	 1
4990.0	13.0647459442	 1
4994.0	13.0645310894	 1
4998.0	13.0645584696	 1
5002.0	13.0642084446	 1
5006.0	13.063693642	 1
5010.0	13.0633539339	 1
5014.0	13.0627943499	 1
5018.0	13.0624059381	 1
5022.0	13.0618476226	 1
5026.0	13.061752296	 1
5030.0	13.0610263995	 1
5034.0	13.0601250697	 1
5038.0	13.0592426764	 1
5042.0	13.0590490677	 1
5046.0	13.0582476461	 1
5050.0	13.0580474769	 1
5054.0	13.0574125105	 1
5058.0	13.0568225757	 1
5062.0	13.0562692787	 1
5066.0	13.0558338264	 1
5070.0	13.0562690971	 1
5074.0	13.0559774313	 1
5078.0	13.0552431069	 1
5082.0	13.0555239674	 1
5086.0	13.0552163033	 1
5090.0	13.0544598297	 1
5094.0	13.0544983592	 1
5098.0	13.0544374227	 1
5102.0	13.0543586972	 1
5106.0	13.0540326351	 1
5110.0	13.0533326239	 1
5114.0	13.053415787	 1
5118.0	13.052946916	 1
5122.0	13.0521502255	 1
5126.0	13.0517473686	 1
5130.0	13.0511207348	 1
5134.0	13.0501475451	 1
5138.0	13.049359444	 1
5142.0	13.0481410511	 1
5146.0	13.0470814472	 1
5150.0	13.0463689204	 1
5154.0	13.0455447889	 1
5158.0	13.0449416623	 1
5162.0	13.044441781	 1
5166.0	13.0440191318	 1
5170.0	13.0439113834	 1
5174.0	13.0437984104	 1
5178.0	13.0435831724	 1
5182.0	13.0433049785	 1
5186.0	13.0426453594	 1
5190.0	13.041806649	 1
5194.0	13.0413904074	 1
5198.0	13.041278374	 1
5202.0	13.0414985015	 1
5206.0	13.0417855036	 1
5210.0	13.0418811977	 1
5214.0	13.0423114372	 1
5218.0	13.0423980846	 1
5222.0	13.0426725324	 1
5226.0	13.0426420437	 1
5230.0	13.0422782718	 1
5234.0	13.0412428044	 1
5238.0	13.0403799017	 1
5242.0	13.0394423181	 1
5246.0	13.0388578972	 1
5250.0	13.0383434589	 1
5254.0	13.0378450276	 1
5258.0	13.0375886972	 1
5262.0	13.0371136066	 1
5266.0	13.036613859	 1
5270.0	13.0359941198	 1
5274.0	13.0352767375	 1
5278.0	13.0344659978	 1
5282.0	13.0335935019	 1
5286.0	13.0323179874	 1
5290.0	13.0316627044	 1
5294.0	13.0313786527	 1
5298.0	13.0308237842	 1
5302.0	13.0308285049	 1
5306.0	13.0308415293	 1
5310.0	13.0311149707	 1
5314.0	13.0313333152	 1
5318.0	13.0316158562	 1
5322.0	13.0321749216	 1
5326.0	13.0328227832	 1
5330.0	13.0329445081	 1
5334.0	13.0332185792	 1
5338.0	13.0331583578	 1
5342.0	13.0329993745	 1
5346.0	13.0330576865	 1
5350.0	13.0331524625	 1
5354.0	13.0330364073	 1
5358.0	13.0329143084	 1
5362.0	13.0327065512	 1
5366.0	13.0324034182	 1
5370.0	13.0319482518	 1
5374.0	13.0319841082	 1
5378.0	13.0322778423	 1
5382.0	13.0319303204	 1
5386.0	13.0312788429	 1
5390.0	13.0305444414	 1
5394.0	13.0298402929	 1
5398.0	13.029738783	 1
5402.0	13.0301002185	 1
5406.0	13.0304046986	 1
5410.0	13.0298769269	 1
5414.0	13.0293466569	 1
5418.0	13.02867578	 1
5422.0	13.0285074006	 1
5426.0	13.0288626112	 1
5430.0	13.0293756685	 1
5434.0	13.0293618969	 1
5438.0	13.0282913844	 1
5442.0	13.0273854281	 1
5446.0	13.0274850016	 1
5450.0	13.0276172766	 1
5454.0	13.0273148514	 1
5458.0	13.0270440794	 1
5462.0	13.027148117	 1
5466.0	13.0265882553	 1
5470.0	13.0264905848	 1
5474.0	13.0265853045	 1
5478.0	13.0269850753	 1
5482.0	13.0266303494	 1
5486.0	13.02657048	 1
5490.0	13.0268115823	 1
5494.0	13.0274334098	 1
5498.0	13.0270518431	 1
5502.0	13.0268933329	 1
5506.0	13.0266543866	 1
5510.0	13.0266050045	 1
5514.0	13.026421106	 1
5518.0	13.0267478301	 1
5522.0	13.0272222675	 1
5526.0	13.0271624225	 1
5530.0	13.0268532357	 1
5534.0	13.0266111088	 1
5538.0	13.0261831157	 1
5542.0	13.0261848445	 1
5546.0	13.0259958594	 1
5550.0	13.0256054602	 1
5554.0	13.0258061725	 1
5558.0	13.0259509046	 1
5562.0	13.0260193571	 1
5566.0	13.0262568379	 1
5570.0	13.0260766233	 1
5574.0	13.026341738	 1
5578.0	13.0255184791	 1
5582.0	13.0251702949	 1
5586.0	13.0254955693	 1
5590.0	13.0254461308	 1
5594.0	13.024893944	 1
5598.0	13.0245463296	 1
5602.0	13.0243177677	 1
5606.0	13.0245488876	 1
5610.0	13.0242703969	 1
5614.0	13.0242541359	 1
5618.0	13.0237517717	 1
5622.0	13.0226038351	 1
5626.0	13.0215183473	 1
5630.0	13.0209343234	 1
5634.0	13.0206844118	 1
5638.0	13.0207339701	 1
5642.0	13.0213612262	 1
5646.0	13.0213003594	 1
5650.0	13.0210317644	 1
5654.0	13.0215948543	 1
5658.0	13.0219360084	 1
5662.0	13.0223125157	 1
5666.0	13.0221394808	 1
5670.0	13.0222906105	 1
5674.0	13.0221910427	 1
5678.0	13.0211124774	 1
5682.0	13.0207263869	 1
5686.0	13.0212953635	 1
5690.0	13.0207219313	 1
5694.0	13.0198947622	 1
5698.0	13.0193301491	 1
5702.0	13.0185845638	 1
5706.0	13.0180288588	 1
5710.0	13.0173965702	 1
5714.0	13.0173267186	 1
5718.0	13.0177532982	 1
5722.0	13.0173169082	 1
5726.0	13.0174246654	 1
5730.0	13.018205594	 1
5734.0	13.0179621988	 1
5738.0	13.0177530748	 1
5742.0	13.0175412834	 1
5746.0	13.0171784215	 1
5750.0	13.0171839201	 1
5754.0	13.0172191613	 1
5758.0	13.0175450635	 1
5762.0	13.0175072663	 1
5766.0	13.0172376825	 1
5770.0	13.0174995898	 1
5774.0	13.0180063718	 1
5778.0	13.018222898	 1
5782.0	13.017852435	 1
5786.0	13.0178120991	 1
5790.0	13.0175271547	 1
5794.0	13.0170668077	 1
5798.0	13.0171586819	 1
5802.0	13.0169513796	 1
5806.0	13.0163032596	 1
5810.0	13.0160464422	 1
5814.0	13.0158083242	 1
5818.0	13.0163487058	 1
5822.0	13.016556776	 1
5826.0	13.0165888464	 1
5830.0	13.0170330901	 1
5834.0	13.0169682935	 1
5838.0	13.016846234	 1
5842.0	13.0168802377	 1
5846.0	13.0168296556	 1
5850.0	13.0166886533	 1
5854.0	13.0161381331	 1
5858.0	13.0154354503	 1
5862.0	13.0154224169	 1
5866.0	13.014866655	 1
5870.0	13.0151348498	 1
5874.0	13.015782899	 1
5878.0	13.0164693813	 1
5882.0	13.0161954239	 1
5886.0	13.0163348861	 1
5890.0	13.0162830197	 1
5894.0	13.0167522303	 1
5898.0	13.0171980089	 1
5902.0	13.0177376788	 1
5906.0	13.0182148344	 1
5910.0	13.0182755356	 1
5914.0	13.0183618715	 1
5918.0	13.0194085692	 1
5922.0	13.0202814474	 1
5926.0	13.0202160532	 1
5930.0	13.0208271409	 1
5934.0	13.0206491508	 1
5938.0	13.0203658267	 1
5942.0	13.0205053222	 1
5946.0	13.019561422	 1
5950.0	13.0194725322	 1
5954.0	13.0197798205	 1
5958.0	13.0195426885	 1
5962.0	13.0191707294	 1
5966.0	13.0188122764	 1
5970.0	13.0185418207	 1
5974.0	13.0184284582	 1
5978.0	13.019064408	 1
5982.0	13.0194636018	 1
5986.0	13.0201840686	 1
5990.0	13.0204592236	 1
5994.0	13.0204141613	 1
5998.0	13.0203718852	 1
6002.0	13.0203381975	 1
6006.0	13.0203131244	 1
6010.0	13.0202792506	 1
6014.0	13.0202539983	 1
6018.0	13.020231565	 1
6022.0	13.0202119542	 1
6026.0	13.0201951695	 1
6030.0	13.0201812147	 1
6034.0	13.0201700932	 1
6038.0	13.0201559414	 1
6042.0	13.0201563654	 1
6046.0	13.0201478834	 1
6050.0	13.0201481249	 1
6054.0	13.0201571171	 1
6058.0	13.020157168	 1
6062.0	13.0201659771	 1
6066.0	13.0201776497	 1
6070.0	13.0201921897	 1
6074.0	13.0202096009	 1
6078.0	13.0202298873	 1
6082.0	13.0202530528	 1
6086.0	13.0202731395	 1
6090.0	13.0203080368	 1
6094.0	13.0203398634	 1
6098.0	13.0203685991	 1
6102.0	13.0211377147	 1
6106.0	13.0226456816	 1
6110.0	13.0241625139	 1
6114.0	13.0256640664	 1
6118.0	13.0264955867	 1
6122.0	13.0270716555	 1
6126.0	13.0276462435	 1
6130.0	13.028231515	 1
6134.0	13.0288214118	 1
6138.0	13.0294098313	 1
6142.0	13.0300090053	 1
6146.0	13.0306128424	 1
6150.0	13.0312152059	 1
6154.0	13.0318283961	 1
6158.0	13.0324401153	 1
6162.0	13.03306271	 1
6166.0	13.0336838366	 1
6170.0	13.0343158879	 1
6174.0	13.034952693	 1
6178.0	13.0355880345	 1
6182.0	13.0362343756	 1
6186.0	13.0368855106	 1
6190.0	13.0375351871	 1
6194.0	13.038195939	 1
6198.0	13.0388615257	 1
6202.0	13.0395319612	 1
6206.0	13.0402009453	 1
6210.0	13.040881108	 1
6214.0	13.041559823	 1
6218.0	13.0422434186	 1
6222.0	13.0429382714	 1
6226.0	13.0436380577	 1
6230.0	13.0443364045	 1
6234.0	13.0450460887	 1
6238.0	13.0457607498	 1
6242.0	13.0464804026	 1
6246.0	13.047198625	 1
6250.0	13.0479282933	 1
6254.0	13.0481267635	 1
6258.0	13.0477981574	 1
6262.0	13.0474779457	 1
6266.0	13.0471531921	 1
6270.0	13.0468303631	 1
6274.0	13.0465159501	 1
6278.0	13.0461969791	 1
6282.0	13.0458799353	 1
6286.0	13.0455713296	 1
6290.0	13.0453233155	 1
6294.0	13.0457233925	 1
6298.0	13.046290739	 1
6302.0	13.04686901	 1
6306.0	13.0473138787	 1
6310.0	13.0477232486	 1
6314.0	13.0481298513	 1
6318.0	13.0486787495	 1
6322.0	13.049443379	 1
6326.0	13.0502064786	 1
6330.0	13.0507889125	 1
6334.0	13.0512096224	 1
6338.0	13.0514212168	 1
6342.0	13.0515227104	 1
6346.0	13.0516270649	 1
6350.0	13.0517276036	 1
6354.0	13.0518376837	 1
6358.0	13.0519439386	 1
6362.0	13.0520597619	 1
6366.0	13.0521717505	 1
6370.0	13.0522866079	 1
6374.0	13.0524043387	 1
6378.0	13.0525316921	 1
6382.0	13.052655192	 1
6386.0	13.0527815785	 1
6390.0	13.0531885771	 1
6394.0	13.0539725781	 1
6398.0	13.0548432861	 1
6402.0	13.0556921639	 1
6406.0	13.0563824829	 1
6410.0	13.0565782005	 1
6414.0	13.0567290472	 1
6418.0	13.0568896862	 1
6422.0	13.057046417	 1
6426.0	13.0572129689	 1
6430.0	13.0573756031	 1
6434.0	13.0575480873	 1
6438.0	13.0577166444	 1
6442.0	13.0578743353	 1
6446.0	13.0586652823	 1
6450.0	13.0594612872	 1
6454.0	13.0601997626	 1
6458.0	13.061026715	 1
6462.0	13.0618937742	 1
6466.0	13.0625352666	 1
6470.0	13.0638964262	 1
6474.0	13.0652581356	 1
6478.0	13.0665992277	 1
6482.0	13.0679336582	 1
6486.0	13.0692755216	 1
6490.0	13.0706177484	 1
6494.0	13.0719745555	 1
6498.0	13.0733531649	 1
6502.0	13.0749032624	 1
6506.0	13.0772722242	 1
6510.0	13.0816847605	 1
6514.0	13.0862223182	 1
6518.0	13.0910845407	 1
6522.0	13.1000554986	 1
6526.0	13.1076272015	 1
6530.0	13.1125066926	 1
6534.0	13.1263874803	 1
6538.0	13.1472419873	 1
6542.0	13.1726154594	 1
6546.0	13.2122518778	 1
6550.0	13.2812448103	 1
6554.0	13.3598385238	 1
6558.0	13.4188047977	 1
6562.0	13.4328077598	 1
6566.0	13.4070745453	 1
6570.0	13.3398215056	 1
6574.0	13.2530437016	 1
6578.0	13.1955050882	 1
6582.0	13.1627391649	 1
6586.0	13.1455982511	 1
6590.0	13.1353096636	 1
6594.0	13.1233493905	 1
6598.0	13.1157656986	 1
6602.0	13.1153888726	 1
6606.0	13.1113630526	 1
6610.0	13.0966732807	 1
6614.0	13.0846007238	 1
6618.0	13.0833229763	 1
6622.0	13.0820706789	 1
6626.0	13.0809873089	 1
6630.0	13.0791979045	 1
6634.0	13.0781795721	 1
6638.0	13.0784857794	 1
6642.0	13.0794323658	 1
6646.0	13.0797759595	 1
6650.0	13.0794311106	 1
6654.0	13.0787569287	 1
6658.0	13.0773692302	 1
6662.0	13.075471097	 1
6666.0	13.0734388613	 1
6670.0	13.0707700602	 1
6674.0	13.0704288674	 1
6678.0	13.0698263106	 1
6682.0	13.0690220139	 1
6686.0	13.0699195948	 1
6690.0	13.0685756769	 1
6694.0	13.0675413626	 1
6698.0	13.0673672439	 1
6702.0	13.0662367615	 1
6706.0	13.0653937688	 1
6710.0	13.0648612759	 1
6714.0	13.0641865339	 1
6718.0	13.0636036329	 1
6722.0	13.0631127506	 1
6726.0	13.062668658	 1
6730.0	13.0623245071	 1
6734.0	13.0620578	 1
6738.0	13.0618687521	 1
6742.0	13.0617727981	 1
6746.0	13.0617245793	 1
6750.0	13.0616937787	 1
6754.0	13.0617491036	 1
6758.0	13.0618221259	 1
6762.0	13.0619282012	 1
6766.0	13.0621057395	 1
6770.0	13.0623166805	 1
6774.0	13.0625688348	 1
6778.0	13.06285468	 1
6782.0	13.063120444	 1
6786.0	13.0633428973	 1
6790.0	13.0635604654	 1
6794.0	13.0638272554	 1
6798.0	13.0641357256	 1
6802.0	13.0644705387	 1
6806.0	13.0647851963	 1
6810.0	13.0650018137	 1
6814.0	13.0650810371	 1
6818.0	13.0650769259	 1
6822.0	13.0650047936	 1
6826.0	13.0648644093	 1
6830.0	13.0647103086	 1
6834.0	13.0645189545	 1
6838.0	13.064282394	 1
6842.0	13.0640397174	 1
6846.0	13.0638458704	 1
6850.0	13.0636616913	 1
6854.0	13.0635108101	 1
6858.0	13.0634090794	 1
6862.0	13.0633014538	 1
6866.0	13.0632115913	 1
6870.0	13.0631395453	 1
6874.0	13.0630695469	 1
6878.0	13.0629936782	 1
6882.0	13.0629515589	 1
6886.0	13.0629671127	 1
6890.0	13.0630405382	 1
6894.0	13.0631720436	 1
6898.0	13.063353878	 1
6902.0	13.063562297	 1
6906.0	13.0638053927	 1
6910.0	13.0641713268	 1
6914.0	13.0645885074	 1
6918.0	13.0649929449	 1
6922.0	13.0653524156	 1
6926.0	13.0656425589	 1
6930.0	13.0658227647	 1
6934.0	13.0659975185	 1
6938.0	13.0661667925	 1
6942.0	13.0663224661	 1
6946.0	13.0664482741	 1
6950.0	13.0665846634	 1
6954.0	13.0667154211	 1
6958.0	13.0668242518	 1
6962.0	13.0669436437	 1
6966.0	13.0670654767	 1
6970.0	13.0672060839	 1
6974.0	13.0674064098	 1
6978.0	13.067650313	 1
6982.0	13.0678805783	 1
6986.0	13.0680971435	 1
6990.0	13.0683163872	 1
6994.0	13.0685547766	 1
6998.0	13.0688206266	 1
7002.0	13.0690727732	 1
7006.0	13.0692780919	 1
7010.0	13.0694363889	 1
7014.0	13.0696220546	 1
7018.0	13.0698766806	 1
7022.0	13.0702337863	 1
7026.0	13.0707021401	 1
7030.0	13.0712572474	 1
7034.0	13.0717826138	 1
7038.0	13.0722613577	 1
7042.0	13.0726848727	 1
7046.0	13.073019342	 1
7050.0	13.0732895727	 1
7054.0	13.073554173	 1
7058.0	13.073813113	 1
7062.0	13.0740663628	 1
7066.0	13.0743054462	 1
7070.0	13.0745641307	 1
7074.0	13.0748086121	 1
7078.0	13.0750812314	 1
7082.0	13.0754075785	 1
7086.0	13.0757198325	 1
7090.0	13.0759838578	 1
7094.0	13.0762506204	 1
7098.0	13.0765201251	 1
7102.0	13.076835139	 1
7106.0	13.0771958492	 1
7110.0	13.0775767152	 1
7114.0	13.077917687	 1
7118.0	13.0781927789	 1
7122.0	13.0784103248	 1
7126.0	13.0785873384	 1
7130.0	13.0787841053	 1
7134.0	13.0790525808	 1
7138.0	13.0793757339	 1
7142.0	13.0796757414	 1
7146.0	13.0799785513	 1
7150.0	13.0802406885	 1
7154.0	13.0804881029	 1
7158.0	13.0806858526	 1
7162.0	13.0808337377	 1
7166.0	13.080966527	 1
7170.0	13.0810754074	 1
7174.0	13.0812216204	 1
7178.0	13.0814140742	 1
7182.0	13.0816090173	 1
7186.0	13.0817976574	 1
7190.0	13.0819799643	 1
7194.0	13.0821735458	 1
7198.0	13.0824402541	 1
7202.0	13.0827980684	 1
7206.0	13.0831853786	 1
7210.0	13.0835845684	 1
7214.0	13.0839690348	 1
7218.0	13.0842675441	 1
7222.0	13.084524266	 1
7226.0	13.0848192956	 1
7230.0	13.085081333	 1
7234.0	13.0853817849	 1
7238.0	13.085765587	 1
7242.0	13.0861433975	 1
7246.0	13.0864882353	 1
7250.0	13.086817943	 1
7254.0	13.0871144349	 1
7258.0	13.0874046263	 1
7262.0	13.0876884852	 1
7266.0	13.0879659793	 1
7270.0	13.0882189635	 1
7274.0	13.0884836075	 1
7278.0	13.0888326026	 1
7282.0	13.0892844928	 1
7286.0	13.0897486436	 1
7290.0	13.0901703656	 1
7294.0	13.0905129188	 1
7298.0	13.0907302219	 1
7302.0	13.0908858912	 1
7306.0	13.0910438817	 1
7310.0	13.0911399274	 1
7314.0	13.0913024905	 1
7318.0	13.091577838	 1
7322.0	13.0918742421	 1
7326.0	13.0922010132	 1
7330.0	13.0925490289	 1
7334.0	13.0928072991	 1
7338.0	13.0930125288	 1
7342.0	13.0932201836	 1
7346.0	13.0933838118	 1
7350.0	13.093540453	 1
7354.0	13.0936900762	 1
7358.0	13.0938326505	 1
7362.0	13.0939214637	 1
7366.0	13.0939563223	 1
7370.0	13.0938902592	 1
7374.0	13.0937510546	 1
7378.0	13.0936228582	 1
7382.0	13.0935995351	 1
7386.0	13.0937565783	 1
7390.0	13.094047606	 1
7394.0	13.0944543122	 1
7398.0	13.094930014	 1
7402.0	13.095418313	 1
7406.0	13.0959003291	 1
7410.0	13.0964139451	 1
7414.0	13.0969213218	 1
7418.0	13.0974034042	 1
7422.0	13.0978314994	 1
7426.0	13.0982148982	 1
7430.0	13.0986202536	 1
7434.0	13.0990572193	 1
7438.0	13.0995450872	 1
7442.0	13.1000648947	 1
7446.0	13.1005879558	 1
7450.0	13.1010950297	 1
7454.0	13.1016053124	 1
7458.0	13.1021381188	 1
7462.0	13.102645202	 1
7466.0	13.1031651699	 1
7470.0	13.103688376	 1
7474.0	13.1041759729	 1
7478.0	13.1045694237	 1
7482.0	13.1048780572	 1
7486.0	13.1051015223	 1
7490.0	13.1052785473	 1
7494.0	13.1054382858	 1
7498.0	13.1056100365	 1
7502.0	13.1058330437	 1
7506.0	13.1060780554	 1
7510.0	13.1062960178	 1
7514.0	13.1064671454	 1
7518.0	13.1066109617	 1
7522.0	13.1067668121	 1
7526.0	13.1069347353	 1
7530.0	13.1071147709	 1
7534.0	13.1073069585	 1
7538.0	13.1074716949	 1
7542.0	13.1076187977	 1
7546.0	13.1077481988	 1
7550.0	13.1078498851	 1
7554.0	13.107923756	 1
7558.0	13.1079896491	 1
7562.0	13.1081074101	 1
7566.0	13.1082172668	 1
7570.0	13.1083491962	 1
7574.0	13.1084932568	 1
7578.0	13.1086294334	 1
7582.0	13.1087677322	 1
7586.0	13.1089383083	 1
7590.0	13.1091312113	 1
7594.0	13.1093565947	 1
7598.0	13.1095943988	 1
7602.0	13.1098547679	 1
7606.0	13.1101377841	 1
7610.0	13.1103928896	 1
7614.0	13.1106402531	 1
7618.0	13.1108899937	 1
7622.0	13.1111319483	 1
7626.0	13.111386442	 1
7630.0	13.1116331314	 1
7634.0	13.1118923938	 1
7638.0	13.1121438337	 1
7642.0	13.1124181132	 1
7646.0	13.1127153161	 1
7650.0	13.1130355279	 1
7654.0	13.1133480148	 1
7658.0	13.1136527403	 1
7662.0	13.1139393671	 1
7666.0	13.1142490752	 1
7670.0	13.1145819513	 1
7674.0	13.1149794542	 1
7678.0	13.1153797052	 1
7682.0	13.1157723377	 1
7686.0	13.1161469272	 1
7690.0	13.116492992	 1
7694.0	13.1168416531	 1
7698.0	13.1172346318	 1
7702.0	13.1176512201	 1
7706.0	13.1181228909	 1
7710.0	13.1186498814	 1
7714.0	13.1191799794	 1
7718.0	13.1196606561	 1
7722.0	13.1200811629	 1
7726.0	13.1204517723	 1
7730.0	13.1208672303	 1
7734.0	13.121317155	 1
7738.0	13.1218863521	 1
7742.0	13.1225011699	 1
7746.0	13.1231193508	 1
7750.0	13.1237515374	 1
7754.0	13.124387138	 1
7758.0	13.1250368302	 1
7762.0	13.1257113613	 1
7766.0	13.1263894378	 1
7770.0	13.1270389035	 1
7774.0	13.1276166559	 1
7778.0	13.1281653695	 1
7782.0	13.1287603033	 1
7786.0	13.1293908796	 1
7790.0	13.1300032299	 1
7794.0	13.1305214981	 1
7798.0	13.1309452521	 1
7802.0	13.1313174934	 1
7806.0	13.1316380046	 1
7810.0	13.1319283372	 1
7814.0	13.1321676684	 1
7818.0	13.1324103432	 1
7822.0	13.132676029	 1
7826.0	13.1329637148	 1
7830.0	13.1332855263	 1
7834.0	13.1335165945	 1
7838.0	13.1336038906	 1
7842.0	13.1336414264	 1
7846.0	13.1336389396	 1
7850.0	13.1336480519	 1
7854.0	13.1337525645	 1
7858.0	13.1338810621	 1
7862.0	13.1340314129	 1
7866.0	13.134236872	 1
7870.0	13.1345175703	 1
7874.0	13.1348749002	 1
7878.0	13.135212548	 1
7882.0	13.135480393	 1
7886.0	13.1357171295	 1
7890.0	13.1359471596	 1
7894.0	13.1361671058	 1
7898.0	13.1363165917	 1
7902.0	13.1363931325	 1
7906.0	13.1363550613	 1
7910.0	13.1362860842	 1
7914.0	13.1362937968	 1
7918.0	13.1363346336	 1
7922.0	13.1364098196	 1
7926.0	13.1364755716	 1
7930.0	13.1364586302	 1
7934.0	13.1364421864	 1
7938.0	13.1364386546	 1
7942.0	13.1364367715	 1
7946.0	13.1364896986	 1
7950.0	13.1365443874	 1
7954.0	13.1365691031	 1
7958.0	13.1366159417	 1
7962.0	13.1366554374	 1
7966.0	13.1366420851	 1
7970.0	13.1366189696	 1
7974.0	13.1366190954	 1
7978.0	13.1367189371	 1
7982.0	13.1369713437	 1
7986.0	13.1373460044	 1
7990.0	13.1377987521	 1
7994.0	13.1382656983	 1
7998.0	13.1387216353	 1
8002.0	13.139204458	 1
8006.0	13.1397661025	 1
8010.0	13.1403792369	 1
8014.0	13.140952826	 1
8018.0	13.1414323043	 1
8022.0	13.1418033563	 1
8026.0	13.1421409377	 1
8030.0	13.1425482885	 1
8034.0	13.1430570992	 1
8038.0	13.1436247023	 1
8042.0	13.1441638457	 1
8046.0	13.1446206451	 1
8050.0	13.1449865542	 1
8054.0	13.1452483179	 1
8058.0	13.1454677048	 1
8062.0	13.1457279307	 1
8066.0	13.1460808785	 1
8070.0	13.1465127801	 1
8074.0	13.1469095827	 1
8078.0	13.1471613432	 1
8082.0	13.1473029793	 1
8086.0	13.1473684254	 1
8090.0	13.1474652096	 1
8094.0	13.147684731	 1
8098.0	13.1479823071	 1
8102.0	13.1483736847	 1
8106.0	13.1487639961	 1
8110.0	13.1490674051	 1
8114.0	13.1493396677	 1
8118.0	13.1495950023	 1
8122.0	13.149847699	 1
8126.0	13.1502678489	 1
8130.0	13.1507733509	 1
8134.0	13.1512696492	 1
8138.0	13.1517494786	 1
8142.0	13.152122399	 1
8146.0	13.1523783289	 1
8150.0	13.1526170715	 1
8154.0	13.1528059139	 1
8158.0	13.1529858352	 1
8162.0	13.1531471055	 1
8166.0	13.1532860182	 1
8170.0	13.1534535066	 1
8174.0	13.1537019532	 1
8178.0	13.1540961831	 1
8182.0	13.1546038534	 1
8186.0	13.1551704922	 1
8190.0	13.1558147066	 1
8194.0	13.1563886159	 1
8198.0	13.1567876218	 1
8202.0	13.1570417166	 1
8206.0	13.1572659477	 1
8210.0	13.1574872883	 1
8214.0	13.157845008	 1
8218.0	13.1583964222	 1
8222.0	13.1589668102	 1
8226.0	13.1594287203	 1
8230.0	13.1598374788	 1
8234.0	13.1602363137	 1
8238.0	13.160699767	 1
8242.0	13.1613463833	 1
8246.0	13.1620872187	 1
8250.0	13.1628490252	 1
8254.0	13.1635092728	 1
8258.0	13.1640248688	 1
8262.0	13.1644390937	 1
8266.0	13.1648093225	 1
8270.0	13.1652083414	 1
8274.0	13.1655241479	 1
8278.0	13.1656517547	 1
8282.0	13.1656889973	 1
8286.0	13.1656911926	 1
8290.0	13.165763208	 1
8294.0	13.1660876012	 1
8298.0	13.1665930363	 1
8302.0	13.1671253294	 1
8306.0	13.1676299007	 1
8310.0	13.1680263888	 1
8314.0	13.1682225527	 1
8318.0	13.1682623695	 1
8322.0	13.1682603364	 1
8326.0	13.1682610845	 1
8330.0	13.1682569393	 1
8334.0	13.1682145737	 1
8338.0	13.1681274678	 1
8342.0	13.1679813844	 1
8346.0	13.1678403924	 1
8350.0	13.1677816324	 1
8354.0	13.1677950308	 1
8358.0	13.1678292708	 1
8362.0	13.1678212341	 1
8366.0	13.1677475693	 1
8370.0	13.1676352205	 1
8374.0	13.1675681082	 1
8378.0	13.1675825812	 1
8382.0	13.167607635	 1
8386.0	13.1675473613	 1
8390.0	13.1674170968	 1
8394.0	13.1672854842	 1
8398.0	13.1672486937	 1
8402.0	13.1674214823	 1
8406.0	13.1677719749	 1
8410.0	13.1682121309	 1
8414.0	13.1686743758	 1
8418.0	13.1690986185	 1
8422.0	13.1694951799	 1
8426.0	13.1699780582	 1
8430.0	13.1705554916	 1
8434.0	13.1711989498	 1
8438.0	13.1718665637	 1
8442.0	13.1724871715	 1
8446.0	13.1730301536	 1
8450.0	13.1735070775	 1
8454.0	13.1739560953	 1
8458.0	13.1745084742	 1
8462.0	13.1751965634	 1
8466.0	13.1760196689	 1
8470.0	13.1769651339	 1
8474.0	13.1779333787	 1
8478.0	13.1789178246	 1
8482.0	13.1800137971	 1
8486.0	13.1812340391	 1
8490.0	13.1825173383	 1
8494.0	13.1837695796	 1
8498.0	13.184841756	 1
8502.0	13.1856596441	 1
8506.0	13.1862273674	 1
8510.0	13.1866416402	 1
8514.0	13.1869821078	 1
8518.0	13.1873084176	 1
8522.0	13.1876477879	 1
8526.0	13.1879770499	 1
8530.0	13.188313935	 1
8534.0	13.1886557294	 1
8538.0	13.188966812	 1
8542.0	13.1891839456	 1
8546.0	13.18929307	 1
8550.0	13.189329592	 1
8554.0	13.1892506383	 1
8558.0	13.18909309	 1
8562.0	13.188913264	 1
8566.0	13.1887704164	 1
8570.0	13.1886770585	 1
8574.0	13.1886374592	 1
8578.0	13.1885632497	 1
8582.0	13.1884543378	 1
8586.0	13.1883729698	 1
8590.0	13.1884204328	 1
8594.0	13.1887081582	 1
8598.0	13.1892272741	 1
8602.0	13.1898952087	 1
8606.0	13.1906205985	 1
8610.0	13.1913254879	 1
8614.0	13.1920111717	 1
8618.0	13.1926439257	 1
8622.0	13.1932515667	 1
8626.0	13.1938494342	 1
8630.0	13.1943797792	 1
8634.0	13.1948888126	 1
8638.0	13.1954201868	 1
8642.0	13.1959287681	 1
8646.0	13.1964003043	 1
8650.0	13.1968077163	 1
8654.0	13.1971195375	 1
8658.0	13.1973240534	 1
8662.0	13.1974877238	 1
8666.0	13.1976943893	 1
8670.0	13.197998342	 1
8674.0	13.1984013567	 1
8678.0	13.1987480743	 1
8682.0	13.1989038311	 1
8686.0	13.1988408148	 1
8690.0	13.1985169169	 1
8694.0	13.1980305225	 1
8698.0	13.1975620349	 1
8702.0	13.1972506296	 1
8706.0	13.1971928032	 1
8710.0	13.19742515	 1
8714.0	13.1978176659	 1
8718.0	13.1981158643	 1
8722.0	13.1981910146	 1
8726.0	13.1980958676	 1
8730.0	13.1979426859	 1
8734.0	13.1978846027	 1
8738.0	13.1980854335	 1
8742.0	13.1985242878	 1
8746.0	13.1991367768	 1
8750.0	13.1998277014	 1
8754.0	13.2004547116	 1
8758.0	13.2009752273	 1
8762.0	13.2013479169	 1
8766.0	13.2015532171	 1
8770.0	13.2016812788	 1
8774.0	13.2019076147	 1
8778.0	13.2023337469	 1
8782.0	13.2030059888	 1
8786.0	13.2039357671	 1
8790.0	13.2050005952	 1
8794.0	13.2060298826	 1
8798.0	13.2068651022	 1
8802.0	13.2072608089	 1
8806.0	13.207021103	 1
8810.0	13.2061876657	 1
8814.0	13.2051337785	 1
8818.0	13.2042241485	 1
8822.0	13.2036605024	 1
8826.0	13.2035070671	 1
8830.0	13.2034750446	 1
8834.0	13.203292645	 1
8838.0	13.2029610208	 1
8842.0	13.2024486475	 1
8846.0	13.2018580124	 1
8850.0	13.2013632851	 1
8854.0	13.2009452202	 1
8858.0	13.2005532385	 1
8862.0	13.200245567	 1
8866.0	13.200116426	 1
8870.0	13.2001707174	 1
8874.0	13.2004059708	 1
8878.0	13.2008108056	 1
8882.0	13.2012343472	 1
8886.0	13.2015955555	 1
8890.0	13.2019738951	 1
8894.0	13.2023332893	 1
8898.0	13.2027867325	 1
8902.0	13.2035565518	 1
8906.0	13.2046094728	 1
8910.0	13.2058545967	 1
8914.0	13.2071442052	 1
8918.0	13.2082821924	 1
8922.0	13.2091868445	 1
8926.0	13.2099623121	 1
8930.0	13.2106431415	 1
8934.0	13.2112625921	 1
8938.0	13.2119599862	 1
8942.0	13.212697263	 1
8946.0	13.2133868825	 1
8950.0	13.2140733154	 1
8954.0	13.2146978847	 1
8958.0	13.2152340347	 1
8962.0	13.2156922255	 1
8966.0	13.2159481808	 1
8970.0	13.2159857025	 1
8974.0	13.2158678146	 1
8978.0	13.215640744	 1
8982.0	13.2155032046	 1
8986.0	13.2154896254	 1
8990.0	13.2156205758	 1
8994.0	13.2158964917	 1
8998.0	13.2161602116	 1
9002.0	13.2163429387	 1
9006.0	13.2164444125	 1
9010.0	13.2163876865	 1
9014.0	13.2162397195	 1
9018.0	13.2160630079	 1
9022.0	13.2158512124	 1
9026.0	13.2157298473	 1
9030.0	13.2158405469	 1
9034.0	13.2160738659	 1
9038.0	13.2163845282	 1
9042.0	13.2168090751	 1
9046.0	13.2172231842	 1
9050.0	13.2176631767	 1
9054.0	13.2181576466	 1
9058.0	13.2186322953	 1
9062.0	13.2190759278	 1
9066.0	13.2195186181	 1
9070.0	13.2199619498	 1
9074.0	13.2204011402	 1
9078.0	13.2208361692	 1
9082.0	13.2212574307	 1
9086.0	13.2216632683	 1
9090.0	13.2220472135	 1
9094.0	13.2224091811	 1
9098.0	13.2227555089	 1
9102.0	13.2230893515	 1
9106.0	13.2234106608	 1
9110.0	13.2237242221	 1
9114.0	13.2240332309	 1
9118.0	13.2243376675	 1
9122.0	13.2246455964	 1
9126.0	13.2249602634	 1
9130.0	13.2252816886	 1
9134.0	13.2256212493	 1
9138.0	13.2259855044	 1
9142.0	13.2263908043	 1
9146.0	13.2268438133	 1
9150.0	13.2273447123	 1
9154.0	13.2278773593	 1
9158.0	13.2284189866	 1
9162.0	13.228949977	 1
9166.0	13.2294604442	 1
9170.0	13.2299437336	 1
9174.0	13.2303931573	 1
9178.0	13.2308118721	 1
9182.0	13.2311981099	 1
9186.0	13.2315649468	 1
9190.0	13.2319222203	 1
9194.0	13.2322748541	 1
9198.0	13.2326261397	 1
9202.0	13.2329760686	 1
9206.0	13.2333229722	 1
9210.0	13.2336635127	 1
9214.0	13.2340043187	 1
9218.0	13.2343403906	 1
9222.0	13.2346767109	 1
9226.0	13.2350166165	 1
9230.0	13.2353668031	 1
9234.0	13.2357206092	 1
9238.0	13.2360763684	 1
9242.0	13.2364256956	 1
9246.0	13.2367702439	 1
9250.0	13.2371150377	 1
9254.0	13.2374735434	 1
9258.0	13.2378559205	 1
9262.0	13.2382622527	 1
9266.0	13.238697695	 1
9270.0	13.2391589696	 1
9274.0	13.239639395	 1
9278.0	13.2401339525	 1
9282.0	13.240639296	 1
9286.0	13.2411418555	 1
9290.0	13.2416399121	 1
9294.0	13.2421300325	 1
9298.0	13.2426121809	 1
9302.0	13.2430931618	 1
9306.0	13.2435695416	 1
9310.0	13.2440481561	 1
9314.0	13.2445290094	 1
9318.0	13.2450086684	 1
9322.0	13.2454940086	 1
9326.0	13.2459798778	 1
9330.0	13.2464679992	 1
9334.0	13.2469583776	 1
9338.0	13.2474510173	 1
9342.0	13.2479424581	 1
9346.0	13.2484292214	 1
9350.0	13.2489112846	 1
9354.0	13.2493851466	 1
9358.0	13.24984903	 1
9362.0	13.2503011483	 1
9366.0	13.2507414526	 1
9370.0	13.2511681461	 1
9374.0	13.2515829241	 1
9378.0	13.251983986	 1
9382.0	13.2523677689	 1
9386.0	13.2527342063	 1
9390.0	13.25308675	 1
9394.0	13.2534235865	 1
9398.0	13.2537428949	 1
9402.0	13.2540463763	 1
9406.0	13.2543339736	 1
9410.0	13.254607399	 1
9414.0	13.254864832	 1
9418.0	13.2551097621	 1
9422.0	13.2553403717	 1
9426.0	13.2555601645	 1
9430.0	13.2557708816	 1
9434.0	13.2559707118	 1
9438.0	13.256163182	 1
9442.0	13.2563518338	 1
9446.0	13.2565402235	 1
9450.0	13.2567283476	 1
9454.0	13.2569179914	 1
9458.0	13.2571091571	 1
9462.0	13.2573018466	 1
9466.0	13.2574960619	 1
9470.0	13.2576918049	 1
9474.0	13.2578872797	 1
9478.0	13.2580860826	 1
9482.0	13.2582864193	 1
9486.0	13.2584882919	 1
9490.0	13.2586917025	 1
9494.0	13.2588966531	 1
9498.0	13.2591031457	 1
9502.0	13.2593111824	 1
9506.0	13.2595207653	 1
9510.0	13.2597318965	 1
9514.0	13.2599427612	 1
9518.0	13.2601569934	 1
9522.0	13.26037278	 1
9526.0	13.2605901234	 1
9530.0	13.2608108499	 1
9534.0	13.2610313149	 1
9538.0	13.2612533429	 1
9542.0	13.2614769362	 1
9546.0	13.2617020968	 1
9550.0	13.261928827	 1
9554.0	13.2621571288	 1
9558.0	13.2623888424	 1
9562.0	13.2626294947	 1
9566.0	13.2628754281	 1
9570.0	13.2631303438	 1
9574.0	13.2633905767	 1
9578.0	13.2636542934	 1
9582.0	13.2639159533	 1
9586.0	13.2641773986	 1
9590.0	13.2644367721	 1
9594.0	13.2646940642	 1
9598.0	13.2649474078	 1
9602.0	13.2651967874	 1
9606.0	13.2654421875	 1
9610.0	13.2656798657	 1
9614.0	13.2659135256	 1
9618.0	13.2661394171	 1
9622.0	13.2663575133	 1
9626.0	13.2665677873	 1
9630.0	13.2667683393	 1
9634.0	13.2669628869	 1
9638.0	13.2671476557	 1
9642.0	13.2673244924	 1
9646.0	13.2674933709	 1
9650.0	13.2676523829	 1
9654.0	13.2678014968	 1
9658.0	13.2679444538	 1
9662.0	13.2680736824	 1
9666.0	13.2681910307	 1
9670.0	13.2683040287	 1
9674.0	13.2684126618	 1
9678.0	13.2685226004	 1
9682.0	13.268633846	 1
9686.0	13.2687445015	 1
9690.0	13.2688583634	 1
9694.0	13.2689735366	 1
9698.0	13.2690900225	 1
9702.0	13.2692078224	 1
9706.0	13.2693250308	 1
9710.0	13.2694454616	 1
9714.0	13.269567211	 1
9718.0	13.2696902804	 1
9722.0	13.2698127569	 1
9726.0	13.2699384689	 1
9730.0	13.2700655055	 1
9734.0	13.270193868	 1
9738.0	13.2703197147	 1
9742.0	13.27045073	 1
9746.0	13.2705830758	 1
9750.0	13.2707167536	 1
9754.0	13.2708498361	 1
9758.0	13.2709861807	 1
9762.0	13.2711238618	 1
9766.0	13.2712628811	 1
9770.0	13.2714013039	 1
9774.0	13.2715430023	 1
9778.0	13.2716860435	 1
9782.0	13.271830429	 1
9786.0	13.2719742169	 1
9790.0	13.272121294	 1
9794.0	13.2722697203	 1
9798.0	13.2724194971	 1
9802.0	13.2725667242	 1
9806.0	13.2727192035	 1
9810.0	13.2728730382	 1
9814.0	13.27302823	 1
9818.0	13.273182822	 1
9822.0	13.2733407309	 1
9826.0	13.2735000018	 1
9830.0	13.2736586721	 1
9834.0	13.2738088736	 1
9838.0	13.2739387729	 1
9842.0	13.2740384625	 1
9846.0	13.2740822308	 1
9850.0	13.2740502041	 1
9854.0	13.2739303569	 1
9858.0	13.2737363311	 1
9862.0	13.2734778675	 1
9866.0	13.2731805638	 1
9870.0	13.2728522709	 1
9874.0	13.2724949203	 1
9878.0	13.2720965859	 1
9882.0	13.2720575137	 1
9886.0	13.2720194477	 1
9890.0	13.2719804035	 1
9894.0	13.2719443507	 1
9898.0	13.2719093063	 1
9902.0	13.2718752711	 1
9906.0	13.2718402545	 1
9910.0	13.2718082382	 1
9914.0	13.2717752389	 1
9918.0	13.2717432486	 1
9922.0	13.2717142656	 1
9926.0	13.2716862961	 1
9930.0	13.2716573404	 1
9934.0	13.2716313988	 1
9938.0	13.271606473	 1
9942.0	13.2715825638	 1
9946.0	13.2715576651	 1
9950.0	13.2715357898	 1
9954.0	13.2715149333	 1
9958.0	13.2714930849	 1
9962.0	13.271474267	 1
9966.0	13.2714564702	 1
9970.0	13.271437679	 1
9974.0	13.2714219253	 1
9978.0	13.2714071951	 1
9982.0	13.2713934892	 1
9986.0	13.2713787857	 1
9990.0	13.2713671292	 1
9994.0	13.2713564993	 1
9998.0	13.2713448694	 1
10002.0	13.2713362936	 1
10006.0	13.2713287469	 1
10010.0	13.2713201977	 1
10014.0	13.2713147099	 1
10018.0	13.2713102536	 1
10022.0	13.2713047924	 1
10026.0	13.2713023998	 1
10030.0	13.2713010412	 1
10034.0	13.2713007173	 1
10038.0	13.2712993852	 1
10042.0	13.2712990863	 1
10046.0	13.2713018683	 1
10050.0	13.2713036398	 1
10054.0	13.2713084971	 1
10058.0	13.2713143941	 1
10062.0	13.2713192782	 1
10066.0	13.2713272556	 1
10070.0	13.2713362752	 1
10074.0	13.2713463379	 1
10078.0	13.2713553845	 1
10082.0	13.2713675344	 1
10086.0	13.2713807299	 1
10090.0	13.2713929069	 1
10094.0	13.2714081947	 1
10098.0	13.2714245308	 1
10102.0	13.271439846	 1
10106.0	13.2714582796	 1
10110.0	13.2714777641	 1
10114.0	13.2714983004	 1
10118.0	13.2715178125	 1
10122.0	13.2715404534	 1
10126.0	13.2715641487	 1
10130.0	13.2715868174	 1
10134.0	13.2716126226	 1
10138.0	13.2716394849	 1
10142.0	13.2716653183	 1
10146.0	13.271694296	 1
10150.0	13.2717243334	 1
10154.0	13.2717554317	 1
10158.0	13.2717854978	 1
10162.0	13.2718187187	 1
10166.0	13.2718509058	 1
10170.0	13.271884154	 1
10174.0	13.2719205648	 1
10178.0	13.2719580419	 1
10182.0	13.2719944821	 1
10186.0	13.2720340929	 1
10190.0	13.2720747729	 1
10194.0	13.2721165229	 1
10198.0	13.2721572329	 1
10202.0	13.2713056751	 1
