3199.07	12.4241848779	 1
3209.85	12.4253797961	 1
3220.62	12.4265860457	 1
3231.39	12.4277956805	 1
3242.17	12.4290008276	 1
3252.94	12.430213712	 1
3263.71	12.4314264045	 1
3274.48	12.4326477235	 1
3285.26	12.4338599256	 1
3296.03	12.4350851924	 1
3306.8	12.4363158501	 1
3317.57	12.437550841	 1
3322.12	12.4380709079	 1
3331.21	12.4391114337	 1
3349.4	12.4412007644	 1
3367.58	12.4433051629	 1
3385.77	12.4454141494	 1
3403.96	12.4475314202	 1
3422.14	12.44966387	 1
3440.33	12.4518017429	 1
3445.17	12.4523709067	 1
3454.84	12.4535066794	 1
3474.2	12.4557683316	 1
3493.55	12.4580477429	 1
3512.9	12.4603378172	 1
3532.25	12.4626342502	 1
3545.62	12.4644073935	 1
3559.0	12.4660053477	 1
3572.37	12.4676202531	 1
3585.74	12.4692419244	 1
3599.11	12.4713766509	 1
3612.48	12.4732106159	 1
3625.85	12.4749884227	 1
3639.22	12.4768695046	 1
3646.08	12.477833141	 1
3646.18	12.4819414589	 1
3646.68	12.4819070112	 1
3646.96	12.4818863059	 1
3647.52	12.4818489052	 1
3648.64	12.4817705849	 1
3648.96	12.4817484902	 1
3658.96	12.4813849112	 1
3660.9	12.4812917276	 1
3664.78	12.4811629137	 1
3672.55	12.4817972474	 1
3675.62	12.48180351	 1
3681.5	12.4819419232	 1
3687.39	12.4820586978	 1
3693.27	12.4824355589	 1
3699.16	12.483041837	 1
3703.85	12.4837672842	 1
3705.04	12.4838796704	 1
3707.43	12.4841267261	 1
3710.93	12.4846880953	 1
3711.97	12.4848296916	 1
3714.05	12.4848505123	 1
3716.82	12.4849835202	 1
3721.94	12.4857955741	 1
3722.7	12.4856957185	 1
3724.23	12.4853311766	 1
3727.28	12.4848924439	 1
3728.59	12.4848957947	 1
3731.2	12.4853980622	 1
3734.37	12.4860912862	 1
3734.47	12.4860660763	 1
3734.68	12.4859865175	 1
3735.1	12.4857505635	 1
3735.93	12.4851816175	 1
3737.59	12.4840811164	 1
3740.36	12.4827702016	 1
3745.89	12.4835554312	 1
3746.24	12.4837879686	 1
3746.95	12.4842450706	 1
3747.72	12.4847813797	 1
3749.19	12.4857038773	 1
3749.55	12.4858743343	 1
3749.92	12.4859367591	 1
3750.01	12.4859220021	 1
3750.11	12.4858834689	 1
3750.13	12.4858732718	 1
3750.15	12.4858630747	 1
3750.18	12.4858457037	 1
3750.2	12.4858341231	 1
3750.25	12.4858024045	 1
3750.29	12.4857709415	 1
3750.37	12.4856969473	 1
3750.38	12.4856883899	 1
3750.43	12.4856373018	 1
3750.48	12.4855820637	 1
3750.53	12.4855199088	 1
3750.58	12.4854577553	 1
3750.63	12.4853914528	 1
3750.68	12.4853237686	 1
3750.73	12.4852505527	 1
3750.75	12.4852251403	 1
3750.8	12.4851519273	 1
3750.85	12.4850814829	 1
3750.9	12.4850096573	 1
3750.95	12.4849378339	 1
3751.0	12.4848632463	 1
3751.05	12.4847886611	 1
3751.1	12.4847140782	 1
3751.12	12.4846872881	 1
3751.17	12.4846099425	 1
3751.22	12.4845325995	 1
3751.27	12.4844580245	 1
3751.32	12.4843765384	 1
3751.37	12.4842964378	 1
3751.42	12.4842177226	 1
3751.47	12.4841403926	 1
3751.52	12.4840589178	 1
3751.57	12.4839802106	 1
3751.62	12.4839028884	 1
3751.67	12.4838255688	 1
3751.72	12.4837441052	 1
3751.77	12.4836626445	 1
3751.82	12.4835798046	 1
3751.87	12.4834997318	 1
3751.92	12.4834196618	 1
3751.97	12.4833395946	 1
3752.02	12.4832553848	 1
3752.07	12.4831753234	 1
3752.12	12.4830938831	 1
3752.17	12.4830152089	 1
3752.22	12.4829379189	 1
3752.27	12.4828551056	 1
3752.32	12.4827736767	 1
3752.37	12.4826922508	 1
3752.42	12.482612209	 1
3752.47	12.48253217	 1
3752.52	12.4824548961	 1
3752.57	12.4823790057	 1
3752.59	12.4823467168	 1
3752.64	12.4822597822	 1
3752.69	12.4821742319	 1
3752.74	12.482088685	 1
3752.79	12.4820045222	 1
3752.84	12.4819231239	 1
3752.89	12.4818417286	 1
3752.94	12.4817630972	 1
3752.99	12.4816844685	 1
3753.04	12.4816030817	 1
3753.09	12.4815244584	 1
3753.14	12.4814485984	 1
3753.19	12.4813713606	 1
3753.24	12.4812968857	 1
3753.29	12.4812237932	 1
3753.34	12.4811507028	 1
3753.39	12.4810789947	 1
3753.44	12.4810086686	 1
3753.49	12.4809328248	 1
3753.54	12.4808556037	 1
3753.59	12.480778385	 1
3753.64	12.4807025486	 1
3753.69	12.4806225757	 1
3753.74	12.4805412259	 1
3753.79	12.4804626381	 1
3753.84	12.4803743968	 1
3753.89	12.4802985736	 1
3753.94	12.4802213734	 1
3753.99	12.480145555	 1
3754.04	12.4800642222	 1
3754.06	12.4800319658	 1
3754.11	12.479949258	 1
3754.16	12.4798693113	 1
3754.21	12.4797907463	 1
3754.26	12.4797108051	 1
3754.31	12.4796322456	 1
3754.36	12.4795564462	 1
3754.41	12.4794806493	 1
3754.46	12.4794062335	 1
3754.51	12.4793331985	 1
3754.56	12.4792601658	 1
3754.61	12.4791898922	 1
3754.66	12.4791182421	 1
3754.71	12.4790479725	 1
3754.76	12.4789790832	 1
3754.81	12.4789088175	 1
3754.86	12.4788413102	 1
3754.91	12.4787738046	 1
3754.96	12.478707679	 1
3755.01	12.4786443113	 1
3755.06	12.4785795669	 1
3755.11	12.4785148242	 1
3755.16	12.4784542169	 1
3755.21	12.478392233	 1
3755.26	12.4783330062	 1
3755.31	12.4782751586	 1
3755.36	12.4782173121	 1
3755.41	12.4781567112	 1
3755.46	12.4780878452	 1
3755.51	12.4780203587	 1
3755.56	12.4779570069	 1
3755.61	12.477892279	 1
3755.66	12.4778289302	 1
3755.71	12.4777669604	 1
3755.76	12.477704992	 1
3755.81	12.4776444024	 1
3755.86	12.4775851914	 1
3755.91	12.4775273591	 1
3755.96	12.4774695279	 1
3756.01	12.4774130752	 1
3756.06	12.4773566235	 1
3756.11	12.4773001729	 1
3756.16	12.4772451006	 1
3756.21	12.4771927836	 1
3756.26	12.4771377132	 1
3756.31	12.4770867751	 1
3756.36	12.4770330837	 1
3756.41	12.4769821474	 1
3756.46	12.4769312118	 1
3756.51	12.476883031	 1
3756.56	12.476834851	 1
3756.61	12.4767866717	 1
3756.66	12.47673987	 1
3756.71	12.4766958227	 1
3756.76	12.4766517761	 1
3756.81	12.4766091069	 1
3756.86	12.4765650614	 1
3756.91	12.4765237701	 1
3756.96	12.4764838562	 1
3757.01	12.4764425659	 1
3757.06	12.4764040297	 1
3757.11	12.476365494	 1
3757.16	12.4763297123	 1
3757.21	12.476293931	 1
3757.23	12.4762809953	 1
3757.27	12.476250994	 1
3757.32	12.4762124602	 1
3757.38	12.4761695243	 1
3757.43	12.4761337449	 1
3757.48	12.4760993426	 1
3757.52	12.4760707197	 1
3757.57	12.4760376948	 1
3757.62	12.4760046704	 1
3757.68	12.4759672442	 1
3757.73	12.4759369739	 1
3757.78	12.4759067041	 1
3757.83	12.4758778112	 1
3757.88	12.4758502954	 1
3757.93	12.4758227801	 1
3757.98	12.4757966417	 1
3758.03	12.4757732571	 1
3758.08	12.4757484963	 1
3758.13	12.4757251125	 1
3758.18	12.4757058592	 1
3758.23	12.4756879832	 1
3758.28	12.4756728611	 1
3758.33	12.4756563628	 1
3758.38	12.475639865	 1
3758.43	12.4756274981	 1
3758.48	12.4756096246	 1
3758.53	12.475588998	 1
3758.58	12.4755683719	 1
3758.63	12.475549123	 1
3758.68	12.4755312514	 1
3758.73	12.4755133804	 1
3758.78	12.4754982636	 1
3758.83	12.4754831473	 1
3758.88	12.4754694085	 1
3758.93	12.4754556703	 1
3758.98	12.4754433097	 1
3759.03	12.4754323267	 1
3759.08	12.4754227214	 1
3759.13	12.4754144938	 1
3759.18	12.475406267	 1
3759.23	12.4754007951	 1
3759.28	12.4753939471	 1
3759.33	12.4753912312	 1
3759.38	12.4753857621	 1
3759.43	12.4753844254	 1
3759.48	12.4753830899	 1
3759.53	12.4753831327	 1
3759.58	12.4753859313	 1
3759.63	12.4753873539	 1
3759.68	12.475390155	 1
3759.73	12.475394335	 1
3759.78	12.4753985163	 1
3759.83	12.4754054541	 1
3759.88	12.475413771	 1
3759.93	12.4754193343	 1
3759.98	12.4754152555	 1
3760.03	12.4754125553	 1
3760.08	12.4754084785	 1
3760.13	12.475407158	 1
3760.18	12.4754058387	 1
3760.23	12.4754058982	 1
3760.28	12.4754045811	 1
3760.33	12.4754060208	 1
3760.38	12.4754088397	 1
3760.39	12.4754099549	 1
3760.44	12.4754127753	 1
3760.49	12.4754155971	 1
3760.54	12.4754211764	 1
3760.59	12.475425379	 1
3760.64	12.4754337175	 1
3760.69	12.4754406794	 1
3760.74	12.4754490212	 1
3760.79	12.4754587429	 1
3760.84	12.4754684663	 1
3760.89	12.47547957	 1
3760.94	12.4754906755	 1
3760.99	12.4755059183	 1
3761.04	12.4755184062	 1
3761.09	12.4755350319	 1
3761.14	12.4755502813	 1
3761.19	12.4755682902	 1
3761.24	12.4755863016	 1
3761.29	12.4756056943	 1
3761.34	12.4756250894	 1
3761.39	12.4756458661	 1
3761.44	12.4756666454	 1
3761.49	12.4756888065	 1
3761.54	12.4757095912	 1
3761.59	12.4757317578	 1
3761.64	12.4757553065	 1
3761.69	12.4757788581	 1
3761.74	12.4758051715	 1
3761.79	12.4758328676	 1
3761.84	12.475860567	 1
3761.89	12.4758896494	 1
3761.94	12.4759214947	 1
3761.99	12.4759188491	 1
3762.04	12.4759534598	 1
3762.09	12.4759880745	 1
3762.14	12.4760226934	 1
3762.19	12.4760586964	 1
3762.24	12.4760974641	 1
3762.29	12.4761376166	 1
3762.34	12.4761777738	 1
3762.39	12.4762179359	 1
3762.44	12.4762622443	 1
3762.49	12.4763051774	 1
3762.54	12.4763508771	 1
3762.59	12.476397963	 1
3762.64	12.4764478166	 1
3762.69	12.4764976762	 1
3762.74	12.4765475419	 1
3762.79	12.476586364	 1
3762.84	12.4766251907	 1
3762.89	12.4766654034	 1
3762.94	12.4767056208	 1
3762.99	12.4767472246	 1
3763.04	12.476790215	 1
3763.09	12.4768332105	 1
3763.14	12.4768789749	 1
3763.19	12.4769247447	 1
3763.24	12.4769732841	 1
3763.29	12.4770218294	 1
3763.34	12.4770717628	 1
3763.39	12.4771217024	 1
3763.44	12.4771730304	 1
3763.49	12.4772271299	 1
3763.54	12.477281236	 1
3763.54	12.4772867666	 1
3763.59	12.4773422626	 1
3763.65	12.4773933788	 1
3763.7	12.4774502719	 1
3763.75	12.4775113214	 1
3763.8	12.4775709955	 1
3763.85	12.4776334438	 1
3763.9	12.4776875996	 1
3763.95	12.4777389952	 1
3764.0	12.477790397	 1
3764.05	12.4778445726	 1
3764.1	12.4779001388	 1
3764.15	12.4779557119	 1
3764.2	12.47801406	 1
3764.25	12.4780724156	 1
3764.3	12.4781321628	 1
3764.35	12.4781933021	 1
3764.4	12.4782558336	 1
3764.45	12.4783197579	 1
3764.5	12.4783850753	 1
3764.55	12.4784517861	 1
3764.6	12.4785198906	 1
3764.65	12.4785880042	 1
3764.7	12.4786602826	 1
3764.75	12.4787311854	 1
3764.8	12.4788048688	 1
3764.85	12.4788799478	 1
3764.9	12.4789578088	 1
3764.95	12.4790398384	 1
3765.0	12.4791204936	 1
3765.05	12.4792053188	 1
3765.1	12.4792915427	 1
3765.15	12.4793777791	 1
3765.2	12.4794681881	 1
3765.25	12.4795572237	 1
3765.3	12.4796504334	 1
3765.35	12.4797436572	 1
3765.4	12.4798396696	 1
3765.45	12.4799356968	 1
3765.5	12.4800345139	 1
3765.55	12.4801347341	 1
3765.6	12.480236358	 1
3765.65	12.4803407742	 1
3765.7	12.480422995	 1
3765.75	12.4805010625	 1
3765.8	12.4805819179	 1
3765.85	12.4806627848	 1
3765.9	12.4807450519	 1
3765.95	12.4808301087	 1
3766.0	12.4809137887	 1
3766.05	12.4810016484	 1
3766.1	12.4810909105	 1
3766.15	12.4811801858	 1
3766.2	12.4812736434	 1
3766.25	12.4813671151	 1
3766.3	12.481461991	 1
3766.35	12.4815582716	 1
3766.4	12.4816517863	 1
3766.45	12.4817425342	 1
3766.5	12.481836077	 1
3766.55	12.4819324155	 1
3766.6	12.4820287688	 1
3766.65	12.4821265281	 1
3766.7	12.4822284763	 1
3766.7	12.4822326502	 1
3766.75	12.4823360065	 1
3766.8	12.482440771	 1
3766.85	12.482546944	 1
3766.9	12.4826559183	 1
3766.95	12.4827663025	 1
3767.0	12.4828711356	 1
3767.05	12.4829732006	 1
3767.1	12.4830738891	 1
3767.15	12.4831787719	 1
3767.2	12.4832850645	 1
3767.25	12.4833941608	 1
3767.3	12.4835046683	 1
3767.35	12.4836193747	 1
3767.4	12.4837354942	 1
3767.45	12.4838544213	 1
3767.5	12.4839705806	 1
3767.55	12.4840672397	 1
3767.6	12.4841667026	 1
3767.65	12.4842675756	 1
3767.7	12.484371254	 1
3767.75	12.4844763439	 1
3767.8	12.4845842409	 1
3767.85	12.4846935509	 1
3767.9	12.4848056698	 1
3767.95	12.4849178073	 1
3768.0	12.4850271718	 1
3768.05	12.4851407424	 1
3768.1	12.4852515397	 1
3768.15	12.4853665444	 1
3768.18	12.4854330428	 1
3768.24	12.4855674563	 1
3768.35	12.4858351405	 1
3768.58	12.4863147288	 1
3769.04	12.4872791644	 1
3769.66	12.4885144015	 1
3770.03	12.4891383342	 1
3770.4	12.4895425707	 1
3770.49	12.4895777549	 1
3770.58	12.4895820671	 1
3770.61	12.4895647902	 1
3770.63	12.489554676	 1
3770.65	12.4895305256	 1
3770.68	12.4895020202	 1
3770.73	12.4894212942	 1
3770.77	12.4893491368	 1
3770.85	12.4891809728	 1
3770.86	12.4891667944	 1
3770.91	12.4890524038	 1
3770.96	12.488929602	 1
3771.01	12.4888011968	 1
3771.06	12.4886685928	 1
3771.11	12.4885289858	 1
3771.16	12.4883809753	 1
3771.21	12.4882329784	 1
3771.23	12.4881709788	 1
3771.28	12.4880131861	 1
3771.33	12.4878554091	 1
3771.38	12.4876920407	 1
3771.43	12.4875300909	 1
3771.48	12.4873639536	 1
3771.53	12.4871992352	 1
3771.58	12.4870289299	 1
3771.6	12.4869599725	 1
3771.65	12.4867882929	 1
3771.7	12.4866208344	 1
3771.75	12.4864365886	 1
3771.8	12.4862565661	 1
3771.85	12.4860793652	 1
3771.9	12.4859007851	 1
3771.95	12.4857180271	 1
3772.0	12.4855394896	 1
3772.05	12.485359574	 1
3772.1	12.4851782806	 1
3772.15	12.4849830204	 1
3772.2	12.4847905834	 1
3772.25	12.4845995698	 1
3772.3	12.4844127756	 1
3772.35	12.4842232087	 1
3772.4	12.4840294725	 1
3772.45	12.483838557	 1
3772.5	12.4836504609	 1
3772.55	12.4834651829	 1
3772.6	12.4832827219	 1
3772.65	12.4830891086	 1
3772.7	12.4828955207	 1
3772.75	12.4827033545	 1
3772.8	12.4825126095	 1
3772.85	12.482324681	 1
3772.9	12.4821409634	 1
3772.95	12.4819502905	 1
3773.0	12.4817442935	 1
3773.05	12.481541116	 1
3773.08	12.4814234081	 1
3773.14	12.481194994	 1
3773.25	12.4807523915	 1
3773.48	12.4798785542	 1
3773.94	12.478169989	 1
3774.56	12.4758253565	 1
3775.81	12.471441733	 1
3778.3	12.4644516521	 1
3779.41	12.4621638734	 1
3781.64	12.4596214401	 1
3784.26	12.458820952	 1
3786.68	12.4622867583	 1
3789.1	12.4686384153	 1
3789.15	12.4687946963	 1
3789.2	12.4689524001	 1
3789.25	12.4691129184	 1
3789.3	12.4692748614	 1
3789.35	12.4694382298	 1
3789.4	12.4696044161	 1
3789.45	12.469773422	 1
3789.5	12.469945249	 1
3789.55	12.4701185059	 1
3789.6	12.4702931937	 1
3789.65	12.4704720992	 1
3789.7	12.4706301442	 1
3789.75	12.4707882216	 1
3789.8	12.4709463316	 1
3789.85	12.4711058681	 1
3789.9	12.4712696206	 1
3789.95	12.4714334077	 1
3790.0	12.471598624	 1
3790.05	12.4717680605	 1
3790.1	12.4719361383	 1
3790.15	12.4721084389	 1
3790.2	12.4722821728	 1
3790.25	12.4724601333	 1
3790.3	12.4726395298	 1
3790.35	12.4728217599	 1
3790.4	12.4730082222	 1
3790.45	12.4731961246	 1
3790.5	12.4733896606	 1
3790.55	12.4735846403	 1
3790.6	12.4737838606	 1
3790.65	12.4739831292	 1
3790.7	12.474186642	 1
3790.75	12.4743902048	 1
3790.8	12.4745980155	 1
3790.85	12.4748058781	 1
3790.9	12.4750179923	 1
3790.95	12.4752343608	 1
3791.0	12.4754493845	 1
3791.05	12.4756686659	 1
3791.1	12.4758908065	 1
3791.15	12.4761130054	 1
3791.2	12.4763324591	 1
3791.25	12.4765575784	 1
3791.3	12.4767827574	 1
3791.35	12.4770122045	 1
3791.4	12.4772403102	 1
3791.45	12.4774768979	 1
3791.5	12.4777149545	 1
3791.55	12.4779572895	 1
3791.6	12.4782039062	 1
3791.65	12.478450593	 1
3791.7	12.4787015657	 1
3791.75	12.4789540165	 1
3791.8	12.4792107583	 1
3791.85	12.4794703882	 1
3791.9	12.4797300951	 1
3791.95	12.4799955074	 1
3792.0	12.4802624071	 1
3792.05	12.4805350193	 1
3792.1	12.4808119402	 1
3792.15	12.4810917648	 1
3792.2	12.4813744957	 1
3792.25	12.4816587257	 1
3792.3	12.4819486858	 1
3792.35	12.4822401502	 1
3792.4	12.48253312	 1
3792.45	12.4828318302	 1
3792.5	12.4831306394	 1
3792.55	12.4834366079	 1
3792.6	12.4837469173	 1
3792.66	12.484057259	 1
3792.71	12.4843776762	 1
3792.75	12.4847067589	 1
3792.8	12.485035888	 1
3792.85	12.4853679648	 1
3792.91	12.485695852	 1
3792.96	12.4860338328	 1
3793.0	12.4863790789	 1
3793.05	12.4867215586	 1
3793.1	12.4870669998	 1
3793.16	12.4874110986	 1
3793.21	12.4877525457	 1
3793.25	12.4879863602	 1
3793.3	12.4882187676	 1
3793.35	12.4884540765	 1
3793.41	12.4886851451	 1
3793.46	12.488926263	 1
3793.5	12.4891745926	 1
3793.55	12.4894229485	 1
3793.6	12.4896727963	 1
3793.66	12.4899184133	 1
3793.71	12.4901712485	 1
3793.75	12.490429881	 1
3793.8	12.490689975	 1
3793.85	12.4909544146	 1
3793.91	12.4912160565	 1
3793.94	12.4914052683	 1
3794.01	12.4917837827	 1
3794.15	12.4925598247	 1
3794.42	12.4941824753	 1
3794.97	12.4975139068	 1
3795.43	12.5008876043	 1
3796.34	12.506241859	 1
3796.92	12.5097110142	 1
3797.29	12.5116547206	 1
3797.67	12.5135504347	 1
3797.76	12.5141352807	 1
3797.85	12.5137707178	 1
3797.88	12.5134594755	 1
3797.9	12.5132297085	 1
3797.92	12.5134249597	 1
3797.95	12.5136727726	 1
3798.0	12.5138771753	 1
3798.04	12.5138688693	 1
3798.12	12.513154866	 1
3798.13	12.513092387	 1
3798.18	12.5126767362	 1
3798.23	12.5123237626	 1
3798.28	12.5119752484	 1
3798.33	12.5116253751	 1
3798.38	12.5112712379	 1
3798.43	12.5109215568	 1
3798.48	12.5105690664	 1
3798.5	12.5103964419	 1
3798.55	12.5100165161	 1
3798.6	12.5096425088	 1
3798.65	12.5092729637	 1
3798.7	12.5089122274	 1
3798.75	12.5085559425	 1
3798.8	12.5081983075	 1
3798.85	12.5078393236	 1
3798.88	12.5076816396	 1
3798.93	12.507334386	 1
3798.98	12.5069944656	 1
3799.02	12.5066632457	 1
3799.07	12.5062858807	 1
3799.12	12.5058290709	 1
3799.18	12.5053710523	 1
3799.23	12.5049261417	 1
3799.28	12.5044871702	 1
3799.33	12.5040570195	 1
3799.38	12.5036342362	 1
3799.43	12.5032159259	 1
3799.48	12.5028035266	 1
3799.53	12.5023970321	 1
3799.58	12.5019949945	 1
3799.63	12.5015974093	 1
3799.68	12.5011985091	 1
3799.73	12.5008011758	 1
3799.78	12.500409727	 1
3799.83	12.5000227177	 1
3799.88	12.4996415821	 1
3799.93	12.4992619997	 1
3799.98	12.4988897205	 1
3800.03	12.4985233001	 1
3800.08	12.4981627332	 1
3800.13	12.4978065777	 1
3800.18	12.4974533938	 1
3800.23	12.4971031786	 1
3800.28	12.4966253269	 1
3800.33	12.4961189716	 1
3800.37	12.4957246504	 1
3800.45	12.4949449878	 1
3800.6	12.4934272122	 1
3800.92	12.4905614795	 1
3801.55	12.4854253829	 1
3801.85	12.4830446889	 1
3802.46	12.4787064846	 1
3803.68	12.4686509049	 1
3806.1	12.4530745084	 1
3807.82	12.4442695348	 1
3811.24	12.4321420115	 1
3813.78	12.4282253429	 1
3815.21	12.4279271005	 1
3816.64	12.4289940664	 1
3817.99	12.4319523153	 1
3819.35	12.4361841008	 1
3822.05	12.4484988279	 1
3825.37	12.4723820104	 1
3828.68	12.5071535734	 1
3831.39	12.5436599854	 1
3832.89	12.5671626291	 1
3834.4	12.5909509612	 1
3834.77	12.5966938681	 1
3835.15	12.6024607244	 1
3835.24	12.6040738097	 1
3835.34	12.6038574488	 1
3835.36	12.6033734892	 1
3835.38	12.6030574005	 1
3835.41	12.6033435681	 1
3835.43	12.6037887459	 1
3835.48	12.6040250707	 1
3835.52	12.6038604186	 1
3835.61	12.6021906195	 1
3835.62	12.6020721804	 1
3835.67	12.6011163181	 1
3835.72	12.6002545321	 1
3835.77	12.599403029	 1
3835.82	12.5985698158	 1
3835.87	12.5977484331	 1
3835.92	12.5969244223	 1
3835.97	12.5960881747	 1
3836.0	12.5956113821	 1
3836.05	12.5946880484	 1
3836.15	12.5928931265	 1
3836.35	12.5894756862	 1
3836.37	12.5891824322	 1
3836.42	12.5883835681	 1
3836.47	12.5875979739	 1
3836.52	12.5868240331	 1
3836.57	12.5859743726	 1
3836.62	12.5849444414	 1
3836.67	12.5839312856	 1
3836.72	12.5829396119	 1
3836.77	12.5819725288	 1
3836.82	12.5810236488	 1
3836.87	12.5800787086	 1
3836.92	12.5791519047	 1
3836.97	12.5782353071	 1
3837.02	12.5773304671	 1
3837.07	12.5764373568	 1
3837.12	12.5755559489	 1
3837.17	12.5746736391	 1
3837.22	12.5737935717	 1
3837.27	12.5729251603	 1
3837.32	12.5720762208	 1
3837.37	12.571238873	 1
3837.42	12.5704021279	 1
3837.47	12.5695785049	 1
3837.52	12.5687679757	 1
3837.57	12.5679642612	 1
3837.62	12.567173594	 1
3837.67	12.5663928257	 1
3837.72	12.565615698	 1
3837.77	12.5646879264	 1
3837.82	12.5636347935	 1
3837.87	12.562590404	 1
3837.88	12.5625116484	 1
3837.93	12.5614822616	 1
3837.98	12.560469321	 1
3838.03	12.5594696808	 1
3838.08	12.5584988023	 1
3838.13	12.5575411283	 1
3838.18	12.5565935315	 1
3838.23	12.5556559869	 1
3838.28	12.5547269257	 1
3838.33	12.5538063273	 1
3838.38	12.5529111326	 1
3838.43	12.5520289554	 1
3838.48	12.5511551473	 1
3838.53	12.550289689	 1
3838.58	12.5494202647	 1
3838.63	12.5485591717	 1
3838.68	12.5477171349	 1
3838.73	12.5468849099	 1
3838.78	12.5460578777	 1
3838.83	12.5452390902	 1
3838.88	12.5444285298	 1
3838.93	12.5436231206	 1
3838.98	12.5427693684	 1
3839.03	12.5419070823	 1
3839.08	12.5410515396	 1
3839.13	12.5402012009	 1
3839.18	12.5393591016	 1
3839.23	12.5385221791	 1
3839.28	12.5376843376	 1
3839.33	12.5368546998	 1
3839.38	12.5360317292	 1
3839.38	12.5359785679	 1
3839.43	12.535160771	 1
3839.48	12.5343511314	 1
3839.53	12.5335481164	 1
3839.58	12.5327607993	 1
3839.63	12.5319800667	 1
3839.68	12.5311983432	 1
3839.73	12.5304201653	 1
3839.78	12.5296455259	 1
3839.83	12.5288774369	 1
3839.88	12.5281219184	 1
3839.93	12.5273699016	 1
3839.98	12.5266243924	 1
3840.03	12.5258823677	 1
3840.08	12.5251453253	 1
3840.13	12.5244012289	 1
3840.18	12.5234848487	 1
3840.23	12.5225766992	 1
3840.28	12.5216752612	 1
3840.33	12.5207805192	 1
3840.38	12.519889463	 1
3840.43	12.5190035806	 1
3840.48	12.5181258502	 1
3840.53	12.5172562531	 1
3840.58	12.5163917856	 1
3840.63	12.5156547458	 1
3840.68	12.5148033919	 1
3840.73	12.51395713	 1
3840.78	12.5131204141	 1
3840.83	12.5122902489	 1
3840.88	12.5114651342	 1
3840.93	12.5106465443	 1
3840.98	12.5098314976	 1
3841.03	12.5090214696	 1
3841.08	12.5082179317	 1
3841.13	12.5074208705	 1
3841.18	12.5066258334	 1
3841.23	12.5058342951	 1
3841.28	12.5050492041	 1
3841.33	12.504274977	 1
3841.38	12.5035263486	 1
3841.43	12.5027811475	 1
3841.48	12.502040841	 1
3841.53	12.5013039471	 1
3841.58	12.500573403	 1
3841.63	12.499846255	 1
3841.68	12.4991254366	 1
3841.73	12.498409467	 1
3841.78	12.4976983373	 1
3841.83	12.4969876372	 1
3841.88	12.4962832311	 1
3841.93	12.4955851075	 1
3841.98	12.4948903261	 1
3842.03	12.4942003446	 1
3842.08	12.4935136918	 1
3842.13	12.4928318238	 1
3842.18	12.4921430449	 1
3842.23	12.4914575879	 1
3842.28	12.490773988	 1
3842.33	12.4900966167	 1
3842.38	12.4894210911	 1
3842.43	12.4887517775	 1
3842.48	12.4880857539	 1
3842.53	12.4873822807	 1
3842.58	12.4866428818	 1
3842.63	12.4859054016	 1
3842.68	12.4851741924	 1
3842.73	12.4844463403	 1
3842.78	12.4837218392	 1
3842.83	12.4830035812	 1
3842.88	12.48228721	 1
3842.93	12.4815756169	 1
3842.98	12.4808687931	 1
3843.03	12.4801652845	 1
3843.08	12.4794665298	 1
3843.13	12.4787710767	 1
3843.18	12.4780803622	 1
3843.23	12.4773958199	 1
3843.28	12.4767131155	 1
3843.33	12.4760365666	 1
3843.38	12.4753618444	 1
3843.43	12.4746932613	 1
3843.48	12.4740264937	 1
3843.53	12.4733644123	 1
3843.58	12.472705573	 1
3843.63	12.4720499706	 1
3843.68	12.4713975994	 1
3843.73	12.4707355526	 1
3843.78	12.4700738758	 1
3843.83	12.4694140006	 1
3843.88	12.4687602171	 1
3843.93	12.4681082244	 1
3843.98	12.4674594489	 1
3844.03	12.4668167426	 1
3844.08	12.4661743841	 1
3844.14	12.4655310053	 1
3844.19	12.4648978961	 1
3844.23	12.4642721982	 1
3844.28	12.4636454605	 1
3844.33	12.4630247481	 1
3844.39	12.4623987108	 1
3844.44	12.461782912	 1
3844.49	12.4611716958	 1
3844.53	12.4605678618	 1
3844.58	12.4599615308	 1
3844.64	12.4593484406	 1
3844.69	12.4587441446	 1
3844.74	12.45814299	 1
3844.78	12.4575506196	 1
3844.83	12.4569557331	 1
3844.89	12.4563583259	 1
3844.94	12.4557385639	 1
3844.99	12.4551191243	 1
3845.03	12.4545084808	 1
3845.08	12.4538967457	 1
3845.14	12.4532810888	 1
3845.19	12.452674213	 1
3845.24	12.4520718765	 1
3845.28	12.4514769003	 1
3845.33	12.4508808049	 1
3845.39	12.4502835838	 1
3845.4	12.4501061766	 1
3845.45	12.4495177982	 1
3845.5	12.4489311153	 1
3845.55	12.4483503422	 1
3845.6	12.4477698506	 1
3845.65	12.4471966609	 1
3845.7	12.446626552	 1
3845.75	12.4460581164	 1
3845.8	12.445491352	 1
3845.85	12.4449304605	 1
3845.9	12.4443684298	 1
3845.95	12.4438136619	 1
3846.0	12.4432591496	 1
3846.05	12.44270769	 1
3846.1	12.4421634728	 1
3846.15	12.4416236932	 1
3846.2	12.4410855514	 1
3846.25	12.4405490455	 1
3846.3	12.4400169639	 1
3846.35	12.4394851164	 1
3846.4	12.4389590792	 1
3846.45	12.4384374509	 1
3846.5	12.4379174399	 1
3846.55	12.4373976519	 1
3846.6	12.4368836531	 1
3846.65	12.4363698719	 1
3846.7	12.4358604792	 1
3846.75	12.4353512999	 1
3846.8	12.4348478905	 1
3846.85	12.4343446893	 1
3846.9	12.4338430841	 1
3846.95	12.4333458475	 1
3847.0	12.4328502005	 1
3847.05	12.4323589134	 1
3847.1	12.4318678241	 1
3847.15	12.4313797022	 1
3847.2	12.4308945442	 1
3847.25	12.4304109626	 1
3847.3	12.429919273	 1
3847.35	12.4294181033	 1
3847.4	12.428922668	 1
3847.45	12.4284288153	 1
3847.5	12.4279365435	 1
3847.55	12.4274458505	 1
3847.6	12.4269608733	 1
3847.65	12.4264760886	 1
3847.7	12.4259942531	 1
3847.75	12.4255153633	 1
3847.8	12.4250394155	 1
3847.85	12.4245636526	 1
3847.9	12.4240935794	 1
3847.95	12.4236236863	 1
3848.0	12.4231567234	 1
3848.05	12.4226940617	 1
3848.1	12.4222343222	 1
3848.15	12.4217775014	 1
3848.2	12.4213235959	 1
3848.25	12.4208726025	 1
3848.3	12.4204217739	 1
3848.35	12.4199765955	 1
3848.4	12.4195315776	 1
3848.45	12.4190894605	 1
3848.5	12.4186516107	 1
3848.55	12.4182152852	 1
3848.6	12.4177845882	 1
3848.65	12.4173526726	 1
3848.7	12.4169236428	 1
3848.75	12.4164974958	 1
3848.8	12.4160742284	 1
3848.85	12.4156524713	 1
3848.9	12.4152349544	 1
3848.95	12.4148175774	 1
3849.0	12.4144030697	 1
3849.05	12.4139900641	 1
3849.1	12.4135812867	 1
3849.15	12.4131726429	 1
3849.2	12.4127682213	 1
3849.25	12.4123652928	 1
3849.3	12.4119638559	 1
3849.35	12.4115666319	 1
3849.4	12.4111708947	 1
3849.45	12.4107752823	 1
3849.5	12.4103852348	 1
3849.55	12.4099939486	 1
3849.6	12.4096082209	 1
3849.65	12.4092239699	 1
3849.7	12.408843911	 1
3849.75	12.4084680399	 1
3849.8	12.4080936379	 1
3849.85	12.4077207037	 1
3849.9	12.4073492358	 1
3849.95	12.4069819452	 1
3850.0	12.4066066265	 1
3850.05	12.4062314192	 1
3850.1	12.4058603876	 1
3850.15	12.4052768411	 1
3850.2	12.4049074474	 1
3850.25	12.4045422212	 1
3850.3	12.4041771	 1
3850.35	12.4038147886	 1
3850.4	12.4034552845	 1
3850.45	12.4030972334	 1
3850.5	12.4027433366	 1
3850.55	12.4023922396	 1
3850.6	12.4020425894	 1
3850.65	12.4016943847	 1
3850.7	12.4013476243	 1
3850.75	12.4010036563	 1
3850.8	12.4006611293	 1
3850.85	12.4003227391	 1
3850.9	12.3999884821	 1
3850.95	12.3996556595	 1
3851.0	12.3993242701	 1
3851.05	12.3989956596	 1
3851.1	12.3986684791	 1
3851.15	12.3983413814	 1
3851.2	12.3980197498	 1
3851.25	12.3976968523	 1
3851.3	12.3973767254	 1
3851.35	12.3970593669	 1
3851.41	12.3967377921	 1
3851.42	12.396646114	 1
3851.47	12.3963316208	 1
3851.52	12.3960198907	 1
3851.57	12.3957095783	 1
3851.62	12.3954006824	 1
3851.67	12.3950945446	 1
3851.72	12.3947898205	 1
3851.77	12.394487851	 1
3851.82	12.3941872925	 1
3851.87	12.3938894851	 1
3851.92	12.3935930859	 1
3851.97	12.3932980938	 1
3852.02	12.3930045079	 1
3852.07	12.3926922287	 1
3852.12	12.3923746659	 1
3852.17	12.3920585199	 1
3852.22	12.3917451282	 1
3852.27	12.3914331502	 1
3852.32	12.3911225849	 1
3852.37	12.3908161067	 1
3852.42	12.3905110376	 1
3852.47	12.3902100508	 1
3852.52	12.38991448	 1
3852.57	12.3896203119	 1
3852.62	12.3893288815	 1
3852.67	12.389038851	 1
3852.72	12.3887515551	 1
3852.77	12.3884656565	 1
3852.82	12.3881811542	 1
3852.87	12.3878967129	 1
3852.92	12.3876109981	 1
3852.97	12.3873293465	 1
3853.02	12.3870464209	 1
3853.07	12.3867662219	 1
3853.12	12.3864900807	 1
3853.17	12.3862139965	 1
3853.22	12.385940634	 1
3853.27	12.3856699914	 1
3853.32	12.3854020668	 1
3853.37	12.3851368585	 1
3853.42	12.3848717024	 1
3853.47	12.384610591	 1
3853.52	12.3843508606	 1
3853.57	12.38409118	 1
3853.62	12.3838342092	 1
3853.67	12.3835812764	 1
3853.72	12.3833283904	 1
3853.77	12.3830768806	 1
3853.82	12.3828280749	 1
3853.87	12.3825806432	 1
3853.92	12.382335913	 1
3853.97	12.3820912264	 1
3854.02	12.381850567	 1
3854.07	12.3816099496	 1
3854.12	12.3813720289	 1
3854.17	12.3811354763	 1
3854.22	12.3809029446	 1
3854.27	12.3806691252	 1
3854.32	12.3804393242	 1
3854.37	12.3802108872	 1
3854.42	12.3799877912	 1
3854.47	12.3797846159	 1
3854.52	12.3795814691	 1
3854.57	12.3793823268	 1
3854.62	12.3791832117	 1
3854.67	12.3789880985	 1
3854.72	12.3787916867	 1
3854.77	12.3785979502	 1
3854.82	12.3784055636	 1
3854.87	12.3782158503	 1
3854.92	12.3780274853	 1
3854.97	12.3778404679	 1
3855.02	12.3776547977	 1
3855.07	12.3774717972	 1
3855.12	12.3772888192	 1
3855.17	12.3771085094	 1
3855.22	12.3769295441	 1
3855.27	12.3767506001	 1
3855.32	12.376580934	 1
3855.37	12.3764126089	 1
3855.42	12.3762456243	 1
3855.47	12.3760813016	 1
3855.52	12.375918318	 1
3855.57	12.3757553515	 1
3855.62	12.3755963663	 1
3855.67	12.3754400397	 1
3855.72	12.3752850496	 1
3855.77	12.3751313956	 1
3855.82	12.3749790773	 1
3855.87	12.3748294148	 1
3855.92	12.3746810867	 1
3855.97	12.3745340927	 1
3856.02	12.3743897523	 1
3856.07	12.3742454248	 1
3856.12	12.3741050698	 1
3856.17	12.373963407	 1
3856.22	12.3738257153	 1
3856.27	12.3736893546	 1
3856.32	12.3735556438	 1
3856.37	12.3734219436	 1
3856.42	12.3732908923	 1
3856.47	12.3731611701	 1
3856.52	12.3730314578	 1
3856.57	12.3729070304	 1
3856.62	12.3727812933	 1
3856.67	12.3726568838	 1
3856.72	12.3725364385	 1
3856.77	12.3724160014	 1
3856.82	12.3723127091	 1
3856.91	12.3721262699	 1
3857.09	12.3717692588	 1
3857.45	12.3711107518	 1
3858.17	12.3700865781	 1
3859.6	12.3688751851	 1
3862.22	12.3702623134	 1
3864.83	12.3778685493	 1
3867.44	12.3897250325	 1
3867.5	12.3900591144	 1
3867.62	12.3907384399	 1
3867.86	12.3921256431	 1
3868.33	12.3950285526	 1
3869.28	12.4015365965	 1
3871.18	12.4172561891	 1
3872.79	12.4342267696	 1
3876.0	12.4747121224	 1
3878.89	12.522921315	 1
3881.78	12.5806432395	 1
3884.67	12.6513322083	 1
3885.0	12.6595477407	 1
3885.65	12.6771630461	 1
3886.52	12.7036905584	 1
3888.05	12.7487649548	 1
3888.43	12.7593021494	 1
3888.81	12.7678612994	 1
3888.91	12.7694523314	 1
3889.0	12.7697827775	 1
3889.02	12.7695068458	 1
3889.05	12.7695499997	 1
3889.07	12.7695098461	 1
3889.1	12.769752069	 1
3889.15	12.7696816295	 1
3889.19	12.7693462288	 1
3889.28	12.7677725153	 1
3889.29	12.7676762482	 1
3889.34	12.7667149214	 1
3889.39	12.7654481978	 1
3889.44	12.7642617451	 1
3889.49	12.7631245639	 1
3889.54	12.7620173086	 1
3889.59	12.7609149609	 1
3889.64	12.7598175073	 1
3889.67	12.7588184013	 1
3889.73	12.7569222082	 1
3889.86	12.7532156867	 1
3890.05	12.7480159052	 1
3890.43	12.7367714629	 1
3891.19	12.7130750892	 1
3891.57	12.7016176385	 1
3892.34	12.6771137115	 1
3893.1	12.6559542768	 1
3894.61	12.6149019686	 1
3897.64	12.5421486763	 1
3899.2	12.5101727829	 1
3902.33	12.451281134	 1
3905.31	12.4056401133	 1
3908.29	12.3661133137	 1
3911.41	12.3343572646	 1
3914.54	12.3082126744	 1
3917.51	12.2883623617	 1
3920.49	12.2743197096	 1
3923.47	12.2654332574	 1
3923.54	12.2652956178	 1
3923.67	12.2650296098	 1
3923.93	12.2645199444	 1
3924.45	12.2635849743	 1
3925.49	12.2620185115	 1
3927.56	12.2604901437	 1
3929.56	12.2612274419	 1
3933.45	12.2688334864	 1
3937.35	12.2854400791	 1
3939.18	12.2963308573	 1
3941.01	12.3091887205	 1
3944.67	12.3425859144	 1
3947.24	12.37196994	 1
3949.81	12.4054921568	 1
3952.38	12.4450226984	 1
3953.47	12.4645329117	 1
3955.67	12.5074312533	 1
3959.7	12.5974343055	 1
3961.72	12.6492596496	 1
3963.74	12.7104741262	 1
3965.93	12.7843332273	 1
3967.49	12.8458680364	 1
3969.05	12.9174567398	 1
3969.44	12.9381655329	 1
3969.83	12.9630353006	 1
3969.93	12.969795103	 1
3970.02	12.9744781237	 1
3970.05	12.9749263434	 1
3970.07	12.975314511	 1
3970.09	12.9749287965	 1
3970.12	12.9744501809	 1
3970.17	12.9723477613	 1
3970.22	12.9697624106	 1
3970.31	12.9631698818	 1
3970.31	12.9629171508	 1
3970.36	12.959494477	 1
3970.42	12.9559334267	 1
3970.47	12.9526348181	 1
3970.51	12.9494965143	 1
3970.56	12.946278695	 1
3970.61	12.9432285863	 1
3970.67	12.9403039846	 1
3970.7	12.9379820325	 1
3970.78	12.933505819	 1
3970.94	12.9253814756	 1
3971.09	12.9170954369	 1
3971.41	12.901396683	 1
3972.05	12.8714420122	 1
3972.65	12.8450758109	 1
3973.86	12.7963399965	 1
3974.21	12.7831586679	 1
3974.9	12.7592365131	 1
3976.29	12.7123556009	 1
3979.06	12.6291229082	 1
3980.44	12.5938437367	 1
3983.2	12.5271412524	 1
3986.67	12.4556232626	 1
3990.14	12.3943030738	 1
3992.9	12.3531441733	 1
3998.42	12.2819141227	 1
3999.13	12.2740857922	 1
4000.56	12.2593546436	 1
4003.43	12.2325329085	 1
4005.36	12.2162476917	 1
4009.23	12.188347441	 1
4011.59	12.1738395047	 1
4016.33	12.1498415157	 1
4017.82	12.1435214769	 1
4020.82	12.1326780327	 1
4024.05	12.1239356814	 1
4029.98	12.1151348663	 1
4035.9	12.1142427345	 1
4035.95	12.1142670485	 1
4036.0	12.114290227	 1
4036.05	12.1143156847	 1
4036.1	12.1143400069	 1
4036.15	12.1143654703	 1
4036.2	12.1143920749	 1
4036.25	12.1144186825	 1
4036.3	12.1144441545	 1
4036.35	12.114470768	 1
4036.4	12.1144985231	 1
4036.45	12.1145262813	 1
4036.5	12.1145551814	 1
4036.55	12.1145840846	 1
4036.6	12.1146141299	 1
4036.65	12.1146430396	 1
4036.7	12.1146730916	 1
4036.75	12.1147031468	 1
4036.8	12.1147354836	 1
4036.85	12.1147655456	 1
4036.9	12.1147978894	 1
4036.95	12.1148302368	 1
4037.0	12.1148637271	 1
4037.05	12.1148972211	 1
4037.1	12.1149295793	 1
4037.15	12.1149642202	 1
4037.2	12.1149988649	 1
4037.25	12.1150335134	 1
4037.3	12.1150693055	 1
4037.35	12.1151051016	 1
4037.4	12.1151409016	 1
4037.45	12.1151778455	 1
4037.5	12.1152147935	 1
4037.55	12.1152517456	 1
4037.6	12.115289842	 1
4037.65	12.1153279425	 1
4037.7	12.1153671876	 1
4037.75	12.1154075774	 1
4037.8	12.1154468313	 1
4037.85	12.1154872301	 1
4037.9	12.1155276333	 1
4037.95	12.1155703224	 1
4038.0	12.1156118755	 1
4038.05	12.1156545741	 1
4038.1	12.1156961366	 1
4038.15	12.1157422675	 1
4038.2	12.1157884036	 1
4038.25	12.1158334039	 1
4038.3	12.1158806917	 1
4038.35	12.1159279848	 1
4038.41	12.115968765	 1
4038.46	12.1160172103	 1
4038.5	12.1160721796	 1
4038.55	12.1161206361	 1
4038.6	12.1161690982	 1
4038.66	12.1162144725	 1
4038.71	12.1162629459	 1
4038.75	12.1163190852	 1
4038.8	12.1163709957	 1
4038.85	12.1164217703	 1
4038.91	12.1164683164	 1
4038.96	12.1165213873	 1
4039.0	12.1165786984	 1
4039.05	12.1166329239	 1
4039.1	12.1166871559	 1
4039.16	12.1167394459	 1
4039.21	12.1167948336	 1
4039.25	12.1168578893	 1
4039.3	12.1169155759	 1
4039.35	12.1169744124	 1
4039.41	12.1170255942	 1
4039.46	12.1170855879	 1
4039.5	12.1171498212	 1
4039.55	12.1172098293	 1
4039.6	12.1172698446	 1
4039.66	12.1173244918	 1
4039.71	12.1173868089	 1
4039.75	12.1174522217	 1
4039.8	12.1175145538	 1
4039.85	12.1175768937	 1
4039.91	12.1176338661	 1
4039.96	12.1176973653	 1
4040.01	12.1177608725	 1
4040.06	12.1178243874	 1
4040.11	12.1178890546	 1
4040.16	12.1179525853	 1
4040.21	12.118018413	 1
4040.26	12.1180853935	 1
4040.31	12.1181512377	 1
4040.36	12.118218235	 1
4040.41	12.118282951	 1
4040.46	12.11835111	 1
4040.51	12.1184192776	 1
4040.56	12.1184863087	 1
4040.61	12.1185567842	 1
4040.66	12.1186261233	 1
4040.71	12.1186977623	 1
4040.76	12.1187705561	 1
4040.81	12.1188422138	 1
4040.86	12.1189150265	 1
4040.91	12.1189889946	 1
4040.93	12.1190286692	 1
4040.98	12.1191037979	 1
4041.08	12.1192540852	 1
4041.28	12.1195616591	 1
4041.69	12.1201902885	 1
4042.49	12.1215408151	 1
4044.1	12.1247161867	 1
4045.96	12.129455713	 1
4049.69	12.1413462929	 1
4052.4	12.15252371	 1
4057.82	12.183329822	 1
4058.84	12.1899051627	 1
4060.86	12.2040681284	 1
4064.92	12.236333181	 1
4065.27	12.2394469556	 1
4065.98	12.2460085159	 1
4067.4	12.2597526632	 1
4070.23	12.2893311411	 1
4071.71	12.3063976984	 1
4074.68	12.3436941238	 1
4078.15	12.3938930606	 1
4081.37	12.4465568935	 1
4084.58	12.5073279868	 1
4087.8	12.5752549673	 1
4091.02	12.6522449341	 1
4094.24	12.7440370854	 1
4097.46	12.8529087497	 1
4099.07	12.9214359143	 1
4099.87	12.9625038988	 1
4100.68	13.0105512279	 1
4101.08	13.0415186285	 1
4101.48	13.0766629178	 1
4101.48	13.0767741515	 1
4101.53	13.0804992126	 1
4101.58	13.0840448676	 1
4101.68	13.0873597831	 1
4101.71	13.0875570801	 1
4101.73	13.0877798848	 1
4101.76	13.0875507777	 1
4101.78	13.0873471707	 1
4101.83	13.0861431643	 1
4101.88	13.0840009163	 1
4101.99	13.0766182534	 1
4102.19	13.0577849654	 1
4102.39	13.041377375	 1
4102.79	13.0104674302	 1
4102.79	13.0102660719	 1
4102.84	13.0069399727	 1
4102.94	13.0008631931	 1
4103.04	12.9947693614	 1
4103.14	12.9886405209	 1
4103.24	12.9824120134	 1
4103.34	12.976374587	 1
4103.44	12.9705175216	 1
4103.54	12.9649514384	 1
4103.64	12.959523414	 1
4103.74	12.9539510055	 1
4103.84	12.9485384555	 1
4103.94	12.9432911196	 1
4104.04	12.9381841384	 1
4104.14	12.9332056654	 1
4104.24	12.9283042408	 1
4104.34	12.923545902	 1
4104.4	12.9207966485	 1
4104.52	12.9153898582	 1
4104.75	12.9051548558	 1
4105.22	12.8842205462	 1
4106.01	12.8520041374	 1
4107.59	12.7959705345	 1
4109.17	12.7447190374	 1
4112.32	12.6540314106	 1
4112.45	12.6508008927	 1
4112.69	12.6445030968	 1
4113.18	12.6320083906	 1
4114.16	12.6079412316	 1
4116.12	12.5638428707	 1
4118.88	12.5055189668	 1
4124.41	12.4058329035	 1
4125.32	12.3911328286	 1
4127.15	12.3632022902	 1
4130.81	12.3133537629	 1
4131.76	12.301389954	 1
4133.66	12.278727732	 1
4137.47	12.2374606551	 1
4138.2	12.2301339191	 1
4139.65	12.2165053974	 1
4142.57	12.1910596636	 1
4144.63	12.1742659997	 1
4148.76	12.1435618217	 1
4151.07	12.1278010012	 1
4155.69	12.1021653087	 1
4157.51	12.0930531489	 1
4161.15	12.0766268742	 1
4163.94	12.0655344709	 1
4169.54	12.0457358293	 1
4170.38	12.0430415353	 1
4172.06	12.0378315877	 1
4175.42	12.0282191924	 1
4176.82	12.0245075047	 1
4179.61	12.0175890083	 1
4183.26	12.0108236547	 1
4183.35	12.0106835641	 1
4183.44	12.0105401483	 1
4183.62	12.0102555679	 1
4183.98	12.0096920743	 1
4184.7	12.0085843988	 1
4186.15	12.0064364939	 1
4189.04	12.001259972	 1
4194.81	11.9946407757	 1
4200.6	11.9899059348	 1
4206.38	11.9864924416	 1
4212.15	11.9843811142	 1
4217.93	11.9837487892	 1
4218.81	11.9838206188	 1
4220.58	11.984051806	 1
4224.1	11.9848689124	 1
4231.16	11.9884911241	 1
4238.21	11.9942366793	 1
4245.26	12.0017769782	 1
4252.32	12.0116524425	 1
4254.19	12.0147504353	 1
4257.95	12.0214494139	 1
4261.01	12.0273981528	 1
4267.12	12.0475122712	 1
4267.82	12.0501500176	 1
4269.23	12.0555564729	 1
4272.04	12.0656161515	 1
4274.63	12.0769434285	 1
4279.81	12.1016992945	 1
4281.44	12.1101052025	 1
4284.71	12.1283051454	 1
4288.25	12.1498260471	 1
4295.07	12.1996533569	 1
4301.88	12.2584506762	 1
4301.93	12.2589232085	 1
4302.03	12.2598556503	 1
4302.13	12.2607889839	 1
4302.23	12.261720248	 1
4302.33	12.2626553674	 1
4302.43	12.2635884153	 1
4302.53	12.2645238415	 1
4302.63	12.2654601649	 1
4302.73	12.266395899	 1
4302.83	12.2673340204	 1
4302.93	12.2682715531	 1
4303.03	12.2692084945	 1
4303.13	12.2701493232	 1
4303.23	12.271086574	 1
4303.33	12.2720262217	 1
4303.43	12.2729652766	 1
4303.53	12.2739127306	 1
4303.63	12.2748596033	 1
4303.73	12.2758073942	 1
4303.83	12.2767576081	 1
4303.93	12.2777568941	 1
4304.03	12.2787858136	 1
4304.13	12.2798233468	 1
4304.23	12.2808815918	 1
4304.33	12.2819409713	 1
4304.43	12.282998463	 1
4304.53	12.2840616291	 1
4304.63	12.2851244244	 1
4304.73	12.2861868466	 1
4304.83	12.2872504117	 1
4304.93	12.2883151222	 1
4305.03	12.2893809805	 1
4305.13	12.2904449424	 1
4305.23	12.2915131	 1
4305.33	12.2925808861	 1
4305.43	12.2936513541	 1
4305.53	12.2947214523	 1
4305.63	12.2957942403	 1
4305.73	12.2968681926	 1
4305.83	12.2979417776	 1
4305.93	12.2990165285	 1
4306.03	12.3000909105	 1
4306.13	12.3011664601	 1
4306.23	12.3022524236	 1
4306.33	12.3033349522	 1
4306.43	12.3044202093	 1
4306.53	12.3055066567	 1
4306.63	12.3065927498	 1
4306.73	12.3076800351	 1
4306.83	12.3087762666	 1
4306.93	12.3098923355	 1
4307.03	12.3110081066	 1
4307.13	12.3121235774	 1
4307.23	12.3132403027	 1
4307.33	12.3143582852	 1
4307.43	12.3154744067	 1
4307.53	12.3165949083	 1
4307.63	12.3177198027	 1
4307.73	12.3188444064	 1
4307.83	12.3199687171	 1
4307.93	12.3210943015	 1
4308.03	12.3222211621	 1
4308.13	12.3233493017	 1
4308.23	12.3244944629	 1
4308.33	12.3256456704	 1
4308.43	12.3267982103	 1
4308.53	12.3279489273	 1
4308.63	12.3291009757	 1
4308.69	12.3297618379	 1
4308.81	12.3310848848	 1
4309.04	12.3337556157	 1
4309.5	12.3394187834	 1
4310.42	12.3510309776	 1
4312.26	12.3748181612	 1
4315.5	12.4194185261	 1
4321.98	12.5246984238	 1
4322.31	12.5306489746	 1
4322.97	12.5428055928	 1
4324.29	12.5682309912	 1
4326.93	12.6229649902	 1
4329.13	12.672759273	 1
4333.53	12.7907188241	 1
4335.94	12.8697432883	 1
4337.64	12.9385635497	 1
4338.49	12.9828977967	 1
4339.34	13.0389580053	 1
4339.39	13.0432460036	 1
4339.49	13.0522389082	 1
4339.59	13.0614431334	 1
4339.69	13.0715306142	 1
4339.77	13.0799959472	 1
4339.92	13.0992708912	 1
4340.06	13.1214148895	 1
4340.2	13.1505087489	 1
4340.3	13.1783668494	 1
4340.41	13.2003752647	 1
4340.44	13.2028292931	 1
4340.46	13.2039284177	 1
4340.49	13.2028652695	 1
4340.52	13.2004168824	 1
4340.57	13.1912022595	 1
4340.62	13.1784523059	 1
4340.73	13.1504487223	 1
4340.83	13.1269794523	 1
4340.94	13.1081618751	 1
4341.15	13.0798469667	 1
4341.37	13.0577950635	 1
4341.58	13.0388121644	 1
4342.0	13.0078765833	 1
4342.43	12.9825964061	 1
4343.28	12.9381293095	 1
4344.13	12.9010527714	 1
4344.98	12.8691450018	 1
4345.04	12.86729757	 1
4345.14	12.8636586335	 1
4345.24	12.8600996983	 1
4345.33	12.8565518379	 1
4345.44	12.8529818009	 1
4345.54	12.8494774485	 1
4345.64	12.8459918195	 1
4345.74	12.8425041255	 1
4345.84	12.839011848	 1
4345.94	12.8357612699	 1
4346.04	12.8324919691	 1
4346.14	12.8292168884	 1
4346.24	12.8259691561	 1
4346.34	12.8227333504	 1
4346.44	12.8194815929	 1
4346.54	12.8162871303	 1
4346.64	12.8132374472	 1
4346.74	12.8101809933	 1
4346.84	12.8071178476	 1
4346.94	12.8040854731	 1
4347.04	12.8010513276	 1
4347.14	12.7980005765	 1
4347.24	12.7949210211	 1
4347.34	12.7918720808	 1
4347.44	12.7888117379	 1
4347.54	12.7857572686	 1
4347.64	12.7827110918	 1
4347.74	12.7796609729	 1
4347.84	12.7766021052	 1
4347.94	12.7736752019	 1
4348.04	12.7707583212	 1
4348.14	12.7678321091	 1
4348.24	12.7649134978	 1
4348.34	12.7620000479	 1
4348.44	12.7590965243	 1
4348.54	12.7562076419	 1
4348.64	12.7534856594	 1
4348.74	12.7507559889	 1
4348.84	12.7480163344	 1
4348.94	12.745285691	 1
4349.04	12.7425569367	 1
4349.14	12.7398206677	 1
4349.24	12.7371355987	 1
4349.34	12.7345154148	 1
4349.44	12.7318919635	 1
4349.54	12.7292699406	 1
4349.64	12.7266749108	 1
4349.74	12.724074243	 1
4349.84	12.7214633653	 1
4349.94	12.7188654371	 1
4350.04	12.7162642679	 1
4350.14	12.7136530049	 1
4350.24	12.7110500625	 1
4350.34	12.7084553961	 1
4350.44	12.70585984	 1
4350.54	12.7032565893	 1
4350.64	12.7007274242	 1
4350.74	12.6981903206	 1
4350.84	12.6956453458	 1
4350.94	12.6930993298	 1
4351.04	12.6905545422	 1
4351.14	12.687997524	 1
4351.24	12.6854977755	 1
4351.34	12.6831018366	 1
4351.44	12.6807064987	 1
4351.54	12.6783073202	 1
4351.64	12.6759154346	 1
4351.74	12.6735241615	 1
4351.8	12.6721484456	 1
4351.91	12.6694069988	 1
4352.14	12.6640202271	 1
4352.6	12.6532315438	 1
4353.53	12.6328274685	 1
4355.37	12.593903563	 1
4358.61	12.5308658015	 1
4361.85	12.4753355963	 1
4365.09	12.4258539035	 1
4365.42	12.4211438815	 1
4366.08	12.4118121124	 1
4367.41	12.3936818471	 1
4370.06	12.3596272601	 1
4372.23	12.3333644314	 1
4376.58	12.2870612535	 1
4379.04	12.2641890576	 1
4383.98	12.2223932545	 1
4385.86	12.2076468432	 1
4389.61	12.1795412945	 1
4392.67	12.1601141829	 1
4398.79	12.1259856012	 1
4399.48	12.122574346	 1
4400.86	12.115868726	 1
4403.62	12.1030736873	 1
4406.29	12.0914122717	 1
4411.64	12.0702660043	 1
4413.1	12.0649227184	 1
4416.04	12.0548338352	 1
4419.92	12.0433199254	 1
4426.73	12.0314471129	 1
4428.13	12.0292505373	 1
4429.52	12.0271257024	 1
4432.32	12.0231111382	 1
4437.92	12.0163404704	 1
4443.51	12.010440286	 1
4449.1	12.005348146	 1
4454.7	12.0010439478	 1
4460.29	11.9973542668	 1
4465.89	11.9942614963	 1
4471.48	11.992216633	 1
4477.08	11.9905093374	 1
4478.74	11.9900655694	 1
4482.08	11.9892471593	 1
4488.75	11.9879476097	 1
4495.41	11.9870679687	 1
4502.08	11.9865092923	 1
4508.75	11.986223209	 1
4515.42	11.9862295861	 1
4522.09	11.9864687085	 1
4528.75	11.9869041709	 1
4535.42	11.987509022	 1
4542.09	11.9884284301	 1
4548.76	11.9896143032	 1
4552.57	11.990387553	 1
4560.19	11.9920260489	 1
4567.81	11.9937889476	 1
4575.44	11.9956770588	 1
4583.06	11.9976923931	 1
4590.68	11.9998119714	 1
4598.3	12.001967901	 1
4605.92	12.0035820329	 1
4613.55	12.0061133565	 1
4621.17	12.0087672481	 1
4628.79	12.0115270926	 1
4636.41	12.0144492221	 1
4644.03	12.0175058882	 1
4651.66	12.0206889828	 1
4659.28	12.0240615734	 1
4666.9	12.0278610338	 1
4674.52	12.0321862396	 1
4675.61	12.0328272279	 1
4677.8	12.0341227612	 1
4682.17	12.0367917712	 1
4690.9	12.0424144456	 1
4699.64	12.0486163303	 1
4708.37	12.0553415743	 1
4717.11	12.0626545715	 1
4720.16	12.0654354587	 1
4726.26	12.0712751523	 1
4732.36	12.0775009248	 1
4738.46	12.0846376726	 1
4744.56	12.0936261274	 1
4750.65	12.1034434377	 1
4756.75	12.1142105658	 1
4762.85	12.1260094857	 1
4764.71	12.129795722	 1
4768.41	12.1376442008	 1
4772.33	12.1467926386	 1
4779.96	12.1664863112	 1
4787.59	12.1922396232	 1
4795.22	12.2230161252	 1
4795.27	12.2232332607	 1
4795.37	12.2236676913	 1
4795.47	12.2241023349	 1
4795.57	12.224535413	 1
4795.67	12.2249704824	 1
4795.77	12.2254057653	 1
4795.87	12.225841262	 1
4795.97	12.2262769726	 1
4796.07	12.2267128974	 1
4796.17	12.2271490364	 1
4796.27	12.2275889583	 1
4796.37	12.2280255281	 1
4796.47	12.2284623128	 1
4796.57	12.2289010992	 1
4796.67	12.2293401023	 1
4796.77	12.2297775344	 1
4796.87	12.23021876	 1
4796.97	12.2306566252	 1
4797.07	12.2310964969	 1
4797.17	12.2315365864	 1
4797.27	12.2319768939	 1
4797.37	12.2324192127	 1
4797.47	12.2328599576	 1
4797.57	12.2333027158	 1
4797.67	12.2337438989	 1
4797.77	12.234185301	 1
4797.87	12.2346341104	 1
4797.97	12.2350849434	 1
4798.07	12.2355378029	 1
4798.17	12.2359890924	 1
4798.27	12.2364406101	 1
4798.38	12.2368896319	 1
4798.48	12.2373416074	 1
4798.58	12.2377974172	 1
4798.67	12.2382561809	 1
4798.77	12.2387088457	 1
4798.88	12.2391590202	 1
4798.98	12.2396157571	 1
4799.08	12.2400709203	 1
4799.17	12.2405308397	 1
4799.27	12.2409864664	 1
4799.38	12.2414396101	 1
4799.48	12.2418957021	 1
4799.58	12.2423538377	 1
4799.67	12.2428167321	 1
4799.77	12.2432735239	 1
4799.88	12.2437278386	 1
4799.98	12.2441869124	 1
4800.08	12.2446462216	 1
4800.18	12.2451057662	 1
4800.28	12.2455655467	 1
4800.38	12.2460237451	 1
4800.48	12.2464858156	 1
4800.58	12.2469444849	 1
4800.68	12.2474052096	 1
4800.78	12.2478679924	 1
4800.88	12.2483346582	 1
4800.98	12.2488052124	 1
4801.08	12.2492760126	 1
4801.18	12.2497470592	 1
4801.28	12.2502183523	 1
4801.38	12.2506935452	 1
4801.48	12.2511653338	 1
4801.58	12.251639198	 1
4801.68	12.2521114823	 1
4801.78	12.2525876742	 1
4801.88	12.2530604559	 1
4801.98	12.2535353175	 1
4802.08	12.2540104294	 1
4802.18	12.2544876251	 1
4802.28	12.2549632389	 1
4802.38	12.2554391036	 1
4802.48	12.2559170555	 1
4802.58	12.2563934237	 1
4802.68	12.2568700434	 1
4802.78	12.2573505926	 1
4802.85	12.2577033159	 1
4803.0	12.2584083328	 1
4803.29	12.2598263895	 1
4803.88	12.2628717212	 1
4805.06	12.2691417872	 1
4807.42	12.2819491199	 1
4810.48	12.2994824304	 1
4816.6	12.3419007231	 1
4818.11	12.353150313	 1
4821.13	12.376489031	 1
4825.74	12.4149506178	 1
4833.37	12.4919760988	 1
4837.18	12.5361738311	 1
4841.0	12.5869718389	 1
4841.05	12.5876785332	 1
4841.15	12.5890832494	 1
4841.25	12.5904873651	 1
4841.35	12.5918908754	 1
4841.45	12.5932886831	 1
4841.55	12.59469351	 1
4841.65	12.5961411229	 1
4841.75	12.5975933477	 1
4841.85	12.5990809213	 1
4841.95	12.600568098	 1
4842.05	12.6020471712	 1
4842.15	12.6035258163	 1
4842.25	12.6049988794	 1
4842.35	12.6064714905	 1
4842.45	12.6079358994	 1
4842.55	12.6093972395	 1
4842.65	12.6108580839	 1
4842.75	12.6123132429	 1
4842.85	12.6137678819	 1
4842.95	12.6152141971	 1
4843.05	12.616662564	 1
4843.15	12.6181416632	 1
4843.25	12.6196255158	 1
4843.35	12.6211402814	 1
4843.45	12.6226520553	 1
4843.55	12.6241660651	 1
4843.65	12.6256744404	 1
4843.75	12.6271797832	 1
4843.85	12.6286899765	 1
4843.95	12.6302129484	 1
4844.05	12.6317434698	 1
4844.15	12.6332868593	 1
4844.25	12.6348272796	 1
4844.35	12.6363673665	 1
4844.45	12.6379416457	 1
4844.55	12.6395130236	 1
4844.65	12.641102797	 1
4844.75	12.6426896995	 1
4844.85	12.6443057816	 1
4844.95	12.6459190565	 1
4845.05	12.6475268269	 1
4845.15	12.6491290638	 1
4845.25	12.6507338041	 1
4845.35	12.6523464406	 1
4845.45	12.6539670059	 1
4845.55	12.6556063367	 1
4845.65	12.6572672217	 1
4845.75	12.6589226629	 1
4845.85	12.6605726305	 1
4845.95	12.6622170945	 1
4846.05	12.6638614697	 1
4846.15	12.6655166574	 1
4846.25	12.6671717811	 1
4846.35	12.6688623926	 1
4846.45	12.6705530438	 1
4846.55	12.6722354988	 1
4846.65	12.6739124623	 1
4846.75	12.6755866562	 1
4846.85	12.677304932	 1
4846.95	12.6790122687	 1
4847.05	12.6807390344	 1
4847.15	12.6824908609	 1
4847.25	12.6842456662	 1
4847.35	12.6859895613	 1
4847.45	12.6877336246	 1
4847.55	12.6894639075	 1
4847.65	12.6912082721	 1
4847.75	12.692961187	 1
4847.85	12.694756324	 1
4847.95	12.6965545852	 1
4848.05	12.698347544	 1
4848.15	12.7001295339	 1
4848.25	12.701903316	 1
4848.35	12.7036773236	 1
4848.45	12.7054628781	 1
4848.55	12.7072657051	 1
4848.63	12.7086148132	 1
4848.77	12.7113244518	 1
4849.07	12.7167103199	 1
4849.66	12.7277218227	 1
4850.84	12.7505454843	 1
4853.2	12.8009576249	 1
4856.26	12.878156235	 1
4858.16	12.93999125	 1
4859.12	12.9814446639	 1
4860.07	13.0394796945	 1
4860.31	13.0603227595	 1
4860.55	13.0875411462	 1
4860.67	13.1051029103	 1
4860.79	13.1273113471	 1
4860.9	13.1569210822	 1
4861.02	13.1978703919	 1
4861.08	13.2179523994	 1
4861.14	13.2461977712	 1
4861.2	13.2667753716	 1
4861.26	13.2800125533	 1
4861.29	13.2835514729	 1
4861.32	13.2850515778	 1
4861.35	13.2835925404	 1
4861.38	13.2798574889	 1
4861.44	13.2663054728	 1
4861.5	13.2463648504	 1
4861.56	13.2227139098	 1
4861.62	13.1982072499	 1
4861.74	13.156321602	 1
4861.87	13.126249895	 1
4861.99	13.1037487555	 1
4862.1	13.0875489136	 1
4862.32	13.0620001937	 1
4862.54	13.0421015704	 1
4862.58	13.0394154685	 1
4862.64	13.0341989963	 1
4862.78	13.0241403033	 1
4863.05	13.0072515709	 1
4863.58	12.9785507898	 1
4864.48	12.9399483945	 1
4865.38	12.9088849813	 1
4866.27	12.8814351932	 1
4866.39	12.8781899325	 1
4866.62	12.8717086151	 1
4867.08	12.8592846094	 1
4867.99	12.8356663108	 1
4869.82	12.793078755	 1
4873.47	12.7193879311	 1
4874.02	12.7094619053	 1
4875.11	12.6901630687	 1
4877.3	12.6536913401	 1
4881.65	12.58932918	 1
4885.46	12.5395059607	 1
4889.28	12.4964270304	 1
4896.91	12.4220784514	 1
4900.72	12.3913568923	 1
4904.54	12.3634077543	 1
4904.59	12.363051612	 1
4904.69	12.3623544226	 1
4904.79	12.3616534044	 1
4904.89	12.3609548938	 1
4904.99	12.3602567782	 1
4905.09	12.3595569497	 1
4905.19	12.3588575177	 1
4905.29	12.3581605864	 1
4905.39	12.3574598412	 1
4905.49	12.3567615958	 1
4905.59	12.3560637449	 1
4905.69	12.3553662882	 1
4905.79	12.3546650283	 1
4905.89	12.3539683609	 1
4905.99	12.3532699903	 1
4906.09	12.3525699198	 1
4906.19	12.3518723395	 1
4906.29	12.3511751529	 1
4906.39	12.3504762689	 1
4906.49	12.3497798697	 1
4906.59	12.3490859513	 1
4906.69	12.3483945093	 1
4906.79	12.3477055396	 1
4906.89	12.3470336304	 1
4906.99	12.3463600012	 1
4907.09	12.3456867376	 1
4907.19	12.3450138391	 1
4907.29	12.344343385	 1
4907.39	12.3436712142	 1
4907.49	12.3429994073	 1
4907.59	12.3423279638	 1
4907.69	12.3416548082	 1
4907.79	12.3409840915	 1
4907.89	12.3403116643	 1
4907.99	12.3396396013	 1
4908.09	12.3389699722	 1
4908.19	12.338298635	 1
4908.29	12.3376276607	 1
4908.39	12.3369591155	 1
4908.49	12.3362909299	 1
4908.59	12.3356210394	 1
4908.69	12.3349535732	 1
4908.79	12.3342885273	 1
4908.89	12.3336197156	 1
4908.99	12.3329533235	 1
4909.09	12.3322872885	 1
4909.19	12.3316195532	 1
4909.29	12.3309542326	 1
4909.39	12.330289268	 1
4909.49	12.3296226054	 1
4909.59	12.3289583528	 1
4909.69	12.3282985575	 1
4909.79	12.3276391119	 1
4909.89	12.3269964076	 1
4909.99	12.3263519861	 1
4910.09	12.3257058503	 1
4910.19	12.3250620946	 1
4910.29	12.3244166261	 1
4910.39	12.323775578	 1
4910.49	12.3231307742	 1
4910.59	12.3224863034	 1
4910.69	12.3218462451	 1
4910.79	12.3212044756	 1
4910.89	12.3205630357	 1
4910.99	12.3199219251	 1
4911.09	12.3192994629	 1
4911.19	12.3187485177	 1
4911.29	12.3181957761	 1
4911.39	12.3176473388	 1
4911.49	12.3170991365	 1
4911.59	12.3165511689	 1
4911.69	12.3160034359	 1
4911.79	12.3154559371	 1
4911.89	12.3149086725	 1
4911.99	12.3143616417	 1
4912.09	12.3138168707	 1
4912.17	12.3134087658	 1
4912.31	12.3126058306	 1
4912.61	12.3109926406	 1
4913.21	12.3078509463	 1
4914.39	12.3016814751	 1
4916.77	12.2897192325	 1
4919.79	12.2755097002	 1
4925.85	12.2509508147	 1
4927.42	12.2449933797	 1
4930.57	12.233636042	 1
4935.05	12.2187080033	 1
4942.68	12.197626854	 1
4950.31	12.1824750292	 1
4957.94	12.1701028721	 1
4957.99	12.1700303448	 1
4958.09	12.169885298	 1
4958.19	12.1697402615	 1
4958.29	12.1695934277	 1
4958.39	12.1694502195	 1
4958.49	12.1693070212	 1
4958.59	12.1691620259	 1
4958.69	12.1690188477	 1
4958.79	12.1688756796	 1
4958.89	12.1687325214	 1
4958.99	12.1685893732	 1
4959.09	12.168446235	 1
4959.19	12.168306719	 1
4959.29	12.1681636004	 1
4959.39	12.1680222976	 1
4959.49	12.1678791988	 1
4959.59	12.1677379154	 1
4959.69	12.1675966416	 1
4959.79	12.1674553775	 1
4959.89	12.167314123	 1
4959.99	12.167174683	 1
4960.09	12.1670352523	 1
4960.19	12.1668940264	 1
4960.29	12.1667546144	 1
4960.39	12.1666152118	 1
4960.49	12.1664758184	 1
4960.59	12.1663364344	 1
4960.69	12.1661988634	 1
4960.79	12.1660594978	 1
4960.89	12.1659201415	 1
4960.99	12.165784401	 1
4961.09	12.165646866	 1
4961.19	12.1655129459	 1
4961.29	12.1653790342	 1
4961.39	12.1652451308	 1
4961.49	12.1651094333	 1
4961.59	12.1649773492	 1
4961.69	12.1648434709	 1
4961.79	12.164711403	 1
4961.89	12.1645793432	 1
4961.99	12.1644454897	 1
4962.09	12.1643134462	 1
4962.19	12.1641796093	 1
4962.29	12.1640493833	 1
4962.4	12.1639129881	 1
4962.5	12.1637809768	 1
4962.6	12.1636507745	 1
4962.69	12.1635231549	 1
4962.79	12.1633929681	 1
4962.9	12.1632584138	 1
4963.0	12.1631282427	 1
4963.1	12.1629980793	 1
4963.19	12.1628722989	 1
4963.29	12.1627421509	 1
4963.4	12.1626094355	 1
4963.5	12.1624793031	 1
4963.6	12.1623509778	 1
4963.69	12.1622252354	 1
4963.79	12.1620969251	 1
4963.9	12.1619660468	 1
4964.0	12.1618377514	 1
4964.1	12.1617094634	 1
4964.2	12.1615811829	 1
4964.3	12.1614529099	 1
4964.4	12.161328241	 1
4964.5	12.1612017808	 1
4964.6	12.1610735298	 1
4964.7	12.160948882	 1
4964.8	12.1608224434	 1
4964.9	12.1606960119	 1
4965.0	12.1605713851	 1
4965.1	12.1604449679	 1
4965.2	12.1603221523	 1
4965.3	12.1601957491	 1
4965.4	12.1600729471	 1
4965.5	12.1599483548	 1
4965.6	12.1598255662	 1
4965.7	12.1597009876	 1
4965.8	12.1595782123	 1
4965.9	12.1594536474	 1
4966.0	12.1593308856	 1
4966.1	12.1592099264	 1
4966.2	12.1590853818	 1
4966.3	12.1589644356	 1
4966.4	12.1588434958	 1
4966.5	12.1587207669	 1
4966.6	12.1585980446	 1
4966.7	12.1584789194	 1
4966.8	12.1583562101	 1
4966.9	12.1582353024	 1
4967.0	12.1581144011	 1
4967.1	12.1579953009	 1
4967.2	12.1578762068	 1
4967.3	12.1577589134	 1
4967.4	12.1576416258	 1
4967.5	12.1575243441	 1
4967.6	12.1574070682	 1
4967.7	12.1572897982	 1
4967.8	12.1571725341	 1
4967.9	12.1570570696	 1
4968.0	12.1569398171	 1
4968.1	12.1568225704	 1
4968.2	12.1567071231	 1
4968.3	12.1565934746	 1
4968.4	12.1564780384	 1
4968.5	12.1563626077	 1
4968.6	12.1562489757	 1
4968.7	12.1561371418	 1
4968.8	12.1560235204	 1
4968.9	12.1559134896	 1
4969.0	12.1557998788	 1
4969.1	12.1556898581	 1
4969.2	12.1555762577	 1
4969.3	12.1554662471	 1
4969.4	12.1553544493	 1
4969.5	12.1552444487	 1
4969.6	12.1551326611	 1
4969.7	12.1550226704	 1
4969.8	12.1549144762	 1
4969.9	12.1548027038	 1
4970.0	12.1546945193	 1
4970.1	12.1545845482	 1
4970.2	12.154474582	 1
4970.3	12.1543664118	 1
4970.4	12.1542582463	 1
4970.5	12.1541482947	 1
4970.6	12.1540401388	 1
4970.7	12.1539319875	 1
4970.8	12.153823841	 1
4970.9	12.1537174896	 1
4971.0	12.1536075621	 1
4971.1	12.1535012199	 1
4971.2	12.1533948822	 1
4971.3	12.153288549	 1
4971.4	12.1531822203	 1
4971.5	12.1530758961	 1
4971.6	12.1529695764	 1
4971.7	12.1528632611	 1
4971.8	12.1527551609	 1
4971.9	12.1526524336	 1
4972.0	12.1525443424	 1
4972.1	12.1524398343	 1
4972.2	12.1523371197	 1
4972.3	12.1522290421	 1
4972.4	12.1521263359	 1
4972.5	12.152021845	 1
4972.6	12.1519173583	 1
4972.7	12.151812876	 1
4972.8	12.1517101864	 1
4972.9	12.1516057125	 1
4973.0	12.1515030312	 1
4973.1	12.1513985658	 1
4973.2	12.1512976809	 1
4973.3	12.1511967999	 1
4973.4	12.1510959227	 1
4973.5	12.1509968373	 1
4973.6	12.1508959679	 1
4973.7	12.15079689	 1
4973.8	12.1506960282	 1
4973.9	12.1505951704	 1
4974.0	12.1504978911	 1
4974.1	12.1503970409	 1
4974.2	12.1502997689	 1
4974.3	12.1501989262	 1
4974.4	12.1501016614	 1
4974.5	12.1500044001	 1
4974.6	12.1499053556	 1
4974.7	12.1498081014	 1
4974.8	12.1497090642	 1
4974.9	12.1496118172	 1
4975.0	12.1495163602	 1
4975.1	12.1494173338	 1
4975.2	12.1493218837	 1
4975.3	12.1492246507	 1
4975.4	12.1491274212	 1
4975.5	12.1490319813	 1
4975.6	12.1489347588	 1
4975.7	12.1488375398	 1
4975.8	12.1487421101	 1
4975.9	12.1486484694	 1
4976.0	12.1485530464	 1
4976.1	12.1484576266	 1
4976.2	12.1483639957	 1
4976.3	12.1482667972	 1
4976.4	12.1481731727	 1
4976.5	12.1480795515	 1
4976.6	12.1479841483	 1
4976.71	12.1478861702	 1
4976.81	12.1477925586	 1
4976.9	12.1477033133	 1
4977.0	12.1476114928	 1
4977.1	12.1475178906	 1
4977.21	12.1474199288	 1
4977.31	12.1473281175	 1
4977.4	12.1472388875	 1
4977.5	12.1471470823	 1
4977.6	12.1470552801	 1
4977.71	12.1469591186	 1
4977.81	12.1468673225	 1
4977.9	12.1467798916	 1
4978.0	12.1466881015	 1
4978.1	12.1465963144	 1
4978.21	12.1465001683	 1
4978.31	12.1464083873	 1
4978.41	12.1463201766	 1
4978.51	12.146230185	 1
4978.61	12.1461401963	 1
4978.71	12.1460484271	 1
4978.81	12.1459584441	 1
4978.91	12.1458702474	 1
4979.01	12.1457802701	 1
4979.11	12.1456902957	 1
4979.21	12.1456038902	 1
4979.31	12.1455157043	 1
4979.41	12.145429304	 1
4979.51	12.1453411235	 1
4979.61	12.1452565112	 1
4979.71	12.1451683359	 1
4979.81	12.1450837286	 1
4979.91	12.1449955586	 1
4980.01	12.1449109563	 1
4980.11	12.1448227915	 1
4980.21	12.1447399765	 1
4980.31	12.144651817	 1
4980.41	12.1445672245	 1
4980.51	12.1444808524	 1
4980.61	12.1443980469	 1
4980.71	12.1443134617	 1
4980.81	12.1442306609	 1
4980.91	12.1441442987	 1
4981.01	12.1440597208	 1
4981.11	12.143976927	 1
4981.21	12.1438923539	 1
4981.31	12.1438095648	 1
4981.41	12.143726778	 1
4981.51	12.1436439935	 1
4981.61	12.1435594299	 1
4981.71	12.14347665	 1
4981.81	12.1433938725	 1
4981.91	12.1433128784	 1
4982.01	12.1432301053	 1
4982.11	12.1431455535	 1
4982.21	12.1430645661	 1
4982.31	12.1429835809	 1
4982.41	12.1429025978	 1
4982.51	12.1428216169	 1
4982.61	12.1427406382	 1
4982.71	12.1426596616	 1
4982.81	12.1425786872	 1
4982.91	12.142497715	 1
4983.01	12.1424167449	 1
4983.11	12.1423375575	 1
4983.21	12.1422565917	 1
4983.31	12.1421774084	 1
4983.41	12.1420982271	 1
4983.51	12.1420172677	 1
4983.61	12.1419380906	 1
4983.71	12.1418589155	 1
4983.81	12.1417797425	 1
4983.91	12.1417023515	 1
4984.01	12.1416231825	 1
4984.11	12.1415440156	 1
4984.21	12.1414666305	 1
4984.31	12.1413874676	 1
4984.41	12.1413100864	 1
4984.51	12.1412327072	 1
4984.61	12.1411553299	 1
4984.71	12.1410779545	 1
4984.81	12.1410005811	 1
4984.91	12.140924989	 1
4985.01	12.1408476194	 1
4985.11	12.1408556637	 1
4985.21	12.1407818541	 1
4985.31	12.1407062668	 1
4985.41	12.140628902	 1
4985.51	12.140556877	 1
4985.61	12.1404812952	 1
4985.71	12.1404074943	 1
4985.81	12.140331916	 1
4985.91	12.1402598977	 1
4986.01	12.140184323	 1
4986.11	12.140112308	 1
4986.21	12.1400385158	 1
4986.31	12.139968283	 1
4986.41	12.1399193981	 1
4986.51	12.1398687352	 1
4986.61	12.1398180732	 1
4986.71	12.1397674122	 1
4986.81	12.1397167521	 1
4986.91	12.1396660929	 1
4987.01	12.1396172134	 1
4987.11	12.1395665561	 1
4987.21	12.1395176784	 1
4987.31	12.1394670229	 1
4987.41	12.139418147	 1
4987.51	12.1393674933	 1
4987.61	12.1393168405	 1
4987.71	12.1392679674	 1
4987.81	12.1392173164	 1
4987.91	12.1391684451	 1
4988.01	12.1391213534	 1
4988.11	12.1390707052	 1
4988.21	12.1390236152	 1
4988.31	12.1389729688	 1
4988.41	12.138924102	 1
4988.51	12.138875236	 1
4988.61	12.138826371	 1
4988.71	12.1387792855	 1
4988.81	12.1387304223	 1
4988.91	12.1386833386	 1
4989.01	12.1386326985	 1
4989.11	12.1385856166	 1
4989.21	12.1385385355	 1
4989.31	12.1384896767	 1
4989.41	12.1384425975	 1
4989.51	12.1383955191	 1
4989.61	12.138346663	 1
4989.71	12.1382995864	 1
4989.81	12.1382542892	 1
4989.91	12.1382054358	 1
4990.01	12.1381583618	 1
4990.11	12.1381130673	 1
4990.21	12.1380659951	 1
4990.31	12.1380189238	 1
4990.42	12.1379675021	 1
4990.52	12.1379222112	 1
4990.62	12.1378751426	 1
4990.71	12.1378324259	 1
4990.81	12.1377871375	 1
4990.92	12.1377374992	 1
4991.02	12.1376904341	 1
4991.12	12.1376451484	 1
4991.21	12.1376024357	 1
4991.31	12.1375571517	 1
4991.42	12.1375092967	 1
4991.52	12.1374640145	 1
4991.62	12.1374205117	 1
4991.71	12.1373795815	 1
4991.81	12.1373360803	 1
4991.92	12.1372882301	 1
4992.02	12.1372429523	 1
4992.12	12.1371994538	 1
4992.22	12.1371559563	 1
4992.32	12.1371124596	 1
4992.42	12.1370671853	 1
4992.52	12.1370236903	 1
4992.62	12.1369801962	 1
4992.72	12.136936703	 1
4992.82	12.1368932107	 1
4992.92	12.1368514977	 1
4993.02	12.1368080071	 1
4993.12	12.1367645174	 1
4993.22	12.1367210285	 1
4993.32	12.136679319	 1
4993.42	12.1366358319	 1
4993.52	12.1365923457	 1
4993.62	12.1365506388	 1
4993.72	12.1365089328	 1
4993.82	12.1364654492	 1
4993.92	12.1364237449	 1
4994.02	12.1363838201	 1
4994.12	12.1363403391	 1
4994.22	12.1362986374	 1
4994.32	12.1362569367	 1
4994.42	12.1362152368	 1
4994.52	12.1361735378	 1
4994.62	12.1361318396	 1
4994.72	12.1360919209	 1
4994.82	12.1360502245	 1
4994.92	12.136008529	 1
4995.02	12.1359668344	 1
4995.12	12.1359269191	 1
4995.22	12.1358870048	 1
4995.32	12.1358453128	 1
4995.42	12.1358036216	 1
4995.52	12.1357637099	 1
4995.62	12.1357220205	 1
4995.72	12.1356821106	 1
4995.82	12.1356439801	 1
4995.92	12.1356022934	 1
4996.02	12.1355641646	 1
4996.12	12.1355224796	 1
4996.22	12.1354825741	 1
4996.32	12.135444448	 1
4996.42	12.1354027657	 1
4996.52	12.1353628628	 1
4996.62	12.1353229607	 1
4996.72	12.1352848383	 1
4996.82	12.135244938	 1
4996.92	12.1352050386	 1
4997.02	12.1351669188	 1
4997.12	12.1351270212	 1
4997.22	12.1350906819	 1
4997.32	12.135050786	 1
4997.42	12.1350126698	 1
4997.52	12.1349745544	 1
4997.62	12.13493644	 1
4997.72	12.1348983264	 1
4997.82	12.1348602137	 1
4997.92	12.1348238807	 1
4998.02	12.1347857698	 1
4998.12	12.1347494386	 1
4998.22	12.1347113295	 1
4998.32	12.1346750001	 1
4998.42	12.1346351141	 1
4998.52	12.1346005653	 1
4998.6	12.1345693693	 1
5018.6	12.1292708866	 1
5038.6	12.1270842524	 1
5058.59	12.1270134414	 1
5062.87	12.1273772757	 1
5071.42	12.1282929501	 1
5088.53	12.1305310881	 1
5105.63	12.1332738465	 1
5122.74	12.1363659679	 1
5139.85	12.1398296098	 1
5156.95	12.1434376554	 1
5167.79	12.1458022828	 1
5178.63	12.1482576434	 1
5189.46	12.1508305814	 1
5200.3	12.1534243159	 1
5211.14	12.156044971	 1
5221.98	12.1586905589	 1
5232.81	12.1613751772	 1
5243.65	12.1640886617	 1
5254.49	12.1668150397	 1
5265.32	12.1695561103	 1
5276.16	12.172307388	 1
5287.0	12.1750665519	 1
5290.84	12.1760481335	 1
5298.51	12.1780161757	 1
5313.87	12.1819570513	 1
5329.22	12.1859135131	 1
5344.58	12.1898740475	 1
5359.94	12.1938479189	 1
5375.29	12.196645978	 1
5390.65	12.2007439332	 1
5406.0	12.2048399819	 1
5413.88	12.2069393467	 1
5429.63	12.2111293983	 1
5445.39	12.2153043353	 1
5461.15	12.2194731005	 1
5476.9	12.2236401782	 1
5492.66	12.2277958562	 1
5508.42	12.2319423009	 1
5524.17	12.2360863649	 1
5536.92	12.239432818	 1
5549.67	12.2427707522	 1
5562.42	12.2461064747	 1
5575.17	12.2494342016	 1
5587.92	12.2527578973	 1
5600.67	12.2560766659	 1
5613.41	12.259395981	 1
5626.16	12.2627021559	 1
5638.91	12.2660057325	 1
5651.66	12.2693058682	 1
5659.97	12.2714523298	 1
5676.58	12.275740564	 1
5693.2	12.2800171829	 1
5709.81	12.2842905628	 1
5726.43	12.2885511947	 1
5743.04	12.2928047399	 1
5759.65	12.2970509049	 1
5776.27	12.301286841	 1
5783.01	12.3030030681	 1
5796.49	12.3064301122	 1
5809.98	12.30985288	 1
5823.46	12.3132694494	 1
5836.94	12.3166864655	 1
5850.42	12.3200973134	 1
5863.91	12.3234943933	 1
5877.39	12.3268957951	 1
5890.87	12.3302910762	 1
5904.36	12.3336755932	 1
5906.06	12.3341063925	 1
5909.45	12.3349603406	 1
5916.25	12.3366662587	 1
5929.85	12.3400662508	 1
5943.44	12.3434734305	 1
5957.03	12.3468741701	 1
5970.63	12.3502638635	 1
5984.22	12.3536519268	 1
5997.81	12.3570369273	 1
6011.41	12.3604143784	 1
6025.0	12.3637874308	 1
6029.1	12.3647994942	 1
6037.29	12.3668313467	 1
6053.68	12.3708751809	 1
6070.06	12.3775241162	 1
6086.45	12.3817816269	 1
6102.84	12.3860463392	 1
6119.22	12.3903273355	 1
6135.61	12.3946198613	 1
6152.0	12.3989436773	 1
6152.14	12.3989836346	 1
6152.64	12.3991165842	 1
6153.64	12.3993827912	 1
6155.64	12.3999095484	 1
6159.64	12.400967955	 1
6167.64	12.4030905498	 1
6183.63	12.407351679	 1
6199.63	12.4116475172	 1
6215.63	12.416070441	 1
6231.62	12.4205398094	 1
6247.62	12.4250702897	 1
6263.61	12.4298599232	 1
6275.19	12.4334090259	 1
6286.76	12.4370219864	 1
6298.33	12.4407334997	 1
6309.91	12.44454921	 1
6321.48	12.4484625638	 1
6333.06	12.4525140727	 1
6344.63	12.4570062136	 1
6356.2	12.4616963395	 1
6367.78	12.4667575363	 1
6379.35	12.4725255615	 1
6390.92	12.4786877198	 1
6398.23	12.4828767333	 1
6412.85	12.4919122609	 1
6415.29	12.4935139412	 1
6420.19	12.497129336	 1
6429.98	12.5048255306	 1
6432.36	12.5068280225	 1
6437.12	12.5110184637	 1
6442.66	12.5168130297	 1
6452.96	12.5288506564	 1
6463.26	12.5428887255	 1
6473.56	12.5594008656	 1
6473.56	12.5594052778	 1
6474.06	12.5603058345	 1
6475.06	12.5621278461	 1
6477.06	12.5658382449	 1
6481.06	12.5736042563	 1
6483.86	12.5793359865	 1
6489.46	12.5928756285	 1
6494.16	12.6050394676	 1
6503.56	12.6329486241	 1
6504.46	12.6358551172	 1
6506.26	12.6421151439	 1
6509.87	12.6553875269	 1
6514.76	12.6753385397	 1
6524.53	12.7224011869	 1
6525.06	12.7252025876	 1
6526.1	12.7308314492	 1
6528.2	12.74312245	 1
6532.38	12.7694242858	 1
6535.36	12.7896610357	 1
6541.31	12.835903626	 1
6545.66	12.8751019934	 1
6550.01	12.9207352048	 1
6554.36	12.9752621425	 1
6555.96	12.999172426	 1
6558.53	13.0465524772	 1
6559.82	13.0783622602	 1
6561.1	13.1249991642	 1
6561.11	13.1250645317	 1
6561.61	13.1549108424	 1
6561.75	13.1664820045	 1
6562.25	13.2595552809	 1
6562.4	13.3306130611	 1
6562.56	13.4188123231	 1
6562.71	13.4680239408	 1
6562.75	13.4723858244	 1
6562.8	13.4741369127	 1
6562.84	13.4724716954	 1
6562.88	13.4681771276	 1
6563.04	13.4186134781	 1
6563.2	13.3303852617	 1
6563.7	13.1817560347	 1
6563.84	13.1666471763	 1
6564.34	13.1324994548	 1
6564.49	13.1253588314	 1
6564.98	13.1041449833	 1
6565.98	13.0730336848	 1
6566.98	13.0490467017	 1
6567.06	13.047374983	 1
6567.56	13.03688944	 1
6568.56	13.0183550283	 1
6569.64	13.0005445597	 1
6571.79	12.9695151156	 1
6576.08	12.91816872	 1
6579.94	12.8791013614	 1
6587.64	12.8151172433	 1
6590.23	12.7967860687	 1
6595.43	12.7639881779	 1
6600.53	12.7359470807	 1
6610.74	12.6904807599	 1
6610.83	12.6900930406	 1
6611.33	12.6880879863	 1
6612.33	12.6841853632	 1
6614.33	12.6770209137	 1
6618.33	12.6636660672	 1
6621.13	12.6550031121	 1
6626.74	12.6400576616	 1
6631.43	12.6288190655	 1
6640.82	12.6096964707	 1
6641.73	12.6080283652	 1
6643.55	12.6051529697	 1
6647.18	12.5997340309	 1
6652.03	12.5930781628	 1
6661.74	12.5822680764	 1
6662.33	12.5816988577	 1
6663.52	12.5805623719	 1
6665.9	12.5783578017	 1
6670.66	12.574306541	 1
6672.63	12.5728344758	 1
6676.58	12.5700554358	 1
6682.93	12.566087548	 1
6693.23	12.561315479	 1
6703.53	12.5582505212	 1
6713.83	12.5559710563	 1
6724.13	12.5546641737	 1
6734.43	12.5538078537	 1
6744.73	12.5534241687	 1
6755.04	12.5533703383	 1
6765.33	12.5537356298	 1
6775.64	12.5544968578	 1
6785.94	12.5554265179	 1
6796.24	12.5565620048	 1
6806.54	12.5579641557	 1
6816.84	12.5594503426	 1
6827.14	12.5610116775	 1
6837.44	12.5626539304	 1
6847.74	12.5643730645	 1
6858.04	12.5661400613	 1
6865.65	12.567475253	 1
6880.86	12.570246081	 1
6896.07	12.5731618853	 1
6911.28	12.5761229738	 1
6926.5	12.5791316615	 1
6941.71	12.5822309168	 1
6956.92	12.5853196648	 1
6972.13	12.5884758376	 1
6987.35	12.5916441647	 1
7002.56	12.5948358426	 1
7017.77	12.5980421342	 1
7032.98	12.6012572536	 1
7038.06	12.6023283531	 1
7048.21	12.604479991	 1
7058.35	12.6066376278	 1
7068.5	12.6075294787	 1
7078.65	12.6097661181	 1
7088.8	12.6120004198	 1
7098.94	12.6142296178	 1
7109.09	12.6164640844	 1
7119.24	12.6186955267	 1
7129.39	12.6209633368	 1
7139.54	12.6231767819	 1
7149.68	12.6254008017	 1
7159.83	12.6276234766	 1
7169.98	12.6298361181	 1
7180.13	12.6320499824	 1
7190.27	12.6342679049	 1
7200.42	12.6364777944	 1
7210.57	12.6386411811	 1
7220.72	12.6408518611	 1
7230.87	12.6430508687	 1
7241.01	12.645252783	 1
7251.16	12.647451403	 1
7261.31	12.6496495303	 1
7271.46	12.6518408998	 1
7281.6	12.6540403813	 1
7291.75	12.6562296456	 1
7301.9	12.6584113799	 1
7312.05	12.6605976404	 1
7322.19	12.6627850568	 1
7332.34	12.6649674755	 1
7342.49	12.6671476457	 1
7352.64	12.6693190462	 1
7357.97	12.6704697376	 1
7368.65	12.6727511609	 1
7379.32	12.6750291264	 1
7389.99	12.6773131869	 1
7400.66	12.6795838923	 1
7411.34	12.6818508427	 1
7422.01	12.6841261801	 1
7432.68	12.686393761	 1
7443.36	12.6886634791	 1
7454.03	12.6909212257	 1
7464.7	12.6931835527	 1
7475.38	12.6954407434	 1
7486.05	12.6976983678	 1
7496.72	12.6999532701	 1
7507.39	12.702205201	 1
7518.07	12.70445102	 1
7528.74	12.7067030875	 1
7539.41	12.7089377489	 1
7550.08	12.7111890521	 1
7560.76	12.7134264222	 1
7571.43	12.7156622095	 1
7582.1	12.7179002731	 1
7592.78	12.7201305459	 1
7603.45	12.7223584776	 1
7614.12	12.724588034	 1
7624.8	12.7268233323	 1
7635.47	12.7290484694	 1
7646.14	12.7312674153	 1
7656.81	12.7334871278	 1
7667.49	12.735704589	 1
7677.89	12.7378626399	 1
7688.29	12.740019358	 1
7698.69	12.74216716	 1
7709.08	12.7443233949	 1
7719.48	12.7464748721	 1
7729.88	12.7486092294	 1
7740.28	12.7507636664	 1
7750.68	12.7529004949	 1
7761.08	12.7550420733	 1
7771.48	12.7571730339	 1
7781.88	12.7593160476	 1
7792.28	12.7614480075	 1
7802.68	12.7635763214	 1
7813.08	12.7657085376	 1
7823.48	12.767828922	 1
7833.88	12.7699528266	 1
7844.28	12.7720801294	 1
7854.68	12.7742027903	 1
7865.08	12.7763205747	 1
7875.48	12.7784412357	 1
7885.88	12.7805646442	 1
7896.28	12.7826664796	 1
7906.68	12.7847867784	 1
7917.08	12.7868930786	 1
7927.48	12.7890013703	 1
7937.88	12.7911033033	 1
7940.85	12.7917043855	 1
7946.79	12.7929129929	 1
7958.67	12.795306384	 1
7970.55	12.7977007133	 1
7982.43	12.8000957524	 1
7994.31	12.8024912699	 1
8006.19	12.8048785709	 1
8018.08	12.8072630829	 1
8029.96	12.8096499856	 1
8041.84	12.8120191379	 1
8053.72	12.8144045746	 1
8065.6	12.8167802677	 1
8077.48	12.8191545564	 1
8089.37	12.821515729	 1
8101.25	12.8238863954	 1
8113.13	12.8262637395	 1
8125.01	12.8286209126	 1
8136.89	12.830975277	 1
8148.77	12.8333445551	 1
8160.65	12.8357016164	 1
8172.54	12.8380433877	 1
8184.42	12.8403930382	 1
8196.3	12.8427385787	 1
8203.81	12.8442261715	 1
8203.91	12.8455085071	 1
8204.25	12.8455753089	 1
8204.92	12.8456839591	 1
8206.28	12.8459239303	 1
8209.0	12.8463773226	 1
8214.44	12.8473164154	 1
8225.31	12.8491599613	 1
8236.18	12.8510185231	 1
8247.05	12.8528733816	 1
8257.92	12.8547243389	 1
8260.81	12.8552186408	 1
8266.58	12.8561961094	 1
8278.11	12.8581645899	 1
8289.65	12.8601291181	 1
8301.18	12.8621139177	 1
8312.72	12.8640849252	 1
8317.71	12.8649319117	 1
8327.7	12.8666384369	 1
8347.67	12.8700468281	 1
8367.64	12.8735364614	 1
8387.61	12.8769793713	 1
8392.4	12.8777957803	 1
8401.96	12.8794276468	 1
8413.32	12.8813849321	 1
8424.68	12.8833380999	 1
8436.04	12.885297046	 1
8437.96	12.8856326967	 1
8441.78	12.886291107	 1
8447.14	12.8872065914	 1
8457.85	12.8893328663	 1
8467.26	12.890967404	 1
8486.08	12.8942384998	 1
8502.49	12.8970947609	 1
8518.9	12.8999215588	 1
8535.3	12.9027624679	 1
8545.39	12.9044883697	 1
8555.47	12.906173227	 1
8565.55	12.9086553354	 1
8575.63	12.9104148311	 1
8576.56	12.9105752513	 1
8578.4	12.9109016643	 1
8582.09	12.9115432708	 1
8589.47	12.9128560757	 1
8590.29	12.9129930528	 1
8591.92	12.9132914552	 1
8595.19	12.9138658018	 1
8598.39	12.9144059765	 1
8604.02	12.9153295405	 1
8615.28	12.9171251726	 1
8617.76	12.9175305823	 1
8622.7	12.9183433789	 1
8631.49	12.919801085	 1
8645.22	12.9221733973	 1
8658.96	12.9245778746	 1
8665.02	12.9255810418	 1
8672.69	12.9266621368	 1
8686.42	12.9285479234	 1
8700.16	12.9305267768	 1
8713.89	12.932709749	 1
8727.62	12.9370952228	 1
8741.35	12.9397447538	 1
8741.85	12.9398409747	 1
8742.85	12.9400290014	 1
8744.79	12.9403874019	 1
8748.22	12.9410074523	 1
8749.08	12.9411547627	 1
8749.94	12.9412919013	 1
8750.15	12.9413257289	 1
8750.37	12.9413570828	 1
8750.42	12.9413664499	 1
8750.47	12.9413746714	 1
8750.53	12.9413815579	 1
8750.58	12.9413909265	 1
8750.8	12.9414211506	 1
8751.01	12.9414527178	 1
8751.51	12.9415212479	 1
8751.87	12.9415683678	 1
8752.58	12.9416617101	 1
8752.73	12.9416772566	 1
8753.23	12.9417378964	 1
8754.23	12.9418535536	 1
8756.16	12.9420693769	 1
8759.59	12.942433365	 1
8766.46	12.9431120993	 1
8773.33	12.9437950912	 1
8787.06	12.9453537973	 1
8796.84	12.9467367397	 1
8806.63	12.9482488828	 1
8816.18	12.9499859931	 1
8825.73	12.9518965052	 1
8839.64	12.955052691	 1
8853.55	12.9583985206	 1
8857.03	12.9591791358	 1
8860.51	12.9598705088	 1
8861.38	12.9600147525	 1
8862.25	12.9601364098	 1
8862.46	12.9601650928	 1
8862.68	12.9601889403	 1
8862.73	12.9601958293	 1
8862.79	12.9602014648	 1
8862.84	12.9602083546	 1
8862.9	12.9602139911	 1
8863.11	12.9602403026	 1
8863.33	12.9602641709	 1
8863.83	12.9603103925	 1
8864.2	12.9603406205	 1
8864.94	12.9603903547	 1
8865.07	12.9603980146	 1
8865.57	12.9604239938	 1
8866.57	12.9604652557	 1
8868.55	12.9605146438	 1
8872.02	12.9605485793	 1
8878.98	12.9605294405	 1
8885.93	12.9605118832	 1
8899.84	12.9607805939	 1
8900.34	12.960807064	 1
8901.34	12.9608612932	 1
8903.34	12.9609664552	 1
8907.34	12.9611744524	 1
8913.75	12.9616121195	 1
8926.57	12.9629568253	 1
8927.66	12.9630859452	 1
8929.83	12.967052363	 1
8933.26	12.9676419169	 1
8936.68	12.9683047097	 1
8938.85	12.9687889227	 1
8943.2	12.9698392413	 1
8943.89	12.9700195517	 1
8945.27	12.9703891567	 1
8948.04	12.9711484076	 1
8948.93	12.971364863	 1
8950.71	12.9718094542	 1
8954.28	12.972755416	 1
8961.41	12.9749549173	 1
8963.07	12.9755338074	 1
8966.41	12.9766100736	 1
8973.08	12.9789529207	 1
8977.22	12.9804918191	 1
8985.5	12.9840324997	 1
8991.37	12.9868773577	 1
9003.11	12.9926216652	 1
9005.52	12.9937295336	 1
9009.06	12.9954012357	 1
9012.59	12.9967962156	 1
9013.48	12.997082169	 1
9014.36	12.9985354937	 1
9014.58	12.9994662358	 1
9014.8	12.9986231033	 1
9014.86	12.9980318023	 1
9014.91	12.9973638058	 1
9014.97	12.998056569	 1
9015.02	12.9986649995	 1
9015.25	12.9995948819	 1
9015.47	12.9987040884	 1
9015.97	12.9977939212	 1
9016.35	12.9974051154	 1
9017.12	12.9973285886	 1
9017.23	12.9973174753	 1
9017.73	12.9972624239	 1
9018.73	12.9970908376	 1
9020.73	12.9967272512	 1
9020.77	12.9967150591	 1
9021.27	12.9965818862	 1
9022.27	12.9963219691	 1
9024.27	12.9958547621	 1
9024.31	12.9958464188	 1
9024.81	12.9957414896	 1
9025.81	12.9955444692	 1
9027.81	12.994964665	 1
9031.81	12.9938194983	 1
9038.46	12.9922750803	 1
9051.76	12.9891615827	 1
9052.6	12.9890203145	 1
9054.3	12.9887599649	 1
9057.68	12.9883815474	 1
9064.46	12.9876624115	 1
9066.75	12.9874296458	 1
9071.35	12.9870550743	 1
9080.54	12.9868801637	 1
9080.9	12.9868880319	 1
9081.62	12.9869038031	 1
9083.05	12.9869018174	 1
9085.92	12.9868882057	 1
9091.65	12.9870523566	 1
9095.05	12.9872499712	 1
9101.84	12.9879010804	 1
9109.2	12.9889489792	 1
9115.58	12.9901492268	 1
9121.96	12.9916769322	 1
9127.23	12.9931448022	 1
9132.49	12.9947275072	 1
9143.02	12.9983381802	 1
9146.98	12.9998625291	 1
9154.89	13.0035120038	 1
9161.46	13.0069963771	 1
9174.6	13.0138277975	 1
9175.95	13.0147561679	 1
9178.63	13.0166734494	 1
9183.99	13.0206597102	 1
9190.43	13.0252143517	 1
9203.31	13.0365465387	 1
9204.91	13.0381567981	 1
9208.12	13.0411231347	 1
9214.52	13.0472497411	 1
9219.4	13.0518764228	 1
9223.02	13.055112092	 1
9226.64	13.0576485189	 1
9227.54	13.0581205227	 1
9228.45	13.0607412557	 1
9228.68	13.0624899526	 1
9228.9	13.0608345887	 1
9228.96	13.059702487	 1
9229.02	13.0583997075	 1
9229.07	13.0597093036	 1
9229.13	13.0608786713	 1
9229.35	13.0626516034	 1
9229.58	13.0609265158	 1
9230.08	13.0591831144	 1
9230.49	13.0583762398	 1
9231.3	13.0580962157	 1
9231.39	13.0580636832	 1
9231.89	13.0578793235	 1
9232.89	13.0573402511	 1
9234.89	13.056252505	 1
9235.01	13.0561576	 1
9235.51	13.0557789961	 1
9236.51	13.0550531887	 1
9238.51	13.0536320639	 1
9238.63	13.0535457779	 1
9239.13	13.0531988005	 1
9240.13	13.0525333238	 1
9242.13	13.0508719964	 1
9246.13	13.0529090086	 1
9253.12	13.047925186	 1
9260.1	13.0428213289	 1
9267.6	13.0382064574	 1
9282.09	13.0309124053	 1
9296.57	13.0256190618	 1
9311.05	13.0215267585	 1
9325.54	13.0177492278	 1
9326.04	13.0176928573	 1
9327.04	13.0175899225	 1
9329.04	13.0173981455	 1
9333.03	13.0170915125	 1
9340.02	13.0167764405	 1
9353.99	13.0171887206	 1
9354.5	13.0172248188	 1
9355.53	13.0173018042	 1
9357.57	13.0174973219	 1
9361.65	13.0179743608	 1
9368.99	13.0190208971	 1
9383.47	13.0219173588	 1
9385.48	13.0224320754	 1
9387.49	13.022970528	 1
9391.51	13.0241117778	 1
9399.55	13.0267134531	 1
9401.83	13.0275223169	 1
9406.39	13.0291683398	 1
9415.5	13.0327586492	 1
9416.17	13.0330473553	 1
9417.5	13.0336406563	 1
9420.17	13.0348533815	 1
9425.51	13.0373830363	 1
9431.15	13.0404581303	 1
9442.45	13.0475977922	 1
9446.13	13.0501609994	 1
9453.51	13.0555805715	 1
9461.12	13.0613816133	 1
9476.1	13.0754048698	 1
9491.08	13.0921157982	 1
9506.06	13.112697792	 1
9521.04	13.1379407563	 1
9536.02	13.1653924338	 1
9539.77	13.1733441232	 1
9543.51	13.1809334896	 1
9544.45	13.1827783026	 1
9545.39	13.1871928561	 1
9545.62	13.1895444285	 1
9545.85	13.1877400264	 1
9545.91	13.1864385266	 1
9545.97	13.1849490638	 1
9546.03	13.1864984064	 1
9546.09	13.1878360379	 1
9546.32	13.1897520692	 1
9546.56	13.1874450491	 1
9547.06	13.1847762387	 1
9547.49	13.1831994106	 1
9548.37	13.1817112451	 1
9548.43	13.181607359	 1
9548.93	13.1808043238	 1
9549.93	13.1800665982	 1
9551.93	13.1766804207	 1
9552.17	13.1761849587	 1
9552.67	13.1751984998	 1
9553.67	13.1733105813	 1
9555.67	13.1697498543	 1
9555.92	13.1693186719	 1
9556.42	13.1684735478	 1
9557.42	13.1668605171	 1
9559.42	13.1631716209	 1
9563.42	13.1561982117	 1
9570.9	13.144312576	 1
9585.87	13.1230960867	 1
9585.88	13.1230791881	 1
9586.38	13.1224571337	 1
9587.38	13.1212397359	 1
9589.38	13.1189649411	 1
9593.38	13.1146332042	 1
9600.86	13.1064579905	 1
9615.83	13.0936359946	 1
9615.85	13.0936235166	 1
9616.35	13.0932590525	 1
9617.35	13.0925207694	 1
9619.34	13.0909963874	 1
9623.34	13.0881115837	 1
9630.83	13.0833625147	 1
9645.79	13.0758103478	 1
9645.81	13.075802693	 1
9646.31	13.0755672017	 1
9647.31	13.0751041564	 1
9649.31	13.0742019167	 1
9653.31	13.072486411	 1
9660.79	13.0695933154	 1
9675.76	13.0655019019	 1
9675.77	13.0654996576	 1
9676.27	13.0653874487	 1
9677.27	13.0651771871	 1
9679.27	13.0647740159	 1
9683.27	13.0640198086	 1
9690.75	13.0627689686	 1
9705.72	13.0608091521	 1
9705.73	13.0608100626	 1
9706.23	13.0607611587	 1
9707.23	13.0606696761	 1
9709.23	13.0604947012	 1
9713.23	13.0602098258	 1
9720.71	13.0599208343	 1
9735.68	13.0599113552	 1
9735.7	13.059910059	 1
9736.2	13.0599298834	 1
9737.2	13.0599727629	 1
9739.19	13.0600673505	 1
9743.19	13.0602864331	 1
9751.19	13.0608307848	 1
9767.19	13.0624703382	 1
9779.44	13.0642115869	 1
9791.69	13.0663545877	 1
9803.95	13.0688668124	 1
9816.2	13.0717904461	 1
9823.18	13.0736936858	 1
9837.16	13.0779803788	 1
9838.91	13.0785702645	 1
9842.43	13.0797731724	 1
9849.45	13.0760546073	 1
9854.64	13.0783896044	 1
9865.02	13.0833207725	 1
9870.37	13.0860316639	 1
9881.07	13.0918330498	 1
9886.1	13.0947943664	 1
9896.17	13.101183562	 1
9901.83	13.1049754493	 1
9913.15	13.1131228359	 1
9917.56	13.1165283679	 1
9926.38	13.1237706412	 1
9933.29	13.1299665205	 1
9947.11	13.1441667916	 1
9949.02	13.1463163159	 1
9952.84	13.1507183778	 1
9960.48	13.1600592439	 1
9964.75	13.1654476396	 1
9973.28	13.1769327436	 1
9980.48	13.1882981879	 1
9994.87	13.2132948318	 1
9996.2	13.2159043623	 1
9997.26	13.2180088895	 1
10011.9	13.2501321965	 1
10015.9	13.2599563794	 1
10019.8	13.2706066911	 1
10020.8	13.2733447469	 1
10021.8	13.276170689	 1
10022.0	13.2769113586	 1
10022.3	13.2776268307	 1
10022.3	13.2778256232	 1
10022.4	13.2780007359	 1
10022.4	13.2782037016	 1
10022.5	13.2783727348	 1
10022.7	13.2791110051	 1
10023.0	13.2798343354	 1
10023.5	13.2813372918	 1
10024.0	13.2828055729	 1
10024.9	13.2856095826	 1
10025.0	13.2856354274	 1
10025.5	13.2870049678	 1
10026.5	13.2897936673	 1
10028.5	13.2955401192	 1
10028.9	13.2968352459	 1
10029.8	13.2994656819	 1
10031.5	13.3048188199	 1
10032.8	13.308981857	 1
10035.5	13.3183605333	 1
10040.8	13.3364496877	 1
10048.6	13.3583461792	 1
10049.4	13.3560518222	 1
10051.0	13.3576279188	 1
10052.6	13.3550814675	 1
10055.9	13.3457306673	 1
10062.5	13.3248940396	 1
10064.3	13.3185261412	 1
10067.9	13.3078768753	 1
10075.1	13.2887990093	 1
10080.0	13.2761181147	 1
10089.8	13.2546449712	 1
10095.7	13.2433102002	 1
10107.6	13.2231188306	 1
10111.5	13.2175520159	 1
10119.2	13.2069581421	 1
10127.2	13.1972676706	 1
10142.9	13.1820442614	 1
10158.7	13.1694988179	 1
10174.4	13.1600866803	 1
10190.1	13.1530226791	 1
10205.8	13.1475210864	 1
10221.6	13.1433554744	 1
10229.4	13.1418177493	 1
10237.2	13.1405262457	 1
10252.8	13.1386283264	 1
10284.1	13.1368618072	 1
10346.5	13.1388069503	 1
10409.0	13.144550364	 1
10471.5	13.1585479796	 1
10478.9	13.1598341879	 1
10493.9	13.1624430689	 1
10523.8	13.167969607	 1
10583.5	13.1780062293	 1
10643.3	13.1938978248	 1
10703.1	13.214188931	 1
10720.7	13.2216061155	 1
10737.9	13.2296746091	 1
10755.0	13.2388694588	 1
10772.2	13.2493652427	 1
10789.4	13.2614912956	 1
10806.5	13.2758044342	 1
10823.7	13.2925863915	 1
10840.9	13.3130106117	 1
10858.0	13.3371988501	 1
10875.2	13.3670675071	 1
10892.4	13.4037520709	 1
10909.5	13.4504809153	 1
10918.1	13.4793707559	 1
10926.7	13.5136264621	 1
10927.2	13.5157907264	 1
10928.2	13.5204046187	 1
10930.2	13.5301335615	 1
10931.0	13.5339554407	 1
10932.6	13.5429003036	 1
10935.3	13.560629596	 1
10936.3	13.5704117964	 1
10937.4	13.584658491	 1
10937.7	13.5893499369	 1
10938.0	13.5926454603	 1
10938.0	13.5929652225	 1
10938.1	13.5930498026	 1
10938.2	13.5929679423	 1
10938.2	13.5926938439	 1
10938.5	13.5894350703	 1
10938.8	13.5848145543	 1
10939.3	13.5768140029	 1
10939.8	13.5708390823	 1
10940.9	13.5613366922	 1
10941.4	13.5576028415	 1
10942.4	13.5510697966	 1
10944.4	13.5399166746	 1
10945.2	13.535717569	 1
10946.8	13.5285402606	 1
10949.5	13.5164688964	 1
10954.9	13.4954731535	 1
10965.7	13.4603987853	 1
10966.7	13.4578056009	 1
10968.5	13.4528304112	 1
10972.2	13.4430362124	 1
10979.5	13.4253082654	 1
10983.8	13.4158280248	 1
10992.5	13.3984038619	 1
11001.0	13.3840566798	 1
11018.0	13.359512395	 1
11018.2	13.3593100824	 1
11018.7	13.3587096574	 1
11019.7	13.357512183	 1
11021.7	13.355151989	 1
11025.7	13.3506679176	 1
11033.7	13.3421097317	 1
11035.3	13.3404462489	 1
11038.7	13.3371980104	 1
11045.3	13.3312381997	 1
11052.5	13.3254676597	 1
11066.8	13.315891387	 1
11069.7	13.3142229949	 1
11075.4	13.3111031448	 1
11086.8	13.3055861427	 1
11104.0	13.2991571791	 1
11121.2	13.2944089717	 1
11138.3	13.2910188598	 1
11155.5	13.2887372629	 1
11189.8	13.2866949922	 1
11258.5	13.2885679533	 1
11327.1	13.2949312135	 1
11336.2	13.295924886	 1
11354.2	13.2980344273	 1
11390.3	13.3024938513	 1
11462.4	13.3086386657	 1
11516.8	13.3172650563	 1
11571.3	13.3258392434	 1
11625.7	13.3344056437	 1
11680.1	13.3429441135	 1
11734.5	13.3514565714	 1
11788.9	13.3599331224	 1
11836.8	13.3673521467	 1
11932.5	13.3821392223	 1
12028.2	13.3994142763	 1
12123.8	13.4149284175	 1
12156.7	13.4202837185	 1
12222.3	13.4311588481	 1
12288.0	13.442500275	 1
12353.6	13.4542901595	 1
12360.0	13.4554980248	 1
12372.8	13.4579490254	 1
12398.3	13.4629815893	 1
12449.4	13.4737001047	 1
12500.4	13.4859735365	 1
12551.5	13.5008945513	 1
12563.3	13.5048435215	 1
12583.4	13.5120872376	 1
12603.5	13.5204276825	 1
12623.7	13.5298742164	 1
12643.8	13.5408740482	 1
12663.9	13.5535836239	 1
12684.0	13.5687635824	 1
12704.1	13.5869325269	 1
12724.2	13.6090988092	 1
12744.4	13.6362934353	 1
12764.5	13.6707124605	 1
12784.6	13.7151203993	 1
12794.7	13.7431966063	 1
12804.7	13.7799716752	 1
12809.7	13.8048593188	 1
12812.3	13.8212281027	 1
12814.8	13.8428682506	 1
12816.0	13.8567852682	 1
12817.3	13.8688821024	 1
12817.6	13.8657158368	 1
12817.9	13.8599764864	 1
12818.0	13.8590143486	 1
12818.1	13.858682525	 1
12818.2	13.859026276	 1
12818.2	13.860011632	 1
12818.5	13.8658226491	 1
12818.9	13.8690502396	 1
12819.5	13.8649562226	 1
12820.1	13.8572395072	 1
12821.4	13.8436125122	 1
12823.9	13.8225499275	 1
12826.4	13.8067572506	 1
12831.4	13.7830619297	 1
12831.4	13.7830512292	 1
12831.9	13.7809674746	 1
12832.9	13.7768854782	 1
12834.9	13.7694664625	 1
12838.9	13.7563376057	 1
12846.9	13.7343656809	 1
12851.6	13.7230080418	 1
12860.8	13.7034991655	 1
12871.7	13.683618343	 1
12891.8	13.6544088146	 1
12911.9	13.6325796363	 1
12932.0	13.6159730248	 1
12952.1	13.6034833598	 1
12972.3	13.5940910779	 1
12992.4	13.587242583	 1
13012.5	13.5822107457	 1
13032.6	13.5787082272	 1
13052.7	13.5763956397	 1
13072.8	13.5751662948	 1
13113.1	13.5745940946	 1
13193.5	13.5786457725	 1
13274.0	13.5860614495	 1
13354.5	13.5953108047	 1
13434.9	13.6052656151	 1
13515.4	13.6156624058	 1
13595.9	13.6262447141	 1
13676.3	13.63574373	 1
13756.8	13.6467782131	 1
13837.3	13.6577595883	 1
13917.7	13.6686937232	 1
13998.2	13.6795684508	 1
14078.7	13.6903855504	 1
14159.1	13.7011701151	 1
14214.3	13.7085190019	 1
14269.5	13.7139772915	 1
14324.7	13.719421272	 1
14379.9	13.7248593218	 1
14435.1	13.7302809941	 1
14490.3	13.735701525	 1
14545.4	13.7411188757	 1
14600.6	13.7465188761	 1
14655.8	13.751899234	 1
14711.0	13.757283087	 1
14766.2	13.7626461531	 1
14821.4	13.768005249	 1
14876.6	13.7733496125	 1
14931.8	13.7786896718	 1
14987.0	13.7840145417	 1
15042.1	13.7893494961	 1
15097.3	13.7946546079	 1
15152.5	13.7999480526	 1
15207.7	13.8052337804	 1
15262.9	13.8105160124	 1
15318.1	13.8157835316	 1
15355.8	13.8193700643	 1
15431.2	13.8288939896	 1
15506.7	13.8383601984	 1
15582.1	13.8478005204	 1
15657.6	13.8571829206	 1
15733.0	13.8665398803	 1
15808.5	13.875831448	 1
15883.9	13.8851083855	 1
15959.4	13.8943227416	 1
16034.8	13.9035267774	 1
16110.2	13.9126864648	 1
16185.7	13.9217959059	 1
16261.1	13.9308805594	 1
16336.6	13.9399124495	 1
16412.0	13.9489172626	 1
16487.5	13.9578781539	 1
16562.9	13.9668110899	 1
16635.5	13.9753594111	 1
16708.0	13.983888294	 1
16780.5	13.9923832337	 1
16853.1	14.0008312386	 1
16925.6	14.0092594178	 1
16998.2	14.0176425073	 1
17070.7	14.0260080181	 1
17143.3	14.0343279079	 1
17215.8	14.042627529	 1
17288.3	14.0508943565	 1
17360.9	14.0591188456	 1
17433.4	14.0673243092	 1
17506.0	14.0754854361	 1
17578.5	14.0836282585	 1
17651.1	14.0917335154	 1
17723.6	14.0998182491	 1
17796.1	14.1078747041	 1
17868.7	14.115888772	 1
17915.1	14.1210076637	 1
18008.0	14.1353634372	 1
18100.8	14.1468329085	 1
18146.8	14.152702016	 1
18238.7	14.1653130691	 1
18330.7	14.1794060062	 1
18378.4	14.1879330093	 1
18407.9	14.1937892453	 1
18437.3	14.2002044431	 1
18466.7	14.2074512002	 1
18496.2	14.215634237	 1
18525.6	14.2252103173	 1
18555.0	14.2369076262	 1
18584.4	14.2507877157	 1
18613.9	14.2676587736	 1
18643.3	14.2883592898	 1
18672.7	14.3151204962	 1
18702.2	14.350355199	 1
18716.9	14.3728140501	 1
18731.6	14.4049263276	 1
18738.9	14.427500053	 1
18742.6	14.4433935288	 1
18746.3	14.4675722675	 1
18748.1	14.4891178368	 1
18749.1	14.5085080205	 1
18750.0	14.5481136255	 1
18750.4	14.5770836391	 1
18750.9	14.5972145374	 1
18751.0	14.5994180763	 1
18751.1	14.6002695573	 1
18751.2	14.5994433837	 1
18751.4	14.5972533765	 1
18751.8	14.5772016653	 1
18752.3	14.5483165642	 1
18752.8	14.5229114554	 1
18753.3	14.5067211134	 1
18753.8	14.4956998171	 1
18754.1	14.489651501	 1
18754.8	14.4801851529	 1
18756.0	14.4684415126	 1
18758.3	14.4521626334	 1
18760.6	14.4404098075	 1
18763.3	14.4297142801	 1
18768.7	14.4133846647	 1
18770.7	14.4084992558	 1
18774.5	14.3994049916	 1
18782.2	14.3841658567	 1
18797.6	14.362525493	 1
18800.1	14.3594383922	 1
18805.2	14.3535502413	 1
18815.3	14.3427563688	 1
18829.5	14.3298367476	 1
18858.0	14.3094145604	 1
18858.9	14.308873781	 1
18860.8	14.3077999945	 1
18864.4	14.3057579987	 1
18871.8	14.3018750009	 1
18886.4	14.2949436225	 1
18888.4	14.2940990959	 1
18892.3	14.292441194	 1
18900.1	14.2893239754	 1
18915.7	14.2839264512	 1
18917.8	14.2832742015	 1
18921.9	14.282020411	 1
18930.2	14.2797057287	 1
18946.7	14.2756706332	 1
18947.2	14.2755545699	 1
18948.3	14.2753146693	 1
18950.4	14.2748647407	 1
18954.7	14.2739793175	 1
18963.2	14.2723545474	 1
18976.7	14.2700979072	 1
19003.5	14.2670205623	 1
19006.1	14.2667912985	 1
19011.2	14.2663736558	 1
19021.4	14.2656507693	 1
19035.5	14.264907609	 1
19063.7	14.2640097951	 1
19064.9	14.2639889858	 1
19067.4	14.2639562792	 1
19072.4	14.2639040381	 1
19082.4	14.2638504896	 1
19094.4	14.2638958186	 1
19118.4	14.2642405964	 1
19123.8	14.2643806141	 1
19134.6	14.2646942568	 1
19156.2	14.2654789375	 1
19199.4	14.2675702571	 1
19285.8	14.2734399085	 1
19372.1	14.2803131342	 1
19458.5	14.2879254873	 1
19544.9	14.295879891	 1
19631.3	14.3021015661	 1
19717.7	14.3108231042	 1
19799.1	14.3190185388	 1
19880.5	14.32717792	 1
19962.0	14.3352994647	 1
20043.4	14.3433995453	 1
20124.8	14.351470554	 1
20206.2	14.3595139597	 1
20287.7	14.3675116492	 1
20369.1	14.3754960069	 1
20450.5	14.3834491948	 1
20474.4	14.3857789653	 1
20522.2	14.3904270876	 1
20617.8	14.3996964914	 1
20713.5	14.4089143649	 1
20809.1	14.4181028845	 1
20904.7	14.4272556731	 1
21000.3	14.4363644324	 1
21096.0	14.4454289367	 1
21191.6	14.4544646735	 1
21287.2	14.463467124	 1
21382.8	14.4724288073	 1
21478.4	14.4813562779	 1
21574.1	14.4902351771	 1
21669.7	14.4990872798	 1
21754.1	14.5068634488	 1
21838.4	14.5136881386	 1
21922.8	14.5204837478	 1
22007.2	14.5272579014	 1
22091.5	14.5340212355	 1
22175.9	14.5407582472	 1
22260.3	14.5474735898	 1
22344.7	14.5541684824	 1
22429.0	14.5608506725	 1
22513.4	14.5675090197	 1
22597.8	14.5741448833	 1
22682.2	14.5807669874	 1
22766.5	14.587372991	 1
22850.9	14.5939528529	 1
22935.3	14.6005113116	 1
23019.6	14.6070638481	 1
23033.7	14.6081533901	 1
23061.9	14.6106177822	 1
23118.2	14.6155490014	 1
23174.5	14.6204733234	 1
23230.8	14.6253815863	 1
23287.1	14.6302835337	 1
23343.4	14.6351698967	 1
23399.7	14.6400467527	 1
23456.1	14.6449072225	 1
23512.4	14.649764352	 1
23568.7	14.6546031882	 1
23625.0	14.659442267	 1
23681.3	14.6642680133	 1
23737.6	14.6690787913	 1
23793.9	14.6738854681	 1
23850.2	14.6786740311	 1
23906.6	14.6834506833	 1
23962.9	14.6882151251	 1
24019.2	14.6929781166	 1
24075.5	14.6977252853	 1
24131.8	14.7024682344	 1
24188.1	14.7072011997	 1
24244.4	14.711918227	 1
24300.8	14.7166178358	 1
24313.4	14.7176707694	 1
24338.6	14.7197824206	 1
24389.0	14.7239828391	 1
24439.5	14.7281750002	 1
24490.0	14.7323576705	 1
24540.4	14.7365386474	 1
24590.9	14.7407038918	 1
24641.3	14.7448748912	 1
24691.8	14.7490234755	 1
24742.2	14.7531709851	 1
24792.7	14.7573086165	 1
24843.1	14.7614382704	 1
24893.6	14.7655661492	 1
24944.1	14.7696702936	 1
