3100.0	15.9424746487	 1
3104.0	15.6644760846	 1
3108.0	15.628510908	 1
3112.0	15.5687875813	 1
3116.0	15.5055450044	 1
3120.0	15.4456488	 1
3124.0	15.3886120823	 1
3128.0	15.3341615009	 1
3132.0	15.2820623111	 1
3136.0	15.2321103855	 1
3140.0	15.1841259455	 1
3144.0	15.1386592512	 1
3148.0	15.1007311406	 1
3152.0	15.062783505	 1
3156.0	15.0187081078	 1
3160.0	14.9720111645	 1
3164.0	14.9271488052	 1
3168.0	14.8838537521	 1
3172.0	14.8420310334	 1
3176.0	14.8015614872	 1
3180.0	14.762370907	 1
3184.0	14.7243604445	 1
3188.0	14.6874638608	 1
3192.0	14.6516207414	 1
3196.0	14.6166613812	 1
3200.0	14.5858297553	 1
3204.0	14.5623305919	 1
3208.0	14.5426396606	 1
3212.0	14.5135323625	 1
3216.0	14.4806628066	 1
3220.0	14.4638760488	 1
3224.0	14.4533242124	 1
3228.0	14.4284968175	 1
3232.0	14.3875046748	 1
3236.0	14.3557270318	 1
3240.0	14.3345937757	 1
3244.0	14.3171560871	 1
3248.0	14.304814312	 1
3252.0	14.3048779746	 1
3256.0	14.2952070133	 1
3260.0	14.2602130004	 1
3264.0	14.2294422754	 1
3268.0	14.2125407823	 1
3272.0	14.1931437156	 1
3276.0	14.1742940913	 1
3280.0	14.1558533203	 1
3284.0	14.1359868071	 1
3288.0	14.1279049661	 1
3292.0	14.1208480107	 1
3296.0	14.0989724681	 1
3300.0	14.0741311447	 1
3304.0	14.0555995801	 1
3308.0	14.044755197	 1
3312.0	14.0418957768	 1
3316.0	14.0374124347	 1
3320.0	14.0124395954	 1
3324.0	13.9776155167	 1
3328.0	13.9569396807	 1
3332.0	13.9526049761	 1
3336.0	13.9475268759	 1
3340.0	13.9410352072	 1
3344.0	13.9322150829	 1
3348.0	13.9226793411	 1
3352.0	13.9202356723	 1
3356.0	13.9136058657	 1
3360.0	13.8942878962	 1
3364.0	13.8703898606	 1
3368.0	13.8546854195	 1
3372.0	13.8520528802	 1
3376.0	13.855095815	 1
3380.0	13.845589011	 1
3384.0	13.8320573301	 1
3388.0	13.8237843823	 1
3392.0	13.819716772	 1
3396.0	13.8200347525	 1
3400.0	13.8208572558	 1
3404.0	13.8132322546	 1
3408.0	13.7988574443	 1
3412.0	13.7914881227	 1
3416.0	13.7947545327	 1
3420.0	13.8016837145	 1
3424.0	13.8071244321	 1
3428.0	13.815558486	 1
3432.0	13.8316063499	 1
3436.0	13.8461778821	 1
3440.0	13.8368134733	 1
3444.0	13.798555543	 1
3448.0	13.7529702261	 1
3452.0	13.7224863316	 1
3456.0	13.7084313733	 1
3460.0	13.7031981224	 1
3464.0	13.699244407	 1
3468.0	13.6916032822	 1
3472.0	13.6767405445	 1
3476.0	13.6545855506	 1
3480.0	13.6354384207	 1
3484.0	13.6268807771	 1
3488.0	13.6223721749	 1
3492.0	13.6137464093	 1
3496.0	13.6031504945	 1
3500.0	13.5910354	 1
3504.0	13.5780957011	 1
3508.0	13.5692842164	 1
3512.0	13.5670493802	 1
3516.0	13.5659384158	 1
3520.0	13.5614485201	 1
3524.0	13.554438372	 1
3528.0	13.5488801396	 1
3532.0	13.5432717336	 1
3536.0	13.537921567	 1
3540.0	13.5352785261	 1
3544.0	13.5417603317	 1
3548.0	13.5561770822	 1
3552.0	13.5720739806	 1
3556.0	13.5864839274	 1
3560.0	13.5995926262	 1
3564.0	13.6113854142	 1
3568.0	13.620160721	 1
3572.0	13.6211583615	 1
3576.0	13.6136252289	 1
3580.0	13.5948927111	 1
3584.0	13.5642536398	 1
3588.0	13.5281217462	 1
3592.0	13.4983458946	 1
3596.0	13.4786680287	 1
3600.0	13.4681127308	 1
3604.0	13.4695429203	 1
3608.0	13.4734230148	 1
3612.0	13.4711123724	 1
3616.0	13.4629351997	 1
3620.0	13.454945454	 1
3624.0	13.4456662268	 1
3628.0	13.4354232819	 1
3632.0	13.425119055	 1
3636.0	13.4187716482	 1
3640.0	13.418136307	 1
3644.0	13.4196470912	 1
3648.0	13.4178670301	 1
3652.0	13.4118788607	 1
3656.0	13.4134995642	 1
3660.0	13.4247242215	 1
3664.0	13.4319801012	 1
3668.0	13.4333839135	 1
3672.0	13.44456631	 1
3676.0	13.464418787	 1
3680.0	13.4805133823	 1
3684.0	13.4915687218	 1
3688.0	13.5036517617	 1
3692.0	13.5214283902	 1
3696.0	13.5518346785	 1
3700.0	13.5906079078	 1
3704.0	13.6290433677	 1
3708.0	13.6728731589	 1
3712.0	13.7268641179	 1
3716.0	13.7794907331	 1
3720.0	13.8038912126	 1
3724.0	13.7973575645	 1
3728.0	13.7990384655	 1
3732.0	13.8228812178	 1
3736.0	13.8258640133	 1
3740.0	13.7912902657	 1
3744.0	13.7429495022	 1
3748.0	13.6862841653	 1
3752.0	13.6171804706	 1
3756.0	13.5589727355	 1
3760.0	13.521761451	 1
3764.0	13.4866693037	 1
3768.0	13.4511326799	 1
3772.0	13.4273204378	 1
3776.0	13.417889088	 1
3780.0	13.419629051	 1
3784.0	13.4326123534	 1
3788.0	13.4510409254	 1
3792.0	13.4681011944	 1
3796.0	13.4878066354	 1
3800.0	13.5136403328	 1
3804.0	13.5456708358	 1
3808.0	13.5845663215	 1
3812.0	13.6272986535	 1
3816.0	13.6684747243	 1
3820.0	13.6944893351	 1
3824.0	13.6945136424	 1
3828.0	13.6791658741	 1
3832.0	13.6672308055	 1
3836.0	13.65672338	 1
3840.0	13.6395211343	 1
3844.0	13.619826971	 1
3848.0	13.6062661442	 1
3852.0	13.6056180974	 1
3856.0	13.6133355811	 1
3860.0	13.5992392081	 1
3864.0	13.5554707327	 1
3868.0	13.5109119942	 1
3872.0	13.4850202344	 1
3876.0	13.4720682914	 1
3880.0	13.4651022754	 1
3884.0	13.4629524037	 1
3888.0	13.4625037515	 1
3892.0	13.4600295773	 1
3896.0	13.4587535295	 1
3900.0	13.4645862201	 1
3904.0	13.4812751956	 1
3908.0	13.5150809978	 1
3912.0	13.5675807872	 1
3916.0	13.6399286297	 1
3920.0	13.7415197447	 1
3924.0	13.8885548813	 1
3928.0	14.0792497077	 1
3932.0	14.2443417675	 1
3936.0	14.250100215	 1
3940.0	14.1045810803	 1
3944.0	13.9436703168	 1
3948.0	13.83658124	 1
3952.0	13.7844103971	 1
3956.0	13.7829965117	 1
3960.0	13.8371232049	 1
3964.0	13.9444538531	 1
3968.0	14.0304208092	 1
3972.0	13.9842714184	 1
3976.0	13.8338872595	 1
3980.0	13.6890162611	 1
3984.0	13.5808890233	 1
3988.0	13.4979210347	 1
3992.0	13.4299722737	 1
3996.0	13.3745207885	 1
4000.0	13.3304340099	 1
4004.0	13.2961670008	 1
4008.0	13.2660063903	 1
4012.0	13.2386182127	 1
4016.0	13.215297439	 1
4020.0	13.1978221782	 1
4024.0	13.1866117169	 1
4028.0	13.1782233615	 1
4032.0	13.1671731253	 1
4036.0	13.1557843384	 1
4040.0	13.1449410688	 1
4044.0	13.1282738187	 1
4048.0	13.1069987755	 1
4052.0	13.0892992428	 1
4056.0	13.0776682958	 1
4060.0	13.0673428628	 1
4064.0	13.0560225214	 1
4068.0	13.0439942065	 1
4072.0	13.0320869827	 1
4076.0	13.0201005854	 1
4080.0	13.0060686682	 1
4084.0	12.9912317629	 1
4088.0	12.9801957243	 1
4092.0	12.9756870497	 1
4096.0	12.9728646606	 1
4100.0	12.9679439549	 1
4104.0	12.9599995137	 1
4108.0	12.953114201	 1
4112.0	12.951721128	 1
4116.0	12.9495842774	 1
4120.0	12.9424279163	 1
4124.0	12.9339612032	 1
4128.0	12.9289297158	 1
4132.0	12.9239760325	 1
4136.0	12.9197996552	 1
4140.0	12.9193308518	 1
4144.0	12.9187582751	 1
4148.0	12.9106007954	 1
4152.0	12.9011031858	 1
4156.0	12.8956187093	 1
4160.0	12.8940900525	 1
4164.0	12.8936559402	 1
4168.0	12.8913176923	 1
4172.0	12.8873938829	 1
4176.0	12.8841559282	 1
4180.0	12.8844343967	 1
4184.0	12.8860588104	 1
4188.0	12.8855237738	 1
4192.0	12.8819805437	 1
4196.0	12.8765007801	 1
4200.0	12.8710509809	 1
4204.0	12.868800784	 1
4208.0	12.8696071491	 1
4212.0	12.8725469354	 1
4216.0	12.8765815122	 1
4220.0	12.8790707318	 1
4224.0	12.877453976	 1
4228.0	12.871751341	 1
4232.0	12.8634648967	 1
4236.0	12.8562559471	 1
4240.0	12.8515278373	 1
4244.0	12.8497056848	 1
4248.0	12.8495769182	 1
4252.0	12.8477541003	 1
4256.0	12.8436289737	 1
4260.0	12.8389460547	 1
4264.0	12.8325591351	 1
4268.0	12.8255320768	 1
4272.0	12.8214976495	 1
4276.0	12.8197565054	 1
4280.0	12.8167894603	 1
4284.0	12.8107738612	 1
4288.0	12.802832666	 1
4292.0	12.7960004904	 1
4296.0	12.791145236	 1
4300.0	12.7877685153	 1
4304.0	12.7878054871	 1
4308.0	12.7882679236	 1
4312.0	12.7847049348	 1
4316.0	12.7788967028	 1
4320.0	12.7718985132	 1
4324.0	12.7660007004	 1
4328.0	12.7633501639	 1
4332.0	12.7607470505	 1
4336.0	12.7567777929	 1
4340.0	12.751859332	 1
4344.0	12.747160709	 1
4348.0	12.7446426385	 1
4352.0	12.7461382338	 1
4356.0	12.7482196886	 1
4360.0	12.7493762041	 1
4364.0	12.749573375	 1
4368.0	12.7468149757	 1
4372.0	12.7430908436	 1
4376.0	12.7419204775	 1
4380.0	12.7422310975	 1
4384.0	12.7403588798	 1
4388.0	12.7359286316	 1
4392.0	12.7303806682	 1
4396.0	12.7269120014	 1
4400.0	12.7229375863	 1
4404.0	12.7174842517	 1
4408.0	12.7129695518	 1
4412.0	12.7098341031	 1
4416.0	12.7059048295	 1
4420.0	12.7003964568	 1
4424.0	12.692699848	 1
4428.0	12.6849957227	 1
4432.0	12.6804772215	 1
4436.0	12.6782894259	 1
4440.0	12.675523524	 1
4444.0	12.6724784345	 1
4448.0	12.6689199566	 1
4452.0	12.6633727282	 1
4456.0	12.6583794369	 1
4460.0	12.6554605064	 1
4464.0	12.6517786618	 1
4468.0	12.6484708672	 1
4472.0	12.6486424288	 1
4476.0	12.6509221847	 1
4480.0	12.6529229989	 1
4484.0	12.6529606728	 1
4488.0	12.6514098515	 1
4492.0	12.650539955	 1
4496.0	12.6492635493	 1
4500.0	12.6481118689	 1
4504.0	12.6476734572	 1
4508.0	12.6471344185	 1
4512.0	12.645115718	 1
4516.0	12.6419721538	 1
4520.0	12.6372706567	 1
4524.0	12.6313247339	 1
4528.0	12.6283148413	 1
4532.0	12.629428551	 1
4536.0	12.6295259646	 1
4540.0	12.6272861579	 1
4544.0	12.6269342414	 1
4548.0	12.6262689057	 1
4552.0	12.6235843127	 1
4556.0	12.6200049685	 1
4560.0	12.6188205581	 1
4564.0	12.6201286233	 1
4568.0	12.6197999107	 1
4572.0	12.6163349704	 1
4576.0	12.6126608986	 1
4580.0	12.6104788219	 1
4584.0	12.6097110917	 1
4588.0	12.6101763157	 1
4592.0	12.6093388064	 1
4596.0	12.6080573111	 1
4600.0	12.6089255849	 1
4604.0	12.608419465	 1
4608.0	12.6042992923	 1
4612.0	12.599176687	 1
4616.0	12.5962887788	 1
4620.0	12.5960174548	 1
4624.0	12.5955336877	 1
4628.0	12.5930697424	 1
4632.0	12.5903985249	 1
4636.0	12.5892100388	 1
4640.0	12.5906612842	 1
4644.0	12.5933817208	 1
4648.0	12.5923723372	 1
4652.0	12.5888362713	 1
4656.0	12.5858865622	 1
4660.0	12.5840896628	 1
4664.0	12.5829541777	 1
4668.0	12.5822330538	 1
4672.0	12.5830778764	 1
4676.0	12.5845033738	 1
4680.0	12.5825476784	 1
4684.0	12.5784921945	 1
4688.0	12.5760345988	 1
4692.0	12.5757579643	 1
4696.0	12.5761098291	 1
4700.0	12.5762527723	 1
4704.0	12.5759798019	 1
4708.0	12.575795974	 1
4712.0	12.5756115158	 1
4716.0	12.5753741306	 1
4720.0	12.5752216011	 1
4724.0	12.5751114009	 1
4728.0	12.574788267	 1
4732.0	12.5741461405	 1
4736.0	12.5732150502	 1
4740.0	12.572145041	 1
4744.0	12.5712807175	 1
4748.0	12.5708912471	 1
4752.0	12.5708343446	 1
4756.0	12.570762624	 1
4760.0	12.5704470358	 1
4764.0	12.5699734087	 1
4768.0	12.569604466	 1
4772.0	12.5693527158	 1
4776.0	12.5689981508	 1
4780.0	12.5683099055	 1
4784.0	12.56712432	 1
4788.0	12.5655813026	 1
4792.0	12.564054437	 1
4796.0	12.5627623398	 1
4800.0	12.561586236	 1
4804.0	12.5603901225	 1
4808.0	12.5590814974	 1
4812.0	12.557667503	 1
4816.0	12.5562137583	 1
4820.0	12.5547104788	 1
4824.0	12.5531503119	 1
4828.0	12.5514308915	 1
4832.0	12.549345139	 1
4836.0	12.5471465166	 1
4840.0	12.5453730813	 1
4844.0	12.5439931927	 1
4848.0	12.5427099722	 1
4852.0	12.5414504101	 1
4856.0	12.5403974914	 1
4860.0	12.5397494289	 1
4864.0	12.5394585798	 1
4868.0	12.53930841	 1
4872.0	12.5392701053	 1
4876.0	12.5392016752	 1
4880.0	12.5388396848	 1
4884.0	12.5383800119	 1
4888.0	12.5381749864	 1
4892.0	12.5381194592	 1
4896.0	12.5379419156	 1
4900.0	12.5375104925	 1
4904.0	12.5368539962	 1
4908.0	12.5360312938	 1
4912.0	12.5351164623	 1
4916.0	12.5342410347	 1
4920.0	12.5334225196	 1
4924.0	12.5324867315	 1
4928.0	12.5314309036	 1
4932.0	12.5304043959	 1
4936.0	12.5295694666	 1
4940.0	12.5290814993	 1
4944.0	12.5289442079	 1
4948.0	12.5287957235	 1
4952.0	12.5282997386	 1
4956.0	12.5276132388	 1
4960.0	12.526964397	 1
4964.0	12.5262652445	 1
4968.0	12.5254325143	 1
4972.0	12.5244835035	 1
4976.0	12.5234456908	 1
4980.0	12.5222103955	 1
4984.0	12.5206713368	 1
4988.0	12.5186971308	 1
4992.0	12.516399009	 1
4996.0	12.5140219141	 1
5000.0	12.5118556701	 1
5004.0	12.5099755943	 1
5008.0	12.5082379794	 1
5012.0	12.5064538901	 1
5016.0	12.5048172841	 1
5020.0	12.5037213358	 1
5024.0	12.5032906388	 1
5028.0	12.5032874281	 1
5032.0	12.5033541609	 1
5036.0	12.503293371	 1
5040.0	12.5030562132	 1
5044.0	12.5026419511	 1
5048.0	12.5021822742	 1
5052.0	12.5016489877	 1
5056.0	12.5007026714	 1
5060.0	12.4992506204	 1
5064.0	12.4975959303	 1
5068.0	12.4958966875	 1
5072.0	12.4940534236	 1
5076.0	12.4919846044	 1
5080.0	12.4898713776	 1
5084.0	12.4880093324	 1
5088.0	12.4864340383	 1
5092.0	12.4850997096	 1
5096.0	12.4837744989	 1
5100.0	12.4821956813	 1
5104.0	12.4804447753	 1
5108.0	12.4787156072	 1
5112.0	12.4771969107	 1
5116.0	12.4760418977	 1
5120.0	12.4750314773	 1
5124.0	12.4739844891	 1
5128.0	12.4728318373	 1
5132.0	12.4717140277	 1
5136.0	12.4709152208	 1
5140.0	12.4704720778	 1
5144.0	12.4702164356	 1
5148.0	12.4699871285	 1
5152.0	12.4695552648	 1
5156.0	12.468845457	 1
5160.0	12.4678389127	 1
5164.0	12.4665428036	 1
5168.0	12.46504704	 1
5172.0	12.4634546362	 1
5176.0	12.4616289364	 1
5180.0	12.4593999746	 1
5184.0	12.4567246043	 1
5188.0	12.4539794399	 1
5192.0	12.4515577951	 1
5196.0	12.4495052415	 1
5200.0	12.4476698396	 1
5204.0	12.445820339	 1
5208.0	12.4437924313	 1
5212.0	12.4417274287	 1
5216.0	12.4399486401	 1
5220.0	12.4387922268	 1
5224.0	12.4380560582	 1
5228.0	12.4372139533	 1
5232.0	12.4361653231	 1
5236.0	12.435141476	 1
5240.0	12.4344515984	 1
5244.0	12.4342358915	 1
5248.0	12.4343075804	 1
5252.0	12.4342875226	 1
5256.0	12.4339498373	 1
5260.0	12.4332829857	 1
5264.0	12.4323976583	 1
5268.0	12.4313868707	 1
5272.0	12.4302477991	 1
5276.0	12.4289438738	 1
5280.0	12.4274125532	 1
5284.0	12.4258616956	 1
5288.0	12.4245278808	 1
5292.0	12.4234268999	 1
5296.0	12.4225486844	 1
5300.0	12.4219432072	 1
5304.0	12.4215277614	 1
5308.0	12.4210862018	 1
5312.0	12.4204694259	 1
5316.0	12.4198103596	 1
5320.0	12.4191560185	 1
5324.0	12.418346535	 1
5328.0	12.4173763062	 1
5332.0	12.416397208	 1
5336.0	12.4154512277	 1
5340.0	12.4145436778	 1
5344.0	12.4136430816	 1
5348.0	12.4129388816	 1
5352.0	12.4124473764	 1
5356.0	12.4118818028	 1
5360.0	12.4109886294	 1
5364.0	12.4099229213	 1
5368.0	12.4089881215	 1
5372.0	12.4083219342	 1
5376.0	12.4077477518	 1
5380.0	12.4071863676	 1
5384.0	12.4067332658	 1
5388.0	12.4062879138	 1
5392.0	12.4057812416	 1
5396.0	12.4054019102	 1
5400.0	12.4052142714	 1
5404.0	12.4049603442	 1
5408.0	12.4044903547	 1
5412.0	12.4039933467	 1
5416.0	12.4035682159	 1
5420.0	12.4029661201	 1
5424.0	12.4020364998	 1
5428.0	12.4009234914	 1
5432.0	12.3998038357	 1
5436.0	12.3985406922	 1
5440.0	12.3971097765	 1
5444.0	12.3957176308	 1
5448.0	12.3942756979	 1
5452.0	12.3926900088	 1
5456.0	12.3912021194	 1
5460.0	12.389981212	 1
5464.0	12.3889926295	 1
5468.0	12.3879974797	 1
5472.0	12.3869715415	 1
5476.0	12.3861031422	 1
5480.0	12.3854168325	 1
5484.0	12.3848159988	 1
5488.0	12.3845329795	 1
5492.0	12.3844175377	 1
5496.0	12.3840535503	 1
5500.0	12.3834076735	 1
5504.0	12.3827529069	 1
5508.0	12.3823605421	 1
5512.0	12.3821879593	 1
5516.0	12.3818687168	 1
5520.0	12.3811980942	 1
5524.0	12.3802215144	 1
5528.0	12.3791373885	 1
5532.0	12.3782891143	 1
5536.0	12.3776744294	 1
5540.0	12.3769715734	 1
5544.0	12.3759780688	 1
5548.0	12.3748246774	 1
5552.0	12.3739433789	 1
5556.0	12.37367701	 1
5560.0	12.3739509468	 1
5564.0	12.3744435108	 1
5568.0	12.3747152792	 1
5572.0	12.3746630924	 1
5576.0	12.3744981568	 1
5580.0	12.3742974276	 1
5584.0	12.3741244215	 1
5588.0	12.3738683839	 1
5592.0	12.3732266555	 1
5596.0	12.371998488	 1
5600.0	12.370261018	 1
5604.0	12.368485861	 1
5608.0	12.3672110587	 1
5612.0	12.3664869568	 1
5616.0	12.3659951991	 1
5620.0	12.3654833183	 1
5624.0	12.3649679553	 1
5628.0	12.3647166513	 1
5632.0	12.364948094	 1
5636.0	12.3657010163	 1
5640.0	12.366656175	 1
5644.0	12.3672584579	 1
5648.0	12.3671089885	 1
5652.0	12.3664019419	 1
5656.0	12.3655134808	 1
5660.0	12.364547565	 1
5664.0	12.3634166521	 1
5668.0	12.3621064536	 1
5672.0	12.3606422415	 1
5676.0	12.3594527576	 1
5680.0	12.3590888884	 1
5684.0	12.3594033315	 1
5688.0	12.3597389887	 1
5692.0	12.3597666785	 1
5696.0	12.3594879077	 1
5700.0	12.3590381277	 1
5704.0	12.3585933287	 1
5708.0	12.3581392704	 1
5712.0	12.3574363228	 1
5716.0	12.356244249	 1
5720.0	12.3548592998	 1
5724.0	12.3539292456	 1
5728.0	12.353694882	 1
5732.0	12.3536777314	 1
5736.0	12.3533570836	 1
5740.0	12.3526315677	 1
5744.0	12.3519105485	 1
5748.0	12.351446756	 1
5752.0	12.3509217796	 1
5756.0	12.3500506362	 1
5760.0	12.3491694043	 1
5764.0	12.3486208132	 1
5768.0	12.3485557259	 1
5772.0	12.3490367486	 1
5776.0	12.349907574	 1
5780.0	12.3507643307	 1
5784.0	12.3512433777	 1
5788.0	12.3513863096	 1
5792.0	12.3513811206	 1
5796.0	12.3512826665	 1
5800.0	12.3509210312	 1
5804.0	12.3503217094	 1
5808.0	12.3497417291	 1
5812.0	12.3492895646	 1
5816.0	12.3488452983	 1
5820.0	12.3484060113	 1
5824.0	12.3479687736	 1
5828.0	12.3475335856	 1
5832.0	12.347100448	 1
5836.0	12.3466664136	 1
5840.0	12.3462373758	 1
5844.0	12.3458103901	 1
5848.0	12.3453854573	 1
5852.0	12.344962578	 1
5856.0	12.3445387905	 1
5860.0	12.3441200171	 1
5864.0	12.3437032992	 1
5868.0	12.3432886373	 1
5872.0	12.3428760322	 1
5876.0	12.3424625078	 1
5880.0	12.3420540154	 1
5884.0	12.3416475818	 1
5888.0	12.3412432078	 1
5892.0	12.3408379055	 1
5896.0	12.3404376499	 1
5900.0	12.340039456	 1
5904.0	12.3396433246	 1
5908.0	12.3392492565	 1
5912.0	12.338854249	 1
5916.0	12.3384643067	 1
5920.0	12.33807643	 1
5924.0	12.3376906197	 1
5928.0	12.3373068766	 1
5932.0	12.3369221831	 1
5936.0	12.3365697668	 1
5940.0	12.3363737392	 1
5944.0	12.3364346028	 1
5948.0	12.3366866816	 1
5952.0	12.336960682	 1
5956.0	12.3371775632	 1
5960.0	12.3374406909	 1
5964.0	12.3376586781	 1
5968.0	12.337507239	 1
5972.0	12.336859605	 1
5976.0	12.3359564248	 1
5980.0	12.3350912435	 1
5984.0	12.3343070169	 1
5988.0	12.3335211056	 1
5992.0	12.3324727635	 1
5996.0	12.3309684587	 1
6000.0	12.3293608554	 1
6004.0	12.3282633323	 1
6008.0	12.327879017	 1
6012.0	12.3277456896	 1
6016.0	12.3276333785	 1
6020.0	12.3276716002	 1
6024.0	12.3279412258	 1
6028.0	12.3284649911	 1
6032.0	12.3293186458	 1
6036.0	12.3301656898	 1
6040.0	12.3306139868	 1
6044.0	12.3306583252	 1
6048.0	12.3304186684	 1
6052.0	12.3299877176	 1
6056.0	12.3294492896	 1
6060.0	12.3289031689	 1
6064.0	12.32836185	 1
6068.0	12.3278190765	 1
6072.0	12.32728111	 1
6076.0	12.3267448208	 1
6080.0	12.3262070693	 1
6084.0	12.3256741323	 1
6088.0	12.3251397277	 1
6092.0	12.3246101428	 1
6096.0	12.3240822351	 1
6100.0	12.3235528521	 1
6104.0	12.3230282964	 1
6108.0	12.3225054181	 1
6112.0	12.3219810566	 1
6116.0	12.3214615303	 1
6120.0	12.3209405156	 1
6124.0	12.3204243415	 1
6128.0	12.3199098448	 1
6132.0	12.3193938518	 1
6136.0	12.3188827075	 1
6140.0	12.3183732407	 1
6144.0	12.3178622699	 1
6148.0	12.3173561558	 1
6152.0	12.3168485325	 1
6156.0	12.3164159451	 1
6160.0	12.3162725392	 1
6164.0	12.3166528114	 1
6168.0	12.3174375404	 1
6172.0	12.3180252993	 1
6176.0	12.3181962863	 1
6180.0	12.3184348931	 1
6184.0	12.3189253053	 1
6188.0	12.319623576	 1
6192.0	12.3204207647	 1
6196.0	12.3210935058	 1
6200.0	12.3214557676	 1
6204.0	12.321408378	 1
6208.0	12.3212723382	 1
6212.0	12.3214877924	 1
6216.0	12.3218111374	 1
6220.0	12.321869704	 1
6224.0	12.3218033157	 1
6228.0	12.3219855515	 1
6232.0	12.3223484605	 1
6236.0	12.3224813832	 1
6240.0	12.3221032556	 1
6244.0	12.3213774619	 1
6248.0	12.3205012371	 1
6252.0	12.3196294459	 1
6256.0	12.3188116147	 1
6260.0	12.3181667575	 1
6264.0	12.3175993389	 1
6268.0	12.3169738677	 1
6272.0	12.3164723269	 1
6276.0	12.3164464007	 1
6280.0	12.316881266	 1
6284.0	12.3173233896	 1
6288.0	12.3172997212	 1
6292.0	12.316991863	 1
6296.0	12.3164823822	 1
6300.0	12.3157440794	 1
6304.0	12.3148299875	 1
6308.0	12.3139570682	 1
6312.0	12.31319559	 1
6316.0	12.3126427735	 1
6320.0	12.312081406	 1
6324.0	12.3113573237	 1
6328.0	12.3107283779	 1
6332.0	12.3104531687	 1
6336.0	12.3101900148	 1
6340.0	12.3096598356	 1
6344.0	12.3091513615	 1
6348.0	12.308934096	 1
6352.0	12.3087897333	 1
6356.0	12.3084821901	 1
6360.0	12.3082035741	 1
6364.0	12.3080723635	 1
6368.0	12.3077097525	 1
6372.0	12.3069727901	 1
6376.0	12.3061929767	 1
6380.0	12.3055873186	 1
6384.0	12.3050780926	 1
6388.0	12.3044582757	 1
6392.0	12.3037922237	 1
6396.0	12.3031750871	 1
6400.0	12.3026376006	 1
6404.0	12.3020777349	 1
6408.0	12.3015840789	 1
6412.0	12.3012694002	 1
6416.0	12.3010727136	 1
6420.0	12.3006934429	 1
6424.0	12.3000934516	 1
6428.0	12.2995324905	 1
6432.0	12.2990826086	 1
6436.0	12.2986343147	 1
6440.0	12.2981052247	 1
6444.0	12.2975432414	 1
6448.0	12.2970926712	 1
6452.0	12.2965507828	 1
6456.0	12.295841633	 1
6460.0	12.295364494	 1
6464.0	12.2950647416	 1
6468.0	12.2945286759	 1
6472.0	12.2938662641	 1
6476.0	12.2933364212	 1
6480.0	12.2928391403	 1
6484.0	12.2921564542	 1
6488.0	12.291343418	 1
6492.0	12.2905072149	 1
6496.0	12.2894087236	 1
6500.0	12.288162106	 1
6504.0	12.2871415808	 1
6508.0	12.2863404081	 1
6512.0	12.285481341	 1
6516.0	12.2843942605	 1
6520.0	12.2831796447	 1
6524.0	12.282059572	 1
6528.0	12.2812528528	 1
6532.0	12.2808155465	 1
6536.0	12.2805954712	 1
6540.0	12.2804017225	 1
6544.0	12.280206487	 1
6548.0	12.2800341855	 1
6552.0	12.2799966955	 1
6556.0	12.2802694461	 1
6560.0	12.2806224628	 1
6564.0	12.2805823026	 1
6568.0	12.2801721459	 1
6572.0	12.2796229787	 1
6576.0	12.2789942814	 1
6580.0	12.2784477663	 1
6584.0	12.2782442575	 1
6588.0	12.2782437203	 1
6592.0	12.2781325902	 1
6596.0	12.2778680795	 1
6600.0	12.2776832235	 1
6604.0	12.2774932621	 1
6608.0	12.2771244654	 1
6612.0	12.2766650479	 1
6616.0	12.2761822458	 1
6620.0	12.275427324	 1
6624.0	12.2743749895	 1
6628.0	12.27340525	 1
6632.0	12.2726177401	 1
6636.0	12.2717672382	 1
6640.0	12.270992457	 1
6644.0	12.2705071909	 1
6648.0	12.2702300941	 1
6652.0	12.2698691198	 1
6656.0	12.2692347943	 1
6660.0	12.2684944934	 1
6664.0	12.2675730019	 1
6668.0	12.2664951464	 1
6672.0	12.2656970088	 1
6676.0	12.2653686569	 1
6680.0	12.2653070866	 1
6684.0	12.2651400952	 1
6688.0	12.2648170832	 1
6692.0	12.2645747853	 1
6696.0	12.2644925808	 1
6700.0	12.26434048	 1
6704.0	12.264042552	 1
6708.0	12.2636452912	 1
6712.0	12.2633289869	 1
6716.0	12.263025179	 1
6720.0	12.2628532893	 1
6724.0	12.2627521451	 1
6728.0	12.2626023135	 1
6732.0	12.2623310475	 1
6736.0	12.2621087324	 1
6740.0	12.2621682769	 1
6744.0	12.2624087322	 1
6748.0	12.2623566869	 1
6752.0	12.2620768348	 1
6756.0	12.2618096399	 1
6760.0	12.2617818882	 1
6764.0	12.2621445915	 1
6768.0	12.2626719977	 1
6772.0	12.2629496077	 1
6776.0	12.262744577	 1
6780.0	12.2620113	 1
6784.0	12.2612238269	 1
6788.0	12.2603268332	 1
6792.0	12.2592870454	 1
6796.0	12.2582775419	 1
6800.0	12.2573057157	 1
6804.0	12.2564748397	 1
6808.0	12.2559437418	 1
6812.0	12.2558053784	 1
6816.0	12.2560239916	 1
6820.0	12.2561046668	 1
6824.0	12.2560209278	 1
6828.0	12.256165673	 1
6832.0	12.2563539065	 1
6836.0	12.2561801145	 1
6840.0	12.2556580886	 1
6844.0	12.2549771021	 1
6848.0	12.253980362	 1
6852.0	12.2531447305	 1
6856.0	12.2533809503	 1
6860.0	12.2547683257	 1
6864.0	12.256177949	 1
6868.0	12.2569369458	 1
6872.0	12.2573352447	 1
6876.0	12.2580083209	 1
6880.0	12.2587384849	 1
6884.0	12.2592156938	 1
6888.0	12.2593629359	 1
6892.0	12.258670796	 1
6896.0	12.2569219377	 1
6900.0	12.2549127132	 1
6904.0	12.2533702844	 1
6908.0	12.25247226	 1
6912.0	12.2515409889	 1
6916.0	12.2500953224	 1
6920.0	12.2486428417	 1
6924.0	12.2476266125	 1
6928.0	12.2468309138	 1
6932.0	12.2460209693	 1
6936.0	12.2451740064	 1
6940.0	12.2445403805	 1
6944.0	12.2444014881	 1
6948.0	12.2446485412	 1
6952.0	12.2451688371	 1
6956.0	12.2457194541	 1
6960.0	12.2461323591	 1
6964.0	12.2463762934	 1
6968.0	12.2463011238	 1
6972.0	12.2460093407	 1
6976.0	12.2454811828	 1
6980.0	12.2444167902	 1
6984.0	12.2429616922	 1
6988.0	12.2418373188	 1
6992.0	12.2411858319	 1
6996.0	12.2407390037	 1
7000.0	12.2405165113	 1
7004.0	12.2405536374	 1
7008.0	12.2406315279	 1
7012.0	12.2407773465	 1
7016.0	12.2411884941	 1
7020.0	12.2414867081	 1
7024.0	12.2411444243	 1
7028.0	12.2402802025	 1
7032.0	12.2395796698	 1
7036.0	12.2390818706	 1
7040.0	12.238713425	 1
7044.0	12.2388439819	 1
7048.0	12.2392884691	 1
7052.0	12.239478847	 1
7056.0	12.2395351332	 1
7060.0	12.2397812876	 1
7064.0	12.2404021261	 1
7068.0	12.2413760151	 1
7072.0	12.2425399058	 1
7076.0	12.243804375	 1
7080.0	12.2446881501	 1
7084.0	12.2450347258	 1
7088.0	12.2452020858	 1
7092.0	12.2452569361	 1
7096.0	12.245151243	 1
7100.0	12.2449043686	 1
7104.0	12.2444284656	 1
7108.0	12.2437946518	 1
7112.0	12.2429390041	 1
7116.0	12.2420682458	 1
7120.0	12.2418992499	 1
7124.0	12.2424220832	 1
7128.0	12.2430123534	 1
7132.0	12.2435262548	 1
7136.0	12.2439754413	 1
7140.0	12.2440464399	 1
7144.0	12.2433723454	 1
7148.0	12.2423135058	 1
7152.0	12.2416290644	 1
7156.0	12.2414080619	 1
7160.0	12.2412933357	 1
7164.0	12.2408539581	 1
7168.0	12.2399562105	 1
7172.0	12.2386923914	 1
7176.0	12.237594506	 1
7180.0	12.2372635344	 1
7184.0	12.2376568969	 1
7188.0	12.2379926118	 1
7192.0	12.2378572563	 1
7196.0	12.2373750525	 1
7200.0	12.2372996126	 1
7204.0	12.2379694538	 1
7208.0	12.2388304884	 1
7212.0	12.2392556496	 1
7216.0	12.2390307099	 1
7220.0	12.2383662223	 1
7224.0	12.2378783572	 1
7228.0	12.2376410744	 1
7232.0	12.2373070779	 1
7236.0	12.236872037	 1
7240.0	12.2366472582	 1
7244.0	12.2368262135	 1
7248.0	12.2374597778	 1
7252.0	12.2384966858	 1
7256.0	12.2393241934	 1
7260.0	12.2396889218	 1
7264.0	12.2398206165	 1
7268.0	12.2397847066	 1
7272.0	12.2395889444	 1
7276.0	12.2393034424	 1
7280.0	12.2387036945	 1
7284.0	12.2381215475	 1
7288.0	12.2378855294	 1
7292.0	12.2380798327	 1
7296.0	12.2384892255	 1
7300.0	12.238776346	 1
7304.0	12.2389448693	 1
7308.0	12.2390864399	 1
7312.0	12.2390375022	 1
7316.0	12.2387219553	 1
7320.0	12.2381853149	 1
7324.0	12.2373180318	 1
7328.0	12.2362583494	 1
7332.0	12.2355646879	 1
7336.0	12.2353846772	 1
7340.0	12.2354924249	 1
7344.0	12.2360112044	 1
7348.0	12.236879588	 1
7352.0	12.2376340148	 1
7356.0	12.2383883046	 1
7360.0	12.2394779596	 1
7364.0	12.2406538903	 1
7368.0	12.2418099876	 1
7372.0	12.2427451935	 1
7376.0	12.2433768503	 1
7380.0	12.2440378989	 1
7384.0	12.2447671457	 1
7388.0	12.2453841834	 1
7392.0	12.2459487884	 1
7396.0	12.2462448717	 1
7400.0	12.2461028317	 1
7404.0	12.2453355582	 1
7408.0	12.2440460565	 1
7412.0	12.2429862335	 1
7416.0	12.2420999598	 1
7420.0	12.2410025321	 1
7424.0	12.2400354549	 1
7428.0	12.2393675042	 1
7432.0	12.2387783232	 1
7436.0	12.2382203964	 1
7440.0	12.2380274959	 1
7444.0	12.2385044502	 1
7448.0	12.239119317	 1
7452.0	12.239515627	 1
7456.0	12.2399976748	 1
7460.0	12.240561476	 1
7464.0	12.2408399327	 1
7468.0	12.2410639954	 1
7472.0	12.2412509899	 1
7476.0	12.2413085787	 1
7480.0	12.2410341964	 1
7484.0	12.2407831467	 1
7488.0	12.2408900173	 1
7492.0	12.24121498	 1
7496.0	12.2415425946	 1
7500.0	12.2419126515	 1
7504.0	12.2422899078	 1
7508.0	12.2427142876	 1
7512.0	12.2429817673	 1
7516.0	12.2429761743	 1
7520.0	12.2427010831	 1
7524.0	12.242378359	 1
7528.0	12.2420702499	 1
7532.0	12.2415672843	 1
7536.0	12.2409137001	 1
7540.0	12.2404126482	 1
7544.0	12.2401760349	 1
7548.0	12.2400391338	 1
7552.0	12.2400738131	 1
7556.0	12.2402627109	 1
7560.0	12.2402923976	 1
7564.0	12.2400860355	 1
7568.0	12.2399619727	 1
7572.0	12.2400868674	 1
7576.0	12.2402904263	 1
7580.0	12.2404105926	 1
7584.0	12.2404606123	 1
7588.0	12.2405035157	 1
7592.0	12.2405483236	 1
7596.0	12.2405950382	 1
7600.0	12.2406391278	 1
7604.0	12.2406851185	 1
7608.0	12.2407330127	 1
7612.0	12.2407828126	 1
7616.0	12.2408299665	 1
7620.0	12.2408790205	 1
7624.0	12.2409299769	 1
7628.0	12.240978269	 1
7632.0	12.2410284579	 1
7636.0	12.2410805459	 1
7640.0	12.2411299512	 1
7644.0	12.24118125	 1
7648.0	12.2412344444	 1
7652.0	12.2412895369	 1
7656.0	12.2413419254	 1
7660.0	12.2413962062	 1
7664.0	12.2414477674	 1
7668.0	12.2415058346	 1
7672.0	12.2415611764	 1
7676.0	12.2416184094	 1
7680.0	12.2416729014	 1
7684.0	12.2416968029	 1
7688.0	12.2416110649	 1
7692.0	12.2413642426	 1
7696.0	12.2411466342	 1
7700.0	12.2411585164	 1
7704.0	12.2411908285	 1
7708.0	12.2409683483	 1
7712.0	12.240714524	 1
7716.0	12.2405741376	 1
7720.0	12.2403791021	 1
7724.0	12.2400216161	 1
7728.0	12.2395106989	 1
7732.0	12.2387570741	 1
7736.0	12.2377042695	 1
7740.0	12.2368675994	 1
7744.0	12.2371008735	 1
7748.0	12.2380366545	 1
7752.0	12.2388262095	 1
7756.0	12.2394546043	 1
7760.0	12.24047388	 1
7764.0	12.24187213	 1
7768.0	12.2430251789	 1
7772.0	12.2436318826	 1
7776.0	12.2439942964	 1
7780.0	12.2439493621	 1
7784.0	12.2431430364	 1
7788.0	12.2421514135	 1
7792.0	12.241856775	 1
7796.0	12.241993163	 1
7800.0	12.241916379	 1
7804.0	12.2416928014	 1
7808.0	12.2415615242	 1
7812.0	12.2413214478	 1
7816.0	12.2405406718	 1
7820.0	12.2397749549	 1
7824.0	12.2397586697	 1
7828.0	12.2402151662	 1
7832.0	12.2403230368	 1
7836.0	12.2402256388	 1
7840.0	12.2406748476	 1
7844.0	12.2419195998	 1
7848.0	12.2434850642	 1
7852.0	12.2445184227	 1
7856.0	12.2448511378	 1
7860.0	12.2451960645	 1
7864.0	12.2454557201	 1
7868.0	12.2452832222	 1
7872.0	12.2448288232	 1
7876.0	12.244360715	 1
7880.0	12.2439522071	 1
7884.0	12.2435691645	 1
7888.0	12.2433781051	 1
7892.0	12.2435657826	 1
7896.0	12.243407125	 1
7900.0	12.2425625397	 1
7904.0	12.241914945	 1
7908.0	12.2420346109	 1
7912.0	12.2425745518	 1
7916.0	12.2429301926	 1
7920.0	12.2431649442	 1
7924.0	12.2435649646	 1
7928.0	12.2442002317	 1
7932.0	12.2450520298	 1
7936.0	12.2459674942	 1
7940.0	12.2468523982	 1
7944.0	12.2475918889	 1
7948.0	12.2480653854	 1
7952.0	12.248391705	 1
7956.0	12.2487254367	 1
7960.0	12.2490114682	 1
7964.0	12.2492646681	 1
7968.0	12.2496406812	 1
7972.0	12.2502104596	 1
7976.0	12.251000095	 1
7980.0	12.2519602099	 1
7984.0	12.2531879343	 1
7988.0	12.2545530551	 1
7992.0	12.2557259802	 1
7996.0	12.2565577858	 1
8000.0	12.2572200762	 1
8004.0	12.2575485599	 1
8008.0	12.2576135083	 1
8012.0	12.2572963854	 1
8016.0	12.2568011442	 1
8020.0	12.2565424196	 1
8024.0	12.2566130662	 1
8028.0	12.2563723243	 1
8032.0	12.2558810937	 1
8036.0	12.2557093588	 1
8040.0	12.2560328944	 1
8044.0	12.256461858	 1
8048.0	12.2566973573	 1
8052.0	12.2569298214	 1
8056.0	12.2570971659	 1
8060.0	12.2570283052	 1
8064.0	12.2571578478	 1
8068.0	12.2576161991	 1
8072.0	12.257833002	 1
8076.0	12.2575161494	 1
8080.0	12.2570442628	 1
8084.0	12.2568908423	 1
8088.0	12.2569524373	 1
8092.0	12.2567966104	 1
8096.0	12.2566212045	 1
8100.0	12.2565777242	 1
8104.0	12.2564991308	 1
8108.0	12.2564115043	 1
8112.0	12.2565349469	 1
8116.0	12.2568124207	 1
8120.0	12.2570500604	 1
8124.0	12.2568479793	 1
8128.0	12.2561630345	 1
8132.0	12.2553577215	 1
8136.0	12.2547372236	 1
8140.0	12.2542965012	 1
8144.0	12.2537618068	 1
8148.0	12.2530222988	 1
8152.0	12.2523361422	 1
8156.0	12.2514713078	 1
8160.0	12.2506334084	 1
8164.0	12.2509944538	 1
8168.0	12.252723327	 1
8172.0	12.2546139049	 1
8176.0	12.2562681548	 1
8180.0	12.2580951936	 1
8184.0	12.2602516207	 1
8188.0	12.2621711682	 1
8192.0	12.2633998771	 1
8196.0	12.2647471554	 1
8200.0	12.2658355636	 1
8204.0	12.2654952881	 1
8208.0	12.2636964784	 1
8212.0	12.2617637387	 1
8216.0	12.2606415191	 1
8220.0	12.259773508	 1
8224.0	12.2586199226	 1
8228.0	12.2582173468	 1
8232.0	12.2586158098	 1
8236.0	12.2588975993	 1
8240.0	12.2593062535	 1
8244.0	12.2609071223	 1
8248.0	12.2632235935	 1
8252.0	12.2645998032	 1
8256.0	12.2647284823	 1
8260.0	12.2647001489	 1
8264.0	12.2643225685	 1
8268.0	12.2634197183	 1
8272.0	12.2628408022	 1
8276.0	12.2627453553	 1
8280.0	12.2624096376	 1
8284.0	12.26160798	 1
8288.0	12.2613233684	 1
8292.0	12.2620026712	 1
8296.0	12.2630767486	 1
8300.0	12.2635256869	 1
8304.0	12.2635293103	 1
8308.0	12.2633297289	 1
8312.0	12.2630648701	 1
8316.0	12.2633663581	 1
8320.0	12.2642751728	 1
8324.0	12.2645539634	 1
8328.0	12.2638888967	 1
8332.0	12.2626237109	 1
8336.0	12.2618651344	 1
8340.0	12.26199215	 1
8344.0	12.2621933946	 1
8348.0	12.262647744	 1
8352.0	12.2637924637	 1
8356.0	12.264975718	 1
8360.0	12.2662201991	 1
8364.0	12.2681625595	 1
8368.0	12.2704017085	 1
8372.0	12.2720337937	 1
8376.0	12.2726174822	 1
8380.0	12.2727156919	 1
8384.0	12.272713282	 1
8388.0	12.271853714	 1
8392.0	12.2703467695	 1
8396.0	12.2691983693	 1
8400.0	12.2684197651	 1
8404.0	12.2677212884	 1
8408.0	12.2674669965	 1
8412.0	12.2677318776	 1
8416.0	12.2679417857	 1
8420.0	12.2679652576	 1
8424.0	12.2682073477	 1
8428.0	12.2691781673	 1
8432.0	12.2708014098	 1
8436.0	12.2726445019	 1
8440.0	12.2740054663	 1
8444.0	12.2747771247	 1
8448.0	12.2752167611	 1
8452.0	12.2753288108	 1
8456.0	12.2754599325	 1
8460.0	12.2757784589	 1
8464.0	12.2762385948	 1
8468.0	12.2765325172	 1
8472.0	12.2769799949	 1
8476.0	12.2780601988	 1
8480.0	12.2794140456	 1
8484.0	12.2803281066	 1
8488.0	12.2808997822	 1
8492.0	12.2810570457	 1
8496.0	12.2805516228	 1
8500.0	12.2800410467	 1
8504.0	12.2800844159	 1
8508.0	12.2803886183	 1
8512.0	12.2807775412	 1
8516.0	12.2817776127	 1
8520.0	12.2835404315	 1
8524.0	12.2856080748	 1
8528.0	12.2875419259	 1
8532.0	12.2893707449	 1
8536.0	12.2905785156	 1
8540.0	12.2910594395	 1
8544.0	12.2911586318	 1
8548.0	12.2910611542	 1
8552.0	12.2905140146	 1
8556.0	12.2897510859	 1
8560.0	12.2890488298	 1
8564.0	12.288497544	 1
8568.0	12.2880673208	 1
8572.0	12.2874632281	 1
8576.0	12.2865043791	 1
8580.0	12.2853834026	 1
8584.0	12.2846182216	 1
8588.0	12.2844983924	 1
8592.0	12.284808205	 1
8596.0	12.2853618394	 1
8600.0	12.2861785094	 1
8604.0	12.2866773511	 1
8608.0	12.2871301922	 1
8612.0	12.2882178931	 1
8616.0	12.289462492	 1
8620.0	12.2896194529	 1
8624.0	12.2887951154	 1
8628.0	12.2875318795	 1
8632.0	12.2859459161	 1
8636.0	12.2844216798	 1
8640.0	12.2841661199	 1
8644.0	12.2854385562	 1
8648.0	12.2867223704	 1
8652.0	12.2873610288	 1
8656.0	12.2885987552	 1
8660.0	12.290334488	 1
8664.0	12.2915093535	 1
8668.0	12.2924477718	 1
8672.0	12.2938302203	 1
8676.0	12.2950257798	 1
8680.0	12.2954857437	 1
8684.0	12.295655411	 1
8688.0	12.2959140822	 1
8692.0	12.295769031	 1
8696.0	12.2954815005	 1
8700.0	12.2960073998	 1
8704.0	12.2970744955	 1
8708.0	12.2977694777	 1
8712.0	12.2977137608	 1
8716.0	12.2969744763	 1
8720.0	12.2961037863	 1
8724.0	12.2958619929	 1
8728.0	12.2966344134	 1
8732.0	12.2979463657	 1
8736.0	12.2985494042	 1
8740.0	12.2980989376	 1
8744.0	12.2974215101	 1
8748.0	12.2973457506	 1
8752.0	12.2981838014	 1
8756.0	12.2994319217	 1
8760.0	12.2998832731	 1
8764.0	12.2990382856	 1
8768.0	12.2974558794	 1
8772.0	12.296192069	 1
8776.0	12.2958698398	 1
8780.0	12.2961915473	 1
8784.0	12.2966683419	 1
8788.0	12.2967261613	 1
8792.0	12.2966001495	 1
8796.0	12.2969932991	 1
8800.0	12.2986383637	 1
8804.0	12.300901111	 1
8808.0	12.3025871788	 1
8812.0	12.3031433176	 1
8816.0	12.3030750885	 1
8820.0	12.3027558748	 1
8824.0	12.3025733962	 1
8828.0	12.3027935224	 1
8832.0	12.3029894909	 1
8836.0	12.3027328316	 1
8840.0	12.3022693223	 1
8844.0	12.3018779608	 1
8848.0	12.301909923	 1
8852.0	12.30183915	 1
8856.0	12.3010859271	 1
8860.0	12.3002811136	 1
8864.0	12.2999782404	 1
8868.0	12.2999630689	 1
8872.0	12.3001188778	 1
8876.0	12.3004462011	 1
8880.0	12.3003634436	 1
8884.0	12.2994051431	 1
8888.0	12.2983818833	 1
8892.0	12.2980982822	 1
8896.0	12.2979792798	 1
8900.0	12.2974026888	 1
8904.0	12.2964597237	 1
8908.0	12.295798968	 1
8912.0	12.2956698705	 1
8916.0	12.2964283539	 1
8920.0	12.298105014	 1
8924.0	12.2999866585	 1
8928.0	12.3015056072	 1
8932.0	12.3030439911	 1
8936.0	12.3050807331	 1
8940.0	12.3072596815	 1
8944.0	12.3092274768	 1
8948.0	12.3108952006	 1
8952.0	12.3113605764	 1
8956.0	12.3107598575	 1
8960.0	12.3100656402	 1
8964.0	12.3090158352	 1
8968.0	12.3060135542	 1
8972.0	12.301985352	 1
8976.0	12.2989534016	 1
8980.0	12.2969253782	 1
8984.0	12.2953784772	 1
8988.0	12.2951784329	 1
8992.0	12.2962412504	 1
8996.0	12.2973618422	 1
9000.0	12.2984533493	 1
9004.0	12.3003759199	 1
9008.0	12.3034870931	 1
9012.0	12.3058623181	 1
9016.0	12.3073658086	 1
9020.0	12.3087937374	 1
9024.0	12.309709523	 1
9028.0	12.3101173131	 1
9032.0	12.311080582	 1
9036.0	12.3125954361	 1
9040.0	12.3136085486	 1
9044.0	12.3136981636	 1
9048.0	12.3127791786	 1
9052.0	12.3107416965	 1
9056.0	12.3087468333	 1
9060.0	12.3073356126	 1
9064.0	12.3051582116	 1
9068.0	12.3021079103	 1
9072.0	12.2995530366	 1
9076.0	12.2981457339	 1
9080.0	12.298041499	 1
9084.0	12.2986829297	 1
9088.0	12.3001828959	 1
9092.0	12.3028701559	 1
9096.0	12.3054735743	 1
9100.0	12.3076603413	 1
9104.0	12.3103699121	 1
9108.0	12.3127164665	 1
9112.0	12.3135668532	 1
9116.0	12.3140785961	 1
9120.0	12.3162784501	 1
9124.0	12.3195836544	 1
9128.0	12.3212704342	 1
9132.0	12.3206854633	 1
9136.0	12.3206439767	 1
9140.0	12.3224758901	 1
9144.0	12.3247691766	 1
9148.0	12.326439678	 1
9152.0	12.3269416819	 1
9156.0	12.3246624037	 1
9160.0	12.3206041616	 1
9164.0	12.3173543749	 1
9168.0	12.3161874573	 1
9172.0	12.3156152043	 1
9176.0	12.3143500445	 1
9180.0	12.3128379102	 1
9184.0	12.3125425821	 1
9188.0	12.3137497465	 1
9192.0	12.3161839072	 1
9196.0	12.3189072399	 1
9200.0	12.3207847096	 1
9204.0	12.3218956713	 1
9208.0	12.3227955543	 1
9212.0	12.3231382273	 1
9216.0	12.3225981072	 1
9220.0	12.3209442583	 1
9224.0	12.3184945346	 1
9228.0	12.3162192924	 1
9232.0	12.3148125212	 1
9236.0	12.3145812881	 1
9240.0	12.3155638028	 1
9244.0	12.3174569007	 1
9248.0	12.3197187971	 1
9252.0	12.321997809	 1
9256.0	12.3242577382	 1
9260.0	12.3260468128	 1
9264.0	12.3270769054	 1
9268.0	12.3274972479	 1
9272.0	12.3276564453	 1
9276.0	12.3272610536	 1
9280.0	12.3261858915	 1
9284.0	12.3250453323	 1
9288.0	12.3245854022	 1
9292.0	12.3244262175	 1
9296.0	12.3246270526	 1
9300.0	12.3251376636	 1
9304.0	12.3253052736	 1
9308.0	12.3244306806	 1
9312.0	12.3232259259	 1
9316.0	12.3224402688	 1
9320.0	12.3217431969	 1
9324.0	12.3205616524	 1
9328.0	12.3195347999	 1
9332.0	12.3192356935	 1
9336.0	12.3197244738	 1
9340.0	12.3201713002	 1
9344.0	12.3209227983	 1
9348.0	12.3223722914	 1
9352.0	12.3234494528	 1
9356.0	12.3235142119	 1
9360.0	12.3232908141	 1
9364.0	12.3225263102	 1
9368.0	12.3210572349	 1
9372.0	12.3193960563	 1
9376.0	12.3178617218	 1
9380.0	12.3165873374	 1
9384.0	12.3147804556	 1
9388.0	12.3123906337	 1
9392.0	12.3108597227	 1
9396.0	12.3104227476	 1
9400.0	12.3109775739	 1
9404.0	12.3122983516	 1
9408.0	12.3138545577	 1
9412.0	12.315178471	 1
9416.0	12.3166716444	 1
9420.0	12.3191960099	 1
9424.0	12.3226185429	 1
9428.0	12.3257570188	 1
9432.0	12.3282977332	 1
9436.0	12.3301590003	 1
9440.0	12.3311530599	 1
9444.0	12.3312144223	 1
9448.0	12.3308201278	 1
9452.0	12.3305864592	 1
9456.0	12.3295991396	 1
9460.0	12.3272038315	 1
9464.0	12.3243323742	 1
9468.0	12.3212980521	 1
9472.0	12.3179278766	 1
9476.0	12.3146692576	 1
9480.0	12.311943283	 1
9484.0	12.3099053308	 1
9488.0	12.3089294731	 1
9492.0	12.3084357044	 1
9496.0	12.3082814399	 1
9500.0	12.3086559373	 1
9504.0	12.3098708836	 1
9508.0	12.3123253556	 1
9512.0	12.3161755708	 1
9516.0	12.3205902843	 1
9520.0	12.324562704	 1
9524.0	12.3273460887	 1
9528.0	12.3293147614	 1
9532.0	12.3316869705	 1
9536.0	12.3349723444	 1
9540.0	12.3386027232	 1
9544.0	12.3418364947	 1
9548.0	12.3441887085	 1
9552.0	12.3462274424	 1
9556.0	12.3490347158	 1
9560.0	12.3519028237	 1
9564.0	12.3533417629	 1
9568.0	12.3534378976	 1
9572.0	12.3524664992	 1
9576.0	12.3504596127	 1
9580.0	12.3481996432	 1
9584.0	12.3466251892	 1
9588.0	12.3452342687	 1
9592.0	12.3434548281	 1
9596.0	12.3420097176	 1
9600.0	12.3419462633	 1
9604.0	12.3429255337	 1
9608.0	12.3436215901	 1
9612.0	12.3437221107	 1
9616.0	12.3433770271	 1
9620.0	12.3419793613	 1
9624.0	12.3396579805	 1
9628.0	12.3382300914	 1
9632.0	12.3381085877	 1
9636.0	12.3384824243	 1
9640.0	12.339257482	 1
9644.0	12.3403395773	 1
9648.0	12.3418025701	 1
9652.0	12.3437534772	 1
9656.0	12.3467125032	 1
9660.0	12.3507471531	 1
9664.0	12.3545929759	 1
9668.0	12.356817412	 1
9672.0	12.3580525723	 1
9676.0	12.359505475	 1
9680.0	12.3616543384	 1
9684.0	12.3641585266	 1
9688.0	12.3664752048	 1
9692.0	12.3683289339	 1
9696.0	12.369392066	 1
9700.0	12.3699265061	 1
9704.0	12.3711465473	 1
9708.0	12.3732484426	 1
9712.0	12.3753841482	 1
9716.0	12.3769572453	 1
9720.0	12.377930206	 1
9724.0	12.3786454341	 1
9728.0	12.3787473961	 1
9732.0	12.3782597197	 1
9736.0	12.3779752012	 1
9740.0	12.3776829409	 1
9744.0	12.3766730723	 1
9748.0	12.3747854557	 1
9752.0	12.3730171781	 1
9756.0	12.3721772839	 1
9760.0	12.3716414264	 1
9764.0	12.3712242046	 1
9768.0	12.3714663683	 1
9772.0	12.3723192044	 1
9776.0	12.3735990905	 1
9780.0	12.3751131068	 1
9784.0	12.3765135815	 1
9788.0	12.3773390876	 1
9792.0	12.37700643	 1
9796.0	12.3759489068	 1
9800.0	12.37554034	 1
9804.0	12.3760465202	 1
9808.0	12.3766661129	 1
9812.0	12.3768853927	 1
9816.0	12.3773463295	 1
9820.0	12.3788662764	 1
9824.0	12.381055603	 1
9828.0	12.3832367231	 1
9832.0	12.3854615638	 1
9836.0	12.3875826472	 1
9840.0	12.3881876316	 1
9844.0	12.3870613301	 1
9848.0	12.3856743806	 1
9852.0	12.3845402649	 1
9856.0	12.3833630818	 1
9860.0	12.3825080714	 1
9864.0	12.3824277299	 1
9868.0	12.3827229155	 1
9872.0	12.3832116353	 1
9876.0	12.3848123088	 1
9880.0	12.3874887088	 1
9884.0	12.3897107869	 1
9888.0	12.3908045831	 1
9892.0	12.3904993534	 1
9896.0	12.3887576366	 1
9900.0	12.3868232905	 1
9904.0	12.3856380636	 1
9908.0	12.3850076587	 1
9912.0	12.3842896278	 1
9916.0	12.3838009149	 1
9920.0	12.3845996437	 1
9924.0	12.3864618604	 1
9928.0	12.3887924072	 1
9932.0	12.392120556	 1
9936.0	12.3953313364	 1
9940.0	12.3969892574	 1
9944.0	12.3976214521	 1
9948.0	12.3979597212	 1
9952.0	12.3980120637	 1
9956.0	12.3971933858	 1
9960.0	12.3959437141	 1
9964.0	12.3951167359	 1
9968.0	12.3946136304	 1
9972.0	12.3948845083	 1
9976.0	12.3961301269	 1
9980.0	12.3975879998	 1
9984.0	12.3986438792	 1
9988.0	12.3995856713	 1
9992.0	12.4007397161	 1
9996.0	12.4021162958	 1
10000.0	12.6705292325	 1
